9.592773428187363338e-01,9.592699597762223140e-01,9.592668383614226801e-01,9.592577174187444378e-01,9.592615254442642403e-01,9.592727146008226402e-01,9.592720034208573887e-01,9.592801110830171396e-01,9.592500785990636381e-01,9.592589040421998225e-01
-4.808878713716807085e-01,-4.808902738817508737e-01,-4.808928372100814141e-01,-4.808888500887438244e-01,-4.808919131557093385e-01,-4.808877871974266416e-01,-4.808887100302468021e-01,-4.808908631391050625e-01,-4.808858228599491302e-01,-4.808921360887010721e-01
5.177831491038935585e-01,5.177995092351747042e-01,5.178078663998080255e-01,-3.619077847731440034e-01,5.178172539234217053e-01,5.177919521121870927e-01,5.177941709577709162e-01,5.177806027308077264e-01,-3.618896957398788361e-01,-3.619140737575240463e-01
8.875618442316787204e-01,8.875605798857570949e-01,8.875598986601249685e-01,9.527231243412271899e-01,8.875590651750233651e-01,8.875611451088450954e-01,8.875609590739054200e-01,8.875620231609301358e-01,9.527216291723383801e-01,9.527236346100441677e-01
8.891674474668065375e-01,8.891665075672925411e-01,8.891670154355667544e-01,8.891600774045189670e-01,8.891763796953624510e-01,8.892098600579451118e-01,8.891547031901507747e-01,8.891507228632382631e-01,8.891591039343275105e-01,8.891456738088847622e-01
-5.100394818204566638e-01,-5.100421658942686509e-01,-5.100448097738198294e-01,-5.100406779389542455e-01,-5.100455570657467241e-01,-5.100461715347834879e-01,-5.100386893264073906e-01,-5.100395643578811145e-01,-5.100384051716378986e-01,-5.100415107484220778e-01
6.241668156399463596e-01,6.241727299264155926e-01,6.241749691076841078e-01,-2.385047776773671080e-01,6.241621441166373963e-01,6.241041499683014360e-01,6.241887728536872348e-01,6.241932823826034094e-01,-2.384979873650127646e-01,-2.384842418880899206e-01
7.739259897884323003e-01,7.739251943372450482e-01,7.739247604692588434e-01,8.978983227690140456e-01,7.739263174828732161e-01,7.739354877522237608e-01,7.739226000409274997e-01,7.739220054460669296e-01,8.978974889699118389e-01,8.978952718141613998e-01
7.845167697458718115e-01,7.845652013045614215e-01,7.845884732502654835e-01,7.846254202957032575e-01,7.846681431361369752e-01,7.847666567937470194e-01,7.844947133000387263e-01,7.844089816671887538e-01,7.846867069852163645e-01,7.845411848621121065e-01
-5.261668979700736548e-01,-5.261801395567043960e-01,-5.261874229675664871e-01,-5.261923897107475545e-01,-5.262034448550501065e-01,-5.262217471384234013e-01,-5.261629019606073321e-01,-5.261460260125946364e-01,-5.262043104487861278e-01,-5.261769244680842839e-01
7.545347729788312030e-01,7.544783697990100624e-01,7.544515388772414788e-01,-7.356942340052960438e-02,7.543512613638374553e-01,7.542139978018811419e-01,7.545678105087532117e-01,7.546738636880667705e-01,-7.366044833379428725e-02,-7.343946066069326206e-02
6.554692736019718247e-01,6.554816782208441328e-01,6.554871686644616613e-01,8.302292332042396916e-01,6.555077784639069538e-01,6.555393678773505650e-01,6.554616800503126894e-01,6.554391643841629422e-01,8.302501531026234005e-01,8.302010387902918342e-01
6.468217141615281163e-01,6.469887448453115475e-01,6.470666262196459462e-01,6.472151474040414021e-01,6.472999720286430891e-01,6.475370869936853957e-01,6.467899533166530102e-01,6.465078234906105337e-01,6.474317037297262489e-01,6.469726475563852830e-01
-5.264234632410533798e-01,-5.264738644126768508e-01,-5.264978084021874061e-01,-5.265369908096722007e-01,-5.265617100608293022e-01,-5.266288949576319878e-01,-5.264145463954656989e-01,-5.263365335010912194e-01,-5.265989884376657271e-01,-5.264704489501155216e-01
8.936743420452648579e-01,8.934980070696287857e-01,8.934156192856298473e-01,1.215037366330981167e-01,8.931614539798768959e-01,8.928878880784438810e-01,8.937161533031650062e-01,8.940190204828478704e-01,1.211932910061239294e-01,1.218567265412269784e-01
5.319459984309358180e-01,5.319965897274783195e-01,5.320193508261494841e-01,7.474931277723484424e-01,5.320892882863095252e-01,5.321715844640855231e-01,5.319330411137467296e-01,5.318479391856939520e-01,7.475850030668559354e-01,7.473923425233635065e-01
4.869107371162991749e-01,4.872682047115497461e-01,4.874415769975714574e-01,4.877603081086390735e-01,4.878975507835099923e-01,4.883575652863619276e-01,4.868720483347597217e-01,4.862776193028039984e-01,4.882230245591503426e-01,4.872676664476932595e-01
-5.111985826527242205e-01,-5.113299004869921172e-01,-5.113931759473879790e-01,-5.115040939849595514e-01,-5.115518144670750944e-01,-5.117210879035285487e-01,-5.111837155422920276e-01,-5.109740844601073917e-01,-5.116733395742243395e-01,-5.113295329164947445e-01
1.021026918628425317e+00,1.020702764487688485e+00,1.020545794446210408e+00,3.249250728724070170e-01,1.020121076939023874e+00,1.019679764101902864e+00,1.021072262028633881e+00,1.021615737658142287e+00,3.243048646648809541e-01,3.255918219046254336e-01
4.071168712081166818e-01,4.072337590242064431e-01,4.072888581770663929e-01,6.525411630658307649e-01,4.074368819588201074e-01,4.076031642773073616e-01,4.070986851826536856e-01,4.069059018507041325e-01,6.527708020792243326e-01,6.523013272827375975e-01
3.225260350533318832e-01,3.231142513621123591e-01,3.234272025434669073e-01,3.239136628097146753e-01,3.241020790662003104e-01,3.248492807128637860e-01,3.224872762689791061e-01,3.215283200141663689e-01,3.246519834561288897e-01,3.231215066396198043e-01
-4.852351501745902906e-01,-4.855005964421390541e-01,-4.856401926966505966e-01,-4.858527296015112129e-01,-4.859320963673856020e-01,-4.862761391498597874e-01,-4.852151758747353383e-01,-4.847938508176097283e-01,-4.861892364775897701e-01,-4.855015622749572213e-01
1.118266487710101620e+00,1.117820222260895280e+00,1.117587234602255064e+00,5.113973765957104956e-01,1.117052800729700479e+00,1.116465175520386710e+00,1.118308529388670758e+00,1.119042421871920157e+00,5.104767256141785614e-01,5.123901889669643106e-01
2.870343548646643317e-01,2.872339210342716997e-01,2.873359353641791181e-01,5.529443559479776393e-01,2.875673866454498961e-01,2.878412938731297332e-01,2.870126714025758030e-01,2.866892764723549258e-01,5.533666247899089452e-01,5.525008878990284034e-01
1.712554395514810368e-01,1.720633768316756629e-01,1.725527970939043643e-01,1.731230011596172902e-01,1.733496927733931825e-01,1.744043321164449878e-01,1.712264227292153163e-01,1.699490146309475258e-01,1.740761660173445469e-01,1.720526497288919765e-01
-4.564710038004060610e-01,-4.569239076645740250e-01,-4.571951629117970706e-01,-4.575065376109220261e-01,-4.576239116880946867e-01,-4.582313190516368318e-01,-4.564496408134823824e-01,-4.557489253505950244e-01,-4.580500641788834426e-01,-4.569125044505113475e-01
1.176749488280524947e+00,1.176252084174686852e+00,1.175967634964970587e+00,6.622666335347876521e-01,1.175427325787766542e+00,1.174768980252731243e+00,1.176782990365111470e+00,1.177583703111021007e+00,6.611604682426878155e-01,6.635058391357824270e-01
1.764770865552512946e-01,1.767544528342760435e-01,1.769103021493786398e-01,4.577449997155360051e-01,1.772016958200670622e-01,1.775840903764764334e-01,1.764544234998752514e-01,1.760143044983161209e-01,4.583783714789569919e-01,4.570540321298952047e-01
4.404611969603736132e-02,4.501827016468648579e-02,4.569843506365940666e-02,4.622429594967138178e-02,4.647054231270351943e-02,4.780114260492362988e-02,4.403623272219508999e-02,4.256189611979024900e-02,4.726994495996696133e-02,4.495880515276358402e-02
-4.335743497295674875e-01,-4.342669567913635120e-01,-4.347469427230812311e-01,-4.351111970622629221e-01,-4.352717074021459909e-01,-4.362494847356921945e-01,-4.335584211721003056e-01,-4.325290025449551323e-01,-4.358737509278445832e-01,-4.342145379876645728e-01
1.199026575145428541e+00,1.198561556223362246e+00,1.198277034689846809e+00,7.712372297671207244e-01,1.197807823252069026e+00,1.197184732917764505e+00,1.199050993089917805e+00,1.199787495406660964e+00,7.701025990044053637e-01,7.725882553479211934e-01
7.592819034247989818e-02,7.625847849138660262e-02,7.645731032935172700e-02,3.736391674981580091e-01,7.677855115223043703e-02,7.724023847909518292e-02,7.590585487363352146e-02,7.539054377393386575e-02,3.744691291423035695e-01,3.726787171802053988e-01
-5.666322399580437513e-02,-5.560427667682728975e-02,-5.475222722269286468e-02,-5.438240124280092902e-02,-5.413435302288911039e-02,-5.260326969157980842e-02,-5.664874902623038416e-02,-5.817576316011596749e-02,-5.337301914667041264e-02,-5.573138179402995634e-02
-4.242358525987786622e-01,-4.252298725199273322e-01,-4.260239204535841706e-01,-4.263567595282812261e-01,-4.265677774928174903e-01,-4.280555380481355088e-01,-4.242348411055957835e-01,-4.228307678623050569e-01,-4.273339939120580633e-01,-4.250930067068252605e-01
1.194419882920827014e+00,1.194051381706059844e+00,1.193830826312940019e+00,8.427564148411506029e-01,1.193442960302409261e+00,1.192956009103699699e+00,1.194439643932297290e+00,1.195028894288601373e+00,8.417206305234287145e-01,8.440841928740423494e-01
-1.940558772327494186e-02,-1.905995221981467147e-02,-1.885693016620963725e-02,3.030880532131184912e-01,-1.850714998793910604e-02,-1.802837749939560641e-02,-1.942985878523176280e-02,-1.997349331999322131e-02,3.040929857025846395e-01,3.018409635723700579e-01
-1.348900751788282837e-01,-1.338247234967578914e-01,-1.328526058363992957e-01,-1.326966171669469174e-01,-1.324603256729081080e-01,-1.308351972931431351e-01,-1.348519666292067321e-01,-1.363039444574660197e-01,-1.318212017392048074e-01,-1.340185740032857620e-01
-4.351254976374536176e-01,-4.365112278596643414e-01,-4.377697812335645811e-01,-4.379506466813655186e-01,-4.382264096417329835e-01,-4.404250031863347070e-01,-4.351512538409179065e-01,-4.333053532392071583e-01,-4.391377647947461438e-01,-4.362285750299709775e-01
1.172993066965682507e+00,1.172750977719639209e+00,1.172647482051440315e+00,8.864906539124476348e-01,1.172298919494185077e+00,1.172013148156096252e+00,1.173014491846718688e+00,1.173435803882336481e+00,8.856218347871041008e-01,8.876940327308980860e-01
-1.191835516101397985e-01,-1.188674557104381357e-01,-1.187372986886301302e-01,2.445716662980209899e-01,-1.182989087171363030e-01,-1.179027525252347858e-01,-1.192173682814966634e-01,-1.197570647446812020e-01,2.457504568625216157e-01,2.430009016952901502e-01
-1.979947648863132348e-01,-1.970019227738586398e-01,-1.959923363249332917e-01,-1.960459872454186625e-01,-1.958320991680349565e-01,-1.942460556900976743e-01,-1.979393170292656490e-01,-1.992145792761553791e-01,-1.953631862492086757e-01,-1.972414549034959275e-01
-4.730113887572297005e-01,-4.749298500105901821e-01,-4.768771853446458486e-01,-4.767353330141978485e-01,-4.771016657589992049e-01,-4.803128524326961135e-01,-4.730784591072978995e-01,-4.706807884543535714e-01,-4.781345551211004796e-01,-4.744121985538382602e-01
1.141313444579362457e+00,1.141194291381556258e+00,1.141228642088863987e+00,9.122333924367344027e-01,1.140869698758894435e+00,1.140796662645658044e+00,1.141340441725985366e+00,1.141618362457144098e+00,9.115521751350352808e-01,9.132480397409853401e-01
-2.374597236705534020e-01,-2.372250191661908758e-01,-2.372979398584741939e-01,1.937268359238719651e-01,-2.366184933654633948e-01,-2.364528659205570316e-01,-2.375168830166979883e-01,-2.380497106693035270e-01,1.951181072168848840e-01,1.917522971889004946e-01
-2.544344014598195480e-01,-2.535996228993527835e-01,-2.526716370517226307e-01,-2.528701960238246005e-01,-2.526903333648847227e-01,-2.513132119416245924e-01,-2.543720975716040056e-01,-2.553852125079808522e-01,-2.524062672346236713e-01,-2.538431299656795925e-01
-5.461482772928366591e-01,-5.488112376180697138e-01,-5.517771572698806359e-01,-5.510686231749883923e-01,-5.515671388408005527e-01,-5.562334383841310848e-01,-5.462741854269367314e-01,-5.431572404374521712e-01,-5.526888895265261725e-01,-5.479283161256092161e-01
1.100726152274817071e+00,1.100700529631921665e+00,1.100845525191133101e+00,9.271154969704846760e-01,1.100467187722038442e+00,1.100557992158576415e+00,1.100757105129632984e+00,1.100932938416946394e+00,9.266229546705588849e-01,9.278963390136467648e-01
-3.927502216149049152e-01,-3.926560876564114122e-01,-3.931326102792895849e-01,1.443233620258908001e-01,-3.919343913746862751e-01,-3.922062270351298618e-01,-3.928502003272162368e-01,-3.934187915684538295e-01,1.460203807700763412e-01,1.418017743424666299e-01
-3.127740967505742153e-01,-3.122018287337512965e-01,-3.115222257193625000e-01,-3.117407874541687218e-01,-3.116115156780007722e-01,-3.106661427195052672e-01,-3.127180370837910339e-01,-3.133855641785162072e-01,-3.114978027947037376e-01,-3.123841949242439631e-01
-6.652919361550330146e-01,-6.689951683286505801e-01,-6.734290393981915424e-01,-6.718351397884170240e-01,-6.725261688001520355e-01,-6.792527927320545222e-01,-6.654959543974050540e-01,-6.614194536601647467e-01,-6.737013048028686057e-01,-6.675707183503979403e-01
1.047377814615508163e+00,1.047399581673787550e+00,1.047570757377698225e+00,9.348956612216254847e-01,1.047243508075952789e+00,1.047391069053412949e+00,1.047404969949378817e+00,1.047507691824925091e+00,9.346007039195475263e-01,9.353934339001437337e-01
-6.083716871528015435e-01,-6.084766971416541992e-01,-6.096247552489030275e-01,8.878775650532663710e-02,-6.074948932900500198e-01,-6.084582602214291258e-01,-6.085364366016543514e-01,-6.092462613550679862e-01,9.095414474327978560e-02,8.549282495052369646e-02
-3.815439286517149919e-01,-3.813666060829598026e-01,-3.811526957399301030e-01,-3.812181710890287234e-01,-3.811633867601279535e-01,-3.809335669946974368e-01,-3.815079021229794143e-01,-3.817329949313187365e-01,-3.811876675139942439e-01,-3.814004119760570077e-01
-8.439080898513019457e-01,-8.490324892845542148e-01,-8.554643278830198483e-01,-8.526691827848399408e-01,-8.536323137582960685e-01,-8.631649642520629051e-01,-8.442069687623015017e-01,-8.388235488521265104e-01,-8.548768495784923038e-01,-8.468686504641325108e-01
9.730344005352600245e-01,9.730530075026777581e-01,9.731168712614213234e-01,9.363988593322101206e-01,9.730007185635142219e-01,9.730594223490460770e-01,9.730461800489855761e-01,9.730705471857629130e-01,9.363393576061381784e-01,9.365385147957098200e-01
-9.123042304316766327e-01,-9.126416560205525830e-01,-9.147237355417384697e-01,1.844817172810293837e-02,-9.112054529278657000e-01,-9.130898682025974100e-01,-9.125502512162512181e-01,-9.135622092141708617e-01,2.132784719970805265e-02,1.405080072660602752e-02
-4.693145724318908418e-01,-4.696943729387702549e-01,-4.701873598465847737e-01,-4.699336904120947622e-01,-4.699849131057098339e-01,-4.707995322480262868e-01,-4.693102266369879594e-01,-4.689570658903909894e-01,-4.701353941712809736e-01,-4.694872204177009678e-01
-1.096593380222822711e+00,-1.103577514011625516e+00,-1.112464843006362614e+00,-1.108397470010584751e+00,-1.109727036116157528e+00,-1.122833244279360709e+00,-1.096992436038862984e+00,-1.089776326789028582e+00,-1.111261955622423914e+00,-1.100542924987284454e+00
8.661896917712137434e-01,8.661685459006327470e-01,8.659939637880232910e-01,9.303062030473613353e-01,8.662769380771999650e-01,8.661153417401532550e-01,8.661758951499938242e-01,8.660852157412829433e-01,9.305583507388643927e-01,9.299702518661994155e-01
-1.334901913627633663e+00,-1.335427042028670908e+00,-1.338472713302122363e+00,-7.612067046783407842e-02,-1.333395962386298095e+00,-1.336216315576821190e+00,-1.335225403432287683e+00,-1.336673239851152051e+00,-7.222458896049560595e-02,-8.206285849621347550e-02
-5.838053506957245897e-01,-5.849149707476224425e-01,-5.862887848819268166e-01,-5.856961175587437340e-01,-5.858890143634338799e-01,-5.880469929601497281e-01,-5.838375452153118372e-01,-5.826942992065539118e-01,-5.862604898318890534e-01,-5.844212582635610609e-01
-1.431996355893440986e+00,-1.441207755689956960e+00,-1.452550379982662454e+00,-1.447879852212110130e+00,-1.449662580988657634e+00,-1.466764643885621444e+00,-1.432473337032038829e+00,-1.422663641439529281e+00,-1.452185759408539223e+00,-1.437439552613475779e+00
7.143858216908520742e-01,7.143369882068046905e-01,7.139336184242190964e-01,9.140310548088275144e-01,7.146360633141918273e-01,7.142570476446604699e-01,7.143459729821560744e-01,7.141170298457004684e-01,9.146947418628172954e-01,9.130531247366795444e-01
-1.898690812151353935e+00,-1.899146703524749569e+00,-1.902434120608367474e+00,-2.035587867942793006e-01,-1.896637819601481256e+00,-1.899745847860577319e+00,-1.899043110140885782e+00,-1.900869279351849128e+00,-1.983800897779417483e-01,-2.115765538941102031e-01
-7.269871524539881502e-01,-7.289154896904073144e-01,-7.310691539737339539e-01,-7.304859681169971752e-01,-7.308432671986215823e-01,-7.343852364401726174e-01,-7.270466479788597614e-01,-7.248451638998392177e-01,-7.317367449850845640e-01,-7.282362205882590978e-01
-1.831112718229132685e+00,-1.842425414349151414e+00,-1.855048277566151649e+00,-1.851768261455190467e+00,-1.854003254294649405e+00,-1.874275057121690624e+00,-1.831596180109931415e+00,-1.818468435803222594e+00,-1.858847506907382430e+00,-1.838637262831603447e+00
5.122328099203941054e-01,5.123114851066724595e-01,5.121019038963362524e-01,8.854372296844978951e-01,5.127437014942664018e-01,5.125502732280706741e-01,5.121875564975242323e-01,5.118485186674845977e-01,8.865830747967753389e-01,8.836196404394461856e-01
-2.585279318569878360e+00,-2.584830415828199168e+00,-2.586038264315702939e+00,-3.656964741290866794e-01,-2.582256736247422246e+00,-2.583425679788789786e+00,-2.585538043777032780e+00,-2.587524908329812856e+00,-3.592015905667539366e-01,-3.762995179992483230e-01
-8.829927042361289669e-01,-8.855226973668978152e-01,-8.878630479002576070e-01,-8.880141857408151429e-01,-8.885010127458853324e-01,-8.928268837190744822e-01,-8.830530334583961416e-01,-8.797423539628819178e-01,-8.902931197072210256e-01,-8.849628236618584110e-01
-2.209089872457698611e+00,-2.221158467485041754e+00,-2.232342196175020277e+00,-2.233146739695401894e+00,-2.235588792506941758e+00,-2.255896770480827040e+00,-2.209467632392379866e+00,-2.193517071147738751e+00,-2.243833334804204327e+00,-2.218605567691412261e+00
2.811434086918371822e-01,2.818205926875962941e-01,2.828315561044705273e-01,8.470917800069460712e-01,2.824058723216188449e-01,2.835150687697683969e-01,2.811368573412242888e-01,2.805804218765268199e-01,8.487009166537229365e-01,8.442712171286497203e-01
-3.272301851149639784e+00,-3.269050032693099350e+00,-3.264220684176295073e+00,-5.435916004208508623e-01,-3.266193282171323542e+00,-3.261009885578929346e+00,-3.272295808009975104e+00,-3.275014337680031140e+00,-5.360948078225503677e-01,-5.570122067676078759e-01
-1.012607064825806980e+00,-1.015157780607298443e+00,-1.016954457059150441e+00,-1.018167966158470383e+00,-1.018670608448181358e+00,-1.022688285288118948e+00,-1.012645387282554266e+00,-1.008808554391121159e+00,-1.021226060757843168e+00,-1.014969339887336952e+00
-2.424445589083001007e+00,-2.434991354597987545e+00,-2.442449401203061310e+00,-2.447524088350750748e+00,-2.449701285887330826e+00,-2.466110843211336334e+00,-2.424661539185981596e+00,-2.408675929374155977e+00,-2.460048958012856168e+00,-2.434279576097222453e+00
8.144155040310349647e-02,8.338178152549299837e-02,8.651398990795641786e-02,8.102893789482906728e-01,8.462431135503586943e-02,8.830771576367166253e-02,8.150411852362454690e-02,8.012675546039357832e-02,8.123012376432102721e-01,8.064670666693150025e-01
-3.735437086269511209e+00,-3.727361278430734171e+00,-3.714389091625216466e+00,-6.920641322223700653e-01,-3.722111462439598562e+00,-3.707052011655522783e+00,-3.735110980623116639e+00,-3.740932325034105776e+00,-6.838996489600033257e-01,-7.078558369740109990e-01
-1.084880479530936359e+00,-1.087009844800019165e+00,-1.088167665784789406e+00,-1.089827390202905644e+00,-1.090248390320190941e+00,-1.093410336428663365e+00,-1.084901709692651872e+00,-1.081379555871225140e+00,-1.092845320360189776e+00,-1.087075700008502954e+00
-2.411844534208765545e+00,-2.419732655543360700e+00,-2.424046648590996167e+00,-2.430242238232975360e+00,-2.431875566886312789e+00,-2.443470689883374458e+00,-2.411958525641634488e+00,-2.398815304343957955e+00,-2.441355037624523217e+00,-2.420014838402957391e+00
-3.396316310050810638e-02,-3.060424886563753444e-02,-2.572489088397716950e-02,7.873660961169036687e-01,-2.807909176211040303e-02,-2.185896252043294241e-02,-3.385292236219952788e-02,-3.669100858611593075e-02,7.897501077139046366e-01,7.827989498806227076e-01
-3.851184126573072852e+00,-3.838661047696135142e+00,-3.820531158390776838e+00,-7.774152655937134337e-01,-3.829130285646696219e+00,-3.806295844758092795e+00,-3.850685849719641229e+00,-3.861380365418281002e+00,-7.687221979497095292e-01,-7.943431582102211674e-01
-1.106711700451609603e+00,-1.108399343264214076e+00,-1.109261335232259560e+00,-1.110686262929598378e+00,-1.111012889183681462e+00,-1.113505544770672540e+00,-1.106730653579310442e+00,-1.103869299570672258e+00,-1.113154862216764851e+00,-1.108478524635476914e+00
-2.244282330888570876e+00,-2.249987756476151457e+00,-2.252919199800933914e+00,-2.257775401688493666e+00,-2.258930008737780604e+00,-2.267289171007401460e+00,-2.244368465915351329e+00,-2.234621480855511155e+00,-2.266084825561167637e+00,-2.250277390664536803e+00
-7.009855239667278637e-02,-6.577899824792585171e-02,-6.019037823056336278e-02,7.798844604820327486e-01,-6.197034826941012764e-02,-5.430940247240813312e-02,-6.997820262492682186e-02,-7.421868909988060814e-02,7.825725063151744987e-01,7.749373414399551852e-01
-3.714772344242951441e+00,-3.700075323400231042e+00,-3.681102444834956966e+00,-8.098161929525112823e-01,-3.686964798018232070e+00,-3.661297252824687654e+00,-3.714263056655513040e+00,-3.728817994702284366e+00,-8.008577312304087092e-01,-8.265637847624024426e-01
-1.101266664047535926e+00,-1.102652954441649902e+00,-1.103465411613283154e+00,-1.104445442817167722e+00,-1.104703528319616934e+00,-1.106830238132772593e+00,-1.101289796476913718e+00,-1.099014411188583784e+00,-1.106334121554470196e+00,-1.102636820471124102e+00
-2.019369531357873893e+00,-2.023690599714597749e+00,-2.026234796830473694e+00,-2.029320196095159012e+00,-2.030157485911608273e+00,-2.036747954168626862e+00,-2.019456216788307223e+00,-2.012307185583569691e+00,-2.035186530298367824e+00,-2.023652880545176558e+00
-6.072985071144199748e-02,-5.595543055993453668e-02,-5.034484934498506536e-02,7.823941359970235654e-01,-5.126500835295522140e-02,-4.310235927468870909e-02,-6.061832030937600729e-02,-6.579765347377233842e-02,7.852777764445236786e-01,7.773386643579066613e-01
-3.474516849396106277e+00,-3.459539930157459420e+00,-3.441962753934099783e+00,-8.160682596949995204e-01,-3.444647792203418213e+00,-3.419456744600518849e+00,-3.474061563247423656e+00,-3.490442862288715364e+00,-8.072040267575248951e-01,-8.318538397876881207e-01
-1.085029406595367840e+00,-1.086230212676512430e+00,-1.087074690727653614e+00,-1.087664854191859876e+00,-1.087878748363738657e+00,-1.089816604770418307e+00,-1.085056855350033267e+00,-1.083197563943243180e+00,-1.089113399511135949e+00,-1.086112350557540074e+00
-1.790150226240805553e+00,-1.793619402232413229e+00,-1.796067207533591503e+00,-1.797796382987576269e+00,-1.798435309044347452e+00,-1.804012145160586389e+00,-1.790239869063075195e+00,-1.784823516666288468e+00,-1.801968464683261884e+00,-1.793286131646764758e+00
-3.155848147367111556e-02,-2.663884575774952759e-02,-2.126772362343806733e-02,7.899905799435038567e-01,-2.145400842060850299e-02,-1.327037521943610909e-02,-3.145973833442355233e-02,-3.715239014286476904e-02,7.929742040736742492e-01,7.849718318693565955e-01
-3.216130149724499621e+00,-3.201828054073129426e+00,-3.186221787449312171e+00,-8.138486530773271221e-01,-3.186559052590858698e+00,-3.163184512308680141e+00,-3.215736173063755032e+00,-3.232422924812883291e+00,-8.053506608810034884e-01,-8.283747382149432292e-01
-1.065840266370428502e+00,-1.066923951367229062e+00,-1.067806759071374012e+00,-1.068117661908437377e+00,-1.068302905737281483e+00,-1.070131902105721178e+00,-1.065870461683589010e+00,-1.064290006772926622e+00,-1.069264873214165190e+00,-1.066729361511939089e+00
-1.575205570832729940e+00,-1.578113299834933425e+00,-1.580487552574712407e+00,-1.581341645273394159e+00,-1.581851992669771390e+00,-1.586747451111990115e+00,-1.575294435636984902e+00,-1.571016904622900778e+00,-1.584411399730787373e+00,-1.577595460654213300e+00
4.644531995447828687e-03,9.555813997991120107e-03,1.463367278302934310e-02,8.000116182529498632e-01,1.497569686585024928e-02,2.298572709606143405e-02,4.731886603181800766e-03,-1.195385449538025058e-03,8.030300573456211621e-01,7.950946726011841603e-01
-2.971846983709863110e+00,-2.958588047084312223e+00,-2.944878109009723577e+00,-8.106885622160012739e-01,-2.943750774839069440e+00,-2.922537308097259423e+00,-2.971505034871047002e+00,-2.987644659961979698e+00,-8.027098999548007985e-01,-8.239053094384346521e-01
-1.046809018624374366e+00,-1.047813307024989760e+00,-1.048720209207935961e+00,-1.048845788534071399e+00,-1.049011549923449582e+00,-1.050765623460649500e+00,-1.046840497715699758e+00,-1.045447583817398218e+00,-1.049791945774820823e+00,-1.047568034390488512e+00
-1.378330313530759188e+00,-1.380832611080034189e+00,-1.383095982765150112e+00,-1.383426044529555643e+00,-1.383847472919165211e+00,-1.388211456751983208e+00,-1.378415053188904338e+00,-1.374912840751060239e+00,-1.385777757627740581e+00,-1.380224136930876755e+00
4.260920853899596156e-02,4.744211634558899437e-02,5.224406574288124189e-02,8.112804147352490336e-01,5.294182921139094222e-02,6.071332125403329505e-02,4.268752170655960854e-02,3.668984143923321312e-02,8.142932736057865162e-01,8.064907815871497077e-01
-2.749576129826345472e+00,-2.737460907018092193e+00,-2.725415739627075506e+00,-8.089274063439227946e-01,-2.723465204307622844e+00,-2.704385256746756117e+00,-2.749275766791606124e+00,-2.764447281916913912e+00,-8.015391944178584804e-01,-8.208817995654698052e-01
-1.029014315832858628e+00,-1.029960422249029950e+00,-1.030876002091777099e+00,-1.030882719234275324e+00,-1.031034467632217178e+00,-1.032728431244217981e+00,-1.029046069026289478e+00,-1.027782938173096072e+00,-1.031694024427104006e+00,-1.029684270740566454e+00
-1.198559852690435967e+00,-1.200745136736703023e+00,-1.202862402030177247e+00,-1.202893307708396753e+00,-1.203249125197366043e+00,-1.207158596198504297e+00,-1.198638507930861241e+00,-1.195692971939957827e+00,-1.204763203050733589e+00,-1.200109024669717472e+00
8.045031212477235516e-02,8.517461263982992192e-02,8.973446330150745831e-02,8.233592480843395789e-01,9.066403536628293847e-02,9.818379380639011278e-02,8.052159704129874251e-02,7.454758179420381548e-02,8.263421459343019970e-01,8.187046623348840368e-01
-2.548782526507992419e+00,-2.537803385326234729e+00,-2.527194924766010153e+00,-8.088566356926261136e-01,-2.524837502608806794e+00,-2.507751899655171535e+00,-2.548515628106121866e+00,-2.562532812005063221e+00,-8.020831641797193656e-01,-8.196254881542670567e-01
-1.012756916963486020e+00,-1.013657365961035506e+00,-1.014569783696156247e+00,-1.014501824062035595e+00,-1.014642954642997585e+00,-1.016283925988322734e+00,-1.012788321543909298e+00,-1.011618567523912215e+00,-1.015220910605750371e+00,-1.013363961970790150e+00
-1.033907839574404353e+00,-1.035830280704814532e+00,-1.037779937876502689e+00,-1.037648986421693786e+00,-1.037953646429607080e+00,-1.041455871320088988e+00,-1.033979528989349639e+00,-1.031456724044927054e+00,-1.039181309677995380e+00,-1.035205070308731878e+00
1.176656558622020121e-01,1.222695318608876258e-01,1.266198024328260008e-01,8.361479793434704044e-01,1.276965495188192301e-01,1.349702968860859720e-01,1.177313972572962275e-01,1.118347280952913247e-01,8.390862635110294399e-01,8.316285408382733113e-01
-2.366752267797833653e+00,-2.356861186681218800e+00,-2.347501059015215663e+00,-8.101031042028510321e-01,-2.344996043157217436e+00,-2.329745955960099923e+00,-2.366513057409166620e+00,-2.379311796753849073e+00,-8.039432579471776918e-01,-8.197678575505782383e-01
-9.980750563549534160e-01,-9.989376861287654341e-01,-9.998388968170051072e-01,-9.997249819126329262e-01,-9.998577039927177834e-01,-1.001449691079596693e+00,-9.981057546156660853e-01,-9.970061173621734829e-01,-1.000379280956087857e+00,-9.986360374376189730e-01
-8.825233643719804233e-01,-8.842190448018791837e-01,-8.859916837577587190e-01,-8.857809435029521117e-01,-8.860439420235466379e-01,-8.891732917258797775e-01,-8.825878722741591353e-01,-8.804028757106102665e-01,-8.870649274517983240e-01,-8.836269725724229529e-01
1.542770488946818008e-01,1.587572748910393572e-01,1.629249133898782731e-01,8.496967164360664793e-01,1.640918711973241850e-01,1.711313749533691642e-01,1.543382892049054156e-01,1.485494144101986713e-01,8.525816616682643234e-01,8.453093292898560263e-01
-2.200702663979405838e+00,-2.191838250338416394e+00,-2.183577041201259394e+00,-8.121635870378948185e-01,-2.181082692069753026e+00,-2.167517571029630385e+00,-2.200487083254320186e+00,-2.212066768726759669e+00,-8.066024196711322203e-01,-8.208022559224390502e-01
-9.849451792431790365e-01,-9.857752127154304489e-01,-9.866601425540619807e-01,-9.865187966649733298e-01,-9.866446202286278666e-01,-9.881903667788423107e-01,-9.849749829449941929e-01,-9.839302792895479044e-01,-9.871261194627711788e-01,-9.854711598103134129e-01
-7.429459512149252376e-01,-7.444409216492653414e-01,-7.460355355455364768e-01,-7.457933480884026967e-01,-7.460212902437570737e-01,-7.488059935531663491e-01,-7.430034369659475058e-01,-7.410999869418883890e-01,-7.468855020418598833e-01,-7.438939755075658633e-01
1.904771562927445316e-01,1.948346569382180260e-01,1.988410831451748739e-01,8.641211896078244692e-01,2.000599743204302394e-01,2.068783421040172044e-01,1.905346182880413852e-01,1.848702737821294739e-01,8.669478171472430050e-01,8.598614103986820245e-01
-2.048360620284807698e+00,-2.040458407663995999e+00,-2.033176915171994281e+00,-8.145937634096093172e-01,-2.030787905276601357e+00,-2.018771292306710929e+00,-2.048165758178432494e+00,-2.058559325739023116e+00,-8.096085792615534960e-01,-8.222792322429253176e-01
-9.733554950783875892e-01,-9.741566570686215343e-01,-9.750223589370126120e-01,-9.748654899750875957e-01,-9.749855017797897094e-01,-9.764872594416880158e-01,-9.733843226825309447e-01,-9.723843620698213730e-01,-9.754375722123100889e-01,-9.738539321513076663e-01
-6.140808589427357855e-01,-6.153953418969477784e-01,-6.168162655800987215e-01,-6.165705787210579158e-01,-6.167683168829218854e-01,-6.192333486236547557e-01,-6.141316803830382254e-01,-6.124705373338026337e-01,-6.175078366085740011e-01,-6.148992086823698022e-01
2.264877655228421383e-01,2.307256312051001457e-01,2.345878994764025727e-01,8.795638875999937101e-01,2.358329713090675517e-01,2.424431939135856251e-01,2.265419525349254282e-01,2.210104262801385888e-01,8.823297304599018176e-01,8.754266215995251121e-01
-1.908026615103856516e+00,-1.901022730484515977e+00,-1.894623450766290906e+00,-8.170653610541935841e-01,-1.892394458411077451e+00,-1.881802981454598900e+00,-1.907850302434440204e+00,-1.917108723243103441e+00,-8.126289614156723129e-01,-8.238657562114853894e-01
-9.633290305945536591e-01,-9.641041829917974537e-01,-9.649491952211637358e-01,-9.647844258378462934e-01,-9.648994532572753302e-01,-9.663593319389205405e-01,-9.633568685914344343e-01,-9.623945594410210358e-01,-9.653291558968694064e-01,-9.638051234286655333e-01
-4.951069989235279967e-01,-4.962576803124870151e-01,-4.975124774357413959e-01,-4.972789322704401771e-01,-4.974502166952976534e-01,-4.996186275568818558e-01,-4.951516105290652559e-01,-4.937038166478506795e-01,-4.980864108587553796e-01,-4.958142065756984684e-01
2.625041465634196380e-01,2.666267772132873692e-01,2.703588306825728815e-01,8.961746441370178617e-01,2.716127862147680316e-01,2.780275381508909849e-01,2.625554138887652988e-01,2.571594751625210784e-01,8.988790501682711875e-01,8.921543335021251409e-01
-1.778489552108564631e+00,-1.772321848573783054e+00,-1.766722462433850671e+00,-8.193757288400342897e-01,-1.764682832769256970e+00,-1.755403682095975526e+00,-1.778330095363439556e+00,-1.786514114900597860e+00,-8.154582279229569686e-01,-8.253552668514465562e-01
-9.549267106405859851e-01,-9.556782336027715985e-01,-9.565021410851888284e-01,-9.563343053605648514e-01,-9.564450176588603636e-01,-9.578651682561517555e-01,-9.549535902828569789e-01,-9.540237560545065110e-01,-9.568571326818980927e-01,-9.553842469961707495e-01
-3.853839526956987505e-01,-3.863852736110979791e-01,-3.874833668208245152e-01,-3.872701830656620769e-01,-3.874180445764890957e-01,-3.893116147834825846e-01,-3.854228475460614867e-01,-3.841657675616153567e-01,-3.879657926177607630e-01,-3.859939771871033765e-01
2.986726119992653694e-01,3.026853854964149937e-01,3.062991224264904888e-01,9.140982690411797451e-01,3.075504593264277164e-01,3.137823613215749985e-01,2.987212149507145198e-01,2.934597491448950324e-01,9.167420107062596024e-01,9.101888588145143899e-01
-1.658916376544523619e+00,-1.653524675291580870e+00,-1.648653486207145136e+00,-8.214421932204525323e-01,-1.646816381942500573e+00,-1.638744962392441940e+00,-1.658772388253613839e+00,-1.665947935128980761e+00,-8.180121167955334283e-01,-8.266619523292527694e-01
-9.482421020165472392e-01,-9.489721344855954754e-01,-9.497752835423298734e-01,-9.496073858780269550e-01,-9.497143584246492409e-01,-9.510970890241369213e-01,-9.482680852166693874e-01,-9.473667079830211391e-01,-9.501122212596019301e-01,-9.486839961801546428e-01
-2.843750536332703138e-01,-2.852399504803566632e-01,-2.861917483218963110e-01,-2.860026843016739706e-01,-2.861296627994122099e-01,-2.877692316956297347e-01,-2.844087298234854733e-01,-2.833237028126123214e-01,-2.865998886381780353e-01,-2.848989474915320508e-01
3.350781079147256980e-01,3.389872942411973344e-01,3.424934108370221164e-01,9.334625184398462894e-01,3.437346757025279698e-01,3.497967068988641071e-01,3.351242327664504250e-01,3.299931439729005822e-01,9.360475800136446312e-01,9.296573265895189397e-01
-1.548754076083696196e+00,-1.544080168184914115e+00,-1.539873055654829903e+00,-8.232932357645035282e-01,-1.538241243551420112e+00,-1.531279437121694453e+00,-1.548624368125009143e+00,-1.554859839952515976e+00,-8.203182617495605733e-01,-8.278116940212345565e-01
-9.433913996651193123e-01,-9.441019971244156705e-01,-9.448853167633745054e-01,-9.447191473320639687e-01,-9.448229018144610469e-01,-9.461707691660942166e-01,-9.434165698407133149e-01,-9.425402959274379322e-01,-9.452089459902276447e-01,-9.438200360582941206e-01
-1.915877860036701297e-01,-1.923281107318705330e-01,-1.931444453597689903e-01,-1.929806013871098735e-01,-1.930888820026091524e-01,-1.944945025848228426e-01,-1.916167262954729944e-01,-1.906876714600427569e-01,-1.934900759725086128e-01,-1.920346873254504816e-01
3.717303825607451984e-01,3.755431704548237715e-01,3.789518124393372323e-01,9.543614718196957725e-01,3.801784431770032224e-01,3.860843863697632217e-01,3.717741648720945813e-01,3.667668554697168237e-01,9.568909399778414704e-01,9.506530184349007984e-01
-1.447651833215894746e+00,-1.443639488355582534e+00,-1.440037954140624077e+00,-8.250605107918640435e-01,-1.438607531129241224e+00,-1.432662590336975628e+00,-1.447535350261082376e+00,-1.452899863400339608e+00,-8.225080342080800522e-01,-8.289338353308743912e-01
-9.404982371692464094e-01,-9.411914761200641522e-01,-9.419563691277665907e-01,-9.417928992867450333e-01,-9.418939258844843954e-01,-9.432098210076286238e-01,-9.405226919822796683e-01,-9.396685021967500218e-01,-9.422700425341637986e-01,-9.409156844600267133e-01
-1.065286747439793680e-01,-1.071554211965593667e-01,-1.078471735039191054e-01,-1.077080974657362578e-01,-1.077995896147378868e-01,-1.089905758357462839e-01,-1.065533332470663397e-01,-1.057659330269395820e-01,-1.081387217906117360e-01,-1.069063905749459142e-01
4.085410947249238922e-01,4.122656615269985059e-01,4.155869255178182842e-01,9.768289216680238196e-01,4.167964672820263505e-01,4.225613480514291975e-01,4.085826274733813657e-01,4.036902315302023370e-01,9.793069337617330561e-01,9.732087415077678161e-01
-1.355401360561433011e+00,-1.351996426871942436e+00,-1.348946409446773353e+00,-8.269723689149037771e-01,-1.347709255861053057e+00,-1.342693233941780528e+00,-1.355297138899079545e+00,-1.359859267680535444e+00,-8.248099849808284700e-01,-8.302544850168805946e-01
-9.396700155608607163e-01,-9.403480575467527691e-01,-9.410963341869290621e-01,-9.409359692711822820e-01,-9.410347317480109997e-01,-9.423219699226190738e-01,-9.396938588406760218e-01,-9.388588464836661318e-01,-9.414025143352561242e-01,-9.400781443698912332e-01
-2.866968369925594617e-02,-2.919309213923214352e-02,-2.977092672052553124e-02,-2.965529636732071317e-02,-2.973167697495313067e-02,-3.072657706034671865e-02,-2.869047632831307759e-02,-2.803171621614332365e-02,-3.001473849748070855e-02,-2.898502281323966923e-02
4.452839905983960178e-01,4.489295698278381042e-01,4.521738844225724474e-01,1.000794050127689294e+00,4.533654346823240422e-01,4.590059420876023699e-01,4.453233225542198026e-01,4.405348035797855277e-01,1.003225766360759552e+00,9.972525014295205992e-01
-1.271890508797929309e+00,-1.269041122725682813e+00,-1.266492349042592780e+00,-8.293477577461545458e-01,-1.265437786291014888e+00,-1.261267397193701845e+00,-1.271797650927530166e+00,-1.275624405669112615e+00,-8.275437115797182885e-01,-8.320902343131937329e-01
-9.409590644590872799e-01,-9.416241799083641117e-01,-9.423580120054451115e-01,-9.422007496657166525e-01,-9.422976694254984187e-01,-9.435600919497321160e-01,-9.409823941211565845e-01,-9.401636202770280448e-01,-9.426585872941284361e-01,-9.413595774249888803e-01
4.257560463873798218e-02,4.214602109983596467e-02,4.167185837745827903e-02,4.176581091568121878e-02,4.170307606417485158e-02,4.088656331013611200e-02,4.255830734062668319e-02,4.310037453317942802e-02,4.147076256856589010e-02,4.231665239181867100e-02
4.815271411754588060e-01,4.851040421643263434e-01,4.882824387709479019e-01,1.026007029513386515e+00,4.894562159252905387e-01,4.949910935558253233e-01,4.815642638126604869e-01,4.768664616029807402e-01,1.028398594864853077e+00,1.022533112711068837e+00
-1.197064015146583671e+00,-1.194720914099463682e+00,-1.192626628555855994e+00,-8.325876446178228640e-01,-1.191742571481833268e+00,-1.188339389422455650e+00,-1.196981673495489007e+00,-1.200137584137638713e+00,-8.311112716008788315e-01,-8.348394288726466161e-01
-9.442967472190744171e-01,-9.449512858949279392e-01,-9.456731586529316669e-01,-9.455186822179968420e-01,-9.456140908828991609e-01,-9.468561851711837507e-01,-9.443196345071618314e-01,-9.435140502591010669e-01,-9.459696201483991373e-01,-9.446911060868647958e-01
1.078656075611546250e-01,1.075210852446154414e-01,1.071409344725380020e-01,1.072151548985492558e-01,1.071648008696115401e-01,1.065099589331075791e-01,1.078514852246900968e-01,1.082878323793416836e-01,1.069784170695362024e-01,1.076577808317225049e-01
5.165200405107365222e-01,5.200395529536639971e-01,5.231638071543824875e-01,1.051914140228292549e+00,5.243207519705073150e-01,5.297711285948950577e-01,5.165548591049105021e-01,5.119325767688125417e-01,1.054272588661287369e+00,1.048495352776920742e+00
-1.130883495692388996e+00,-1.129000413216300513e+00,-1.127317371349235264e+00,-8.371583341450667959e-01,-1.126591149734418540e+00,-1.123882079424660896e+00,-1.130810860073085733e+00,-1.133357097921660284e+00,-8.359804995708540742e-01,-8.389653623257261605e-01
-9.493800444580487996e-01,-9.500263202616597846e-01,-9.507389515810616976e-01,-9.505866758254466475e-01,-9.506807159863466250e-01,-9.519077592650820874e-01,-9.494024969577481432e-01,-9.486069425075779327e-01,-9.510324469560162974e-01,-9.497692482816448845e-01
1.679302109253929254e-01,1.676627821729820833e-01,1.673677148574106432e-01,1.674241527067844570e-01,1.673851050023331677e-01,1.668763806545192907e-01,1.679189941837784250e-01,1.682596238882713147e-01,1.672402682693795439e-01,1.677689244156510828e-01
5.490083898199761281e-01,5.524824571206760071e-01,5.555650348948854012e-01,1.077448899999467136e+00,5.567063475076242662e-01,5.620959273881158680e-01,5.490406708925510415e-01,5.444769362301469240e-01,1.079781921974035885e+00,1.074071184165691806e+00
-1.073274903204273656e+00,-1.071809012777074743e+00,-1.070497654057053882e+00,-8.435558231518185401e-01,-1.069916601063486628e+00,-1.067834565569450556e+00,-1.073211186344847912e+00,-1.075204700096931365e+00,-8.426493555297589477e-01,-8.449605305542550182e-01
-9.554764403412783214e-01,-9.561164683800982278e-01,-9.568226473307563928e-01,-9.566717264890987060e-01,-9.567641650841272050e-01,-9.579823906293126745e-01,-9.554983364947394753e-01,-9.547096539723138875e-01,-9.571138985398212062e-01,-9.558605655630482145e-01
2.235458630259648527e-01,2.233483986730928073e-01,2.231303422189123697e-01,2.231708299079330216e-01,2.231421780177600400e-01,2.227654159627111552e-01,2.235373262981997788e-01,2.237912270019256078e-01,2.230349393835206750e-01,2.234271385825414014e-01
5.769354414019075561e-01,5.803758959487332891e-01,5.834295603128412111e-01,1.100686100309399729e+00,5.845560474335786960e-01,5.899109755881801753e-01,5.769647244781799245e-01,5.724414572902165599e-01,1.103001534314053345e+00,1.097334004886485692e+00
-1.024043872352009998e+00,-1.022956219549344903e+00,-1.021980938574630793e+00,-8.522304191945886398e-01,-1.021532784894271240e+00,-1.020017579798376151e+00,-1.023988285791151531e+00,-1.025480971321710344e+00,-8.515705106582680539e-01,-8.532711774633835455e-01
-9.610935588841654775e-01,-9.617285378652865591e-01,-9.624308004098305336e-01,-9.622801056874296100e-01,-9.623700041919722725e-01,-9.635867659158984244e-01,-9.611145354917165484e-01,-9.603298723317097441e-01,-9.627198400025074321e-01,-9.614709149160173274e-01
2.754646410310580551e-01,2.753308441101940396e-01,2.751826696674882222e-01,2.752088263117804523e-01,2.751897541518071311e-01,2.749324971698504649e-01,2.754585789039062371e-01,2.756336758219706251e-01,2.751166479472639814e-01,2.753849440301778806e-01
5.969746216287881158e-01,6.003916239567157476e-01,6.034284239198618449e-01,1.118281683160271545e+00,6.045394845597600320e-01,6.098874881646458856e-01,5.970000805519597442e-01,5.924995803243620074e-01,1.120586488104210021e+00,1.114938987457272157e+00
-9.827254927252107031e-01,-9.819812998508871127e-01,-9.813107096221109771e-01,-8.634330050474279261e-01,-9.809837642622015741e-01,-9.799829965950731525e-01,-9.826772012326504546e-01,-9.837151919104021314e-01,-8.629975131309863823e-01,-8.641435381100500690e-01
-9.634416743801025307e-01,-9.640710539674527402e-01,-9.647710621608902581e-01,-9.646191435206759035e-01,-9.647043143466598192e-01,-9.659281536459598527e-01,-9.634609448088792272e-01,-9.626783818770223711e-01,-9.650567149872033568e-01,-9.638073819977120982e-01
3.242561380276184346e-01,3.241804097916790584e-01,3.240959404374836317e-01,3.241090793919424451e-01,3.240987056404024402e-01,3.239505724231261929e-01,3.242523100067138397e-01,3.243554722056220530e-01,3.240568445912282991e-01,3.242119915970317345e-01
6.038418831258041131e-01,6.072409927624821124e-01,6.102701468083342462e-01,1.124610229979347897e+00,6.113621870961344351e-01,6.167301750942937311e-01,6.038621295405036671e-01,5.993700999319904188e-01,1.126908540096505540e+00,1.121261518943389879e+00
-9.483143804899765161e-01,-9.478829982068163185e-01,-9.474900030940129891e-01,-8.769159071589466281e-01,-9.472730333490750887e-01,-9.467429590202135481e-01,-9.482724176207372180e-01,-9.488957096547997461e-01,-8.766854167989484026e-01,-8.773248042348050779e-01
-9.576328690272816191e-01,-9.582528299029025032e-01,-9.589502660450177629e-01,-9.587953465035913281e-01,-9.588715611985617615e-01,-9.601118808389726977e-01,-9.576489646737014194e-01,-9.568686625877331764e-01,-9.592293152636790499e-01,-9.579767454961994888e-01
3.699943346780694142e-01,3.699713806308878028e-01,3.699452311960639284e-01,3.699462587823584836e-01,3.699433158706162406e-01,3.698964394383551513e-01,3.699923553508894236e-01,3.700295619972206462e-01,3.699305237348408659e-01,3.699815198804050631e-01
5.894169450115545050e-01,5.927940633781096924e-01,5.958179909675428432e-01,1.110577734281891660e+00,5.968821347388358900e-01,6.022906871897110159e-01,5.894298095448501362e-01,5.849410315357984613e-01,1.112867437881448707e+00,1.107211824150917900e+00
-9.188025861053189525e-01,-9.186566813021257438e-01,-9.185180218256644435e-01,-8.913891176881174605e-01,-9.183996728516538033e-01,-9.183054750805447197e-01,-9.187657122311454483e-01,-9.190085773187178786e-01,-8.913464911738400165e-01,-8.915197220450393756e-01
-9.357146809727870940e-01,-9.363160587157954851e-01,-9.370068701476388373e-01,-7.687649552542913378e-02,-9.369071481461845874e-01,-9.381727195228711791e-01,-9.357251872991682040e-01,-9.349512226532339376e-01,-7.658928934891107154e-02,-7.730373368677134760e-02
4.117099018840323366e-01,4.117339069001523244e-01,4.117610081775578967e-01,-1.227681454283631735e-01,4.117526136090902122e-01,4.118019920499743636e-01,4.117090574415147586e-01,4.116858838989418401e-01,-1.224637455005364584e-01,-1.232031196495242398e-01
5.420103873603510092e-01,5.453440394605506558e-01,5.483517151740228135e-01,-6.414186315111314318e-01,5.493711562277632243e-01,5.548232676374903471e-01,5.420128490030720059e-01,5.375408056421145941e-01,6.796012162725281192e-01,3.072506359332358716e-01
-8.904818751765033458e-01,-8.905952276861869299e-01,-8.906899217688323267e-01,7.671910708228995013e-01,-8.906575163382631777e-01,-8.909719768884304392e-01,-8.904483838663860285e-01,-8.903413880620011378e-01,7.335817519819454180e-01,-9.516286285724185889e-01
-8.861603541502716119e-01,-8.867268435702958529e-01,-8.874010144419516299e-01,-8.876410956594053825e-02,-8.872687435406908518e-01,-8.885634059408760166e-01,-8.861619363841364283e-01,-8.854046570382926307e-01,6.531203430956250555e-02,-2.066107462381690518e-01
4.466212582813948728e-01,4.466845838788410239e-01,4.467592360707340338e-01,-1.070428630993683766e-01,4.467404403081035591e-01,4.468836637195120476e-01,4.466202865698578606e-01,4.465428803900942656e-01,-6.514924193505350347e-02,-8.716748332477808336e-01
4.469033632514577414e-01,4.501454328022871376e-01,4.531031043809264913e-01,-5.579832770704566958e-01,4.540518291170054233e-01,4.595127888561572060e-01,4.468920880512783911e-01,4.424827689509068240e-01,6.770345856795811912e-01,8.500330305512905360e-01
-8.571767896484000504e-01,-8.575201256204807443e-01,-8.578260769693863974e-01,7.512995620991117507e-01,-8.578639563814135505e-01,-8.585624930742892236e-01,-8.571443706924450900e-01,-8.567191082062141083e-01,7.359512006877071411e-01,-5.267293868503911680e-01
-7.955385593740527117e-01,-7.960477312635143576e-01,-7.966877854928315905e-01,-1.062768175962931494e-01,-7.965132096244847970e-01,-7.978265887139923684e-01,-7.955279325567617965e-01,-7.948056231043265640e-01,7.141672317287737215e-01,-3.564981538671473382e-01
4.695605133459006542e-01,4.696524797258968542e-01,4.697670212178701177e-01,-9.067890017287988380e-02,4.697318954059508389e-01,4.699669769298879807e-01,4.695575606513527900e-01,4.694340387015363270e-01,-7.811013192469978828e-02,-7.758818203366495414e-01
2.905427230270792860e-01,2.936131518042688904e-01,2.964557598511329273e-01,-4.185116756957041328e-01,2.973025928073769752e-01,3.026716504437824140e-01,2.905159623314197415e-01,2.862615271987024590e-01,4.358947458298046418e-01,7.457901938167097455e-01
-8.101890132738518435e-01,-8.107244552544031757e-01,-8.112130642238049028e-01,7.221688042816100106e-01,-8.113016661126123408e-01,-8.123511263746003852e-01,-8.101550084555455555e-01,-8.094519915097198037e-01,8.999976503069160305e-01,-5.396058494979607545e-01
-6.548959962191014395e-01,-6.553266802902361077e-01,-6.559095837276630592e-01,-1.279632612643507861e-01,-6.556943597880177110e-01,-6.569886495589607467e-01,-6.548724094795278505e-01,-6.542095584233542649e-01,6.784720386323419561e-01,-5.537668259007590965e-01
4.738199916580569382e-01,4.739274545119742110e-01,4.740713591267879390e-01,-7.302199654980336130e-02,4.740145130108375793e-01,4.743343174610396562e-01,4.738131919449308227e-01,4.736546584932760373e-01,-1.201758512627815467e-01,-6.640936598529649793e-01
7.070911022472592400e-02,7.350549761401159454e-02,7.613818386224283086e-02,-2.190957273528754135e-01,7.685984945666698986e-02,8.194929614742793578e-02,7.067005934636685915e-02,6.670902272870990468e-02,6.642298580917604944e-01,5.876111350721686666e-01
-7.406119331699948516e-01,-7.412896616924741222e-01,-7.419206338691424207e-01,6.714678955551379724e-01,-7.420388659437672230e-01,-7.433805684866447994e-01,-7.405744669703829830e-01,-7.396513320771017641e-01,7.687412256079625417e-01,-5.325007207219548677e-01
-4.702815566884168685e-01,-4.706263624240952792e-01,-4.711308555506658058e-01,-1.499973910321040216e-01,-4.708975432130770300e-01,-4.721024640749981183e-01,-4.702495352869826006e-01,-4.696695216505313297e-01,6.172435295108218423e-01,-7.713090315870703151e-01
4.548290313151448494e-01,4.549404365640145054e-01,4.551013722648196702e-01,-5.426575268378349554e-02,4.550232855958098455e-01,4.554081889382370907e-01,4.548178808146086660e-01,4.546375033102003083e-01,-1.507808043150375976e-01,-5.356847106407254255e-01
-1.911094283441869823e-01,-1.886805274240220265e-01,-1.863595664648197980e-01,2.270459120668186226e-02,-1.857622950397121442e-01,-1.812024127398263185e-01,-1.911505220808536742e-01,-1.946642940325487015e-01,9.153871355871928683e-01,3.842078396374277727e-01
-6.450344435699038037e-01,-6.457976145890147457e-01,-6.465196917896461892e-01,5.955068988028001664e-01,-6.466517836929231988e-01,-6.481903601756190403e-01,-6.449941943498640473e-01,-6.439259157107972698e-01,6.184977693181360481e-01,-5.008684871727671073e-01
-2.678015217831575256e-01,-2.680728002226875906e-01,-2.684886280031508754e-01,-1.673779578456069395e-01,-2.682756048795542636e-01,-2.693104502219225704e-01,-2.677700910146325608e-01,-2.672855511007502516e-01,5.349314073032401806e-01,-9.662301213808808242e-01
4.151991103010005957e-01,4.153098482124899515e-01,4.154771482591899656e-01,-3.563469680434358522e-02,4.153876993889996094e-01,4.158047790542668820e-01,4.151855251845230632e-01,4.149950793189930431e-01,-1.687554311325947243e-01,-3.996109019346014146e-01
-4.500403376622276186e-01,-4.480260942693115034e-01,-4.460859549935283219e-01,2.668414239510645269e-01,-4.455876502742546763e-01,-4.417747352513536896e-01,-4.500699848304086093e-01,-4.530260781799531622e-01,1.139617766432400980e+00,1.655888033354586675e-01
-5.309554753315902653e-01,-5.317544990593637833e-01,-5.325167441137740321e-01,5.005442058920509529e-01,-5.326582967346374931e-01,-5.342775335722134145e-01,-5.309161802003643515e-01,-5.297794524634856783e-01,4.597152371553226424e-01,-4.481944481693410642e-01
-8.201008337332987841e-02,-8.223021781021647159e-02,-8.256124336590558999e-02,-1.768429162907876884e-01,-8.240066158449421696e-02,-8.321603973179356184e-02,-8.198741212107271692e-02,-8.159629669638052141e-02,4.449188486087868877e-01,-1.103371887765510984e+00
3.655322910287793770e-01,3.656457723083242906e-01,3.658139568726644919e-01,-1.862286084549145612e-02,3.657283749035001863e-01,3.661434523597264512e-01,3.655197694148673015e-01,3.653258601993460419e-01,-1.771084109172393894e-01,-2.698377821231091045e-01
-6.606518750485348423e-01,-6.590402815292996097e-01,-6.574899121289392578e-01,4.707384227356914419e-01,-6.570606906790684709e-01,-6.540742657285159023e-01,-6.606616284176194398e-01,-6.630380440386759444e-01,1.296430627249605561e+00,-3.075142892695093000e-02
-4.143641840378741725e-01,-4.151709714054964140e-01,-4.159393636882922629e-01,4.011793033399790320e-01,-4.160953059734419646e-01,-4.177024060987634679e-01,-4.143303857126346967e-01,-4.131784702652560037e-01,3.085444630564996293e-01,-3.863156659849135699e-01
6.403743483066459685e-02,6.385034245162049538e-02,6.359109908665416810e-02,-5.406052759570145749e-02,6.368978384749197919e-02,6.309106509428893950e-02,6.404844061028154567e-02,6.435855848838585580e-02,3.614548011133183469e-01,-1.174617811997399341e+00
3.187702092841857571e-01,3.188943062876555268e-01,3.190641589844309678e-01,2.156321700428358579e-01,3.189950076101434329e-01,3.193880107115469880e-01,3.187618474729589924e-01,3.185643966852204634e-01,-1.822349138118851131e-01,-1.555613408688624189e-01
-8.025462979714300671e-01,-8.012840466657122906e-01,-8.000794082117823613e-01,-6.518574510812581435e-01,-7.997021400970913962e-01,-7.974676865199622489e-01,-8.025366123858495015e-01,-8.043934569082356045e-01,1.376805745721483953e+00,-1.813734485873445823e-01
-3.097054674233659655e-01,-3.105185708872921779e-01,-3.112861339355778023e-01,7.583415216575213336e-01,-3.114639708851305033e-01,-3.130274464124266354e-01,-3.096796516339280214e-01,-3.085255489581049670e-01,1.754905642233409169e-01,-3.288744387185545404e-01
1.666599403003858892e-01,1.664968477948167713e-01,1.662942444091831118e-01,-1.882611300640426033e-01,1.663407390175059009e-01,1.659197376870871765e-01,1.666610790614100612e-01,1.669059254322040331e-01,9.179013531208856103e-01,-1.194760685168886560e+00
2.842547036257595527e-01,2.843990910185368315e-01,2.845769520954411491e-01,9.404291443613994605e-01,2.845307152970152353e-01,2.849008217006510080e-01,2.842522695939738164e-01,2.840448812522741173e-01,-2.526693571738037325e-01,-5.582818625794241929e-02
-8.828722339652803619e-01,-8.818921779737377564e-01,-8.809656570187283098e-01,-9.987852940951691405e-01,-8.806351544360121464e-01,-8.789970310468998571e-01,-8.828489993398738189e-01,-8.842854573470518842e-01,3.114271430200643009e-01,-2.841824848912971047e-01
-2.224952998845947105e-01,-2.233381369980060316e-01,-2.241251918782715680e-01,-4.927409359112099041e-02,-2.243323349778611475e-01,-2.258881366719756867e-01,-2.224772563378103751e-01,-2.212920180591596009e-01,9.502700324593849057e-01,-2.849465405909328841e-01
2.347990293824731012e-01,2.346572235223821634e-01,2.344985085891138632e-01,5.194856691636565160e-02,2.345094195819646121e-01,2.342187033368274829e-01,2.347938764626802122e-01,2.349874076688577840e-01,8.359292417424901700e-01,-1.184768581693920630e+00
2.667452159220298213e-01,2.669222120556041244e-01,2.671195727384474417e-01,9.408863628623164166e-01,2.670988745989997803e-01,2.674605605454136725e-01,2.667496669329056935e-01,2.665198640817116327e-01,-3.211293214231547011e-01,3.914717329790558947e-02
-9.210676620735763764e-01,-9.203089862527732423e-01,-9.195962199833667139e-01,-9.910852473450876277e-01,-9.193113829170258544e-01,-9.181137225091111631e-01,-9.210371863458387542e-01,-9.221498789222197789e-01,5.440338061195300057e-01,-3.500912389456751761e-01
-1.495242724144492386e-01,-1.504437048138093647e-01,-1.512952246876683171e-01,3.016060163943033029e-02,-1.515413972439230428e-01,-1.531820010103645269e-01,-1.495122254355384928e-01,-1.482285661270882904e-01,9.112467475044583320e-01,-2.582180442065610260e-01
2.807385417681002027e-01,2.806187894159331009e-01,2.804955683056291060e-01,2.254183075324827923e-01,2.804862567613091717e-01,2.802871030397806607e-01,2.807304557196118600e-01,2.808822757530665126e-01,7.640851988771191206e-01,-1.159971329934713635e+00
2.688562866767996717e-01,2.690838714633900786e-01,2.693183673576403647e-01,1.015809500277783606e+00,2.693256694019480202e-01,2.697043401624487080e-01,2.688687232809481298e-01,2.685968012814747841e-01,-4.207760544243244194e-01,1.452433965519492609e-01
-9.351182430040442251e-01,-9.345371792327791249e-01,-9.339916223757606106e-01,-9.708170738822806678e-01,-9.337515008922534498e-01,-9.328818231884529188e-01,-9.350848145447693271e-01,-9.359443351773599762e-01,7.047044637601151962e-01,-3.927153778775084314e-01
-8.222958447855739650e-02,-8.329953900734314576e-02,-8.428682819445026952e-02,1.186870003014523223e-01,-8.458812477140822961e-02,-8.645884977243274705e-02,-8.222135648905393168e-02,-8.073117932815766784e-02,9.410156039026951191e-01,-2.496597112324338563e-01
3.152989408141064209e-01,3.152050098221718666e-01,3.151141280292697466e-01,3.653218510091706950e-01,3.150965038753725800e-01,3.149644213176079899e-01,3.152905526658232316e-01,3.154045630286679280e-01,6.965216451743326820e-01,-1.126599105063665673e+00
2.937275528608885300e-01,2.940332573360483481e-01,2.943311882944005253e-01,1.189588843358426740e+00,2.943714707299838196e-01,2.948032250900848861e-01,2.937499757217623131e-01,2.934061721496953323e-01,-5.745657471336437228e-01,2.838175691941542400e-01
-9.361590116443594400e-01,-9.357342853342823785e-01,-9.353332244886457536e-01,-9.432854527359496588e-01,-9.351376678695749733e-01,-9.345405565432747252e-01,-9.361247398949901211e-01,-9.367656610339365475e-01,8.287323020201485813e-01,-4.233119305831658519e-01
-8.845454168713906551e-03,-1.017714576116117431e-02,-1.140646367890324475e-02,2.340992125099535803e-01,-1.178980347776600879e-02,-1.410143479518050080e-02,-8.839039047123478654e-03,-6.980478255729810622e-03,1.054742441001988995e+00,-2.602115755900261118e-01
3.469653547281330574e-01,3.469051901512203440e-01,3.468495331772350476e-01,5.021499732959943119e-01,3.468328494845007159e-01,3.467578140926988461e-01,3.469588245469255039e-01,3.470320844181283282e-01,6.222025966020583443e-01,-1.082507040676430554e+00
3.466366869085929503e-01,3.470617555758144235e-01,3.474617457477954807e-01,1.498166222710370921e+00,3.475437501021272357e-01,3.480794161737593151e-01,3.466724525749452224e-01,3.462127666154557470e-01,-8.138002608603980281e-01,4.828285261869856848e-01
-9.283696196423385505e-01,-9.281067194246783725e-01,-9.278545897954798560e-01,-9.067824012073327777e-01,-9.277070131227336258e-01,-9.273869908493200809e-01,-9.283351275955118442e-01,-9.287505946993679373e-01,9.452826214925493797e-01,-4.500005519393809328e-01
8.526665014686056476e-02,8.350856013685190038e-02,8.188140199193953694e-02,3.996812783222530863e-01,8.137287286437787370e-02,7.831844144242793015e-02,8.527285639731926881e-02,8.773745675883506956e-02,1.276236472507637831e+00,-2.922527646292994996e-01
3.825917580905878190e-01,3.825791621416436694e-01,3.825686398757763840e-01,6.650396731920371618e-01,3.825608217681080170e-01,3.825468017594400583e-01,3.825891789475073801e-01,3.826106436265761523e-01,5.257227420501211501e-01,-1.018889889559247530e+00
4.353001228488889152e-01,4.359027227628994305e-01,4.364593875905758424e-01,1.990413406286952069e+00,4.365951107130046638e-01,4.373070698774832454e-01,4.353540223583147739e-01,4.347159456439189662e-01,-1.178953280867133246e+00,7.773896572124877613e-01
-9.105456376875297186e-01,-9.104817345811334617e-01,-9.104136729607053002e-01,-8.540247131277646231e-01,-9.103244458711858833e-01,-9.103482892819668715e-01,-9.105108121689781120e-01,-9.106471017687206571e-01,1.079416719708739647e+00,-4.786293458399434320e-01
2.177817798683693851e-01,2.153609046959708839e-01,2.131142848831388825e-01,6.446669722228861588e-01,2.124146260925047769e-01,2.081965750559875428e-01,2.177886677601224841e-01,2.211971823449948582e-01,1.639076218579928801e+00,-3.498384930153315975e-01
4.280708557808761694e-01,4.281264900317930389e-01,4.281787692159862990e-01,8.827452204229935262e-01,4.281869234535341517e-01,4.282522008664707558e-01,4.280744618753090647e-01,4.280240589297968912e-01,3.885035567511659904e-01,-9.223650445222221217e-01
5.683499555403473957e-01,5.692043716060183334e-01,5.699893881928520534e-01,2.720666209062074348e+00,5.701907124495474433e-01,5.711797259445839936e-01,5.684276037863118525e-01,5.675287833942772586e-01,-1.714830232095633011e+00,1.206273345921582418e+00
-8.778853508138170225e-01,-8.780937960754517935e-01,-8.782787173927448787e-01,-7.738983299544246464e-01,-8.782684643556589732e-01,-8.787667080804204556e-01,-8.778499890370240477e-01,-8.776019825389228535e-01,1.253914206820833543e+00,-5.136416950629291156e-01
4.081539330226026108e-01,4.047516514953903854e-01,4.015902591978925962e-01,1.001339405113076175e+00,4.006045281849235362e-01,3.946745734208287892e-01,4.081608871171077957e-01,4.129629138964148738e-01,2.180697733138476035e+00,-4.375501833707634014e-01
4.880835885422011855e-01,4.882336979749872796e-01,4.883734589934642378e-01,1.180499736322244031e+00,4.884027739677226920e-01,4.885802287321674431e-01,4.880955498748964505e-01,4.879449950894922394e-01,1.923378022709775759e-01,-7.785409735135295772e-01
7.510569960264920075e-01,7.522438287696160408e-01,7.533398921071915444e-01,3.726424431855778430e+00,7.536110496654224722e-01,7.550073373603886084e-01,7.511630800005831832e-01,7.499082346904279994e-01,-2.455039713912814392e+00,1.799977850433212012e+00
-8.241333448501182435e-01,-8.247231146292200998e-01,-8.252618085284862959e-01,-6.544333104896425946e-01,-8.253636216841258033e-01,-8.265222337156240551e-01,-8.240978213818910270e-01,-8.233121336176059124e-01,1.487660558716332959e+00,-5.581866475702094155e-01
6.727042457814931264e-01,6.679359619082284594e-01,6.635095645695939792e-01,1.495115417279922587e+00,6.621126111750986754e-01,6.538413881151527995e-01,6.727076292388388667e-01,6.794353922924898370e-01,2.925365736778750669e+00,-5.574861516529849848e-01
5.645615697332472260e-01,5.648327405945204882e-01,5.650877168623359426e-01,1.570572702113089969e+00,5.651386929387369751e-01,5.654731772521618405e-01,5.645832892502361533e-01,5.643006919998451165e-01,-7.297501286766702733e-02,-5.785441311836937439e-01
9.782396444712923023e-01,9.798232671029482033e-01,9.813062750129628586e-01,4.989772256563810515e+00,9.816334014680279108e-01,9.835821966057833876e-01,9.783750533218023016e-01,9.766767133636872211e-01,-3.393920238612928131e+00,2.558400123101926660e+00
-7.447955792276322873e-01,-7.458977259636084822e-01,-7.469085381905473664e-01,-4.882359458741313829e-01,-7.471668598139104001e-01,-7.491951306124682297e-01,-7.447615883575714468e-01,-7.432585124561246204e-01,1.789050344776091706e+00,-6.132619659872732276e-01
1.014819513106787419e+00,1.008301764770417996e+00,1.002272041552341619e+00,2.125979167490310573e+00,1.000321027854495393e+00,9.891357190911406194e-01,1.014810894522902629e+00,1.023977394910778216e+00,3.855422114023775215e+00,-7.045346305303893386e-01
6.545010535543421826e-01,6.549112577970219728e-01,6.553043423147725255e-01,2.039328375253928627e+00,6.553700787234845171e-01,6.559091186039777144e-01,6.545322734333880454e-01,6.540913944266442126e-01,-3.994612826521964921e-01,-3.275522571860475241e-01
1.227778346581321234e+00,1.229776802346042919e+00,1.231687537258447929e+00,6.399930617548480249e+00,1.232032696284664608e+00,1.234655604971188536e+00,1.227937655780203308e+00,1.225749320980961343e+00,-4.457726710320694785e+00,3.426984583401015083e+00
-6.412333846684247218e-01,-6.429684464675621269e-01,-6.445558378580547032e-01,-2.795913150789788304e-01,-6.450187327877198173e-01,-6.480875212385853734e-01,-6.412043829320859256e-01,-6.388256028465646441e-01,2.146779074358239559e+00,-6.764245559541266495e-01
1.413744159986106252e+00,1.405218959386977051e+00,1.397375980004295970e+00,2.848629333626844229e+00,1.394745644943643059e+00,1.380348064638106109e+00,1.413710151638808643e+00,1.425632772461508546e+00,4.884300077794557104e+00,-8.624072907879037908e-01
7.492459249531238097e-01,7.497962801418078804e-01,7.503364231379855420e-01,1.489366947386869533e-01,7.504033639189366944e-01,7.511808582369442489e-01,7.492844325627812108e-01,7.486753514956872024e-01,1.298819246359753654e-01,-4.933201068003334466e-02
1.462125427503415898e+00,1.464491208659301380e+00,1.466810047419935481e+00,9.750965453976877528e-01,1.467120078637307978e+00,1.470460168659599498e+00,1.462297376047876796e+00,1.459643016536334104e+00,-3.618854088039796801e-02,4.294949099512337831e+00
-5.231432553532886498e-01,-5.255769327978285776e-01,-5.277915507566703912e-01,-9.846059185711127926e-01,-5.284955380343576703e-01,-5.326673791493475862e-01,-5.231238517008229838e-01,-5.197927228629286578e-01,6.713240068916146441e-01,-7.415480067314444979e-01
1.822395009457455695e+00,1.811864881222534862e+00,1.802244337033393595e+00,1.747889730925133167e-01,1.798880448024374523e+00,1.781438255007230520e+00,1.822321016938784455e+00,1.836944841285211849e+00,7.411640019395082657e-01,-1.005325492252167496e+00
8.372585394543440307e-01,8.379320012215153435e-01,8.386096787001542374e-01,2.093678262699376069e-01,8.386631377510518348e-01,8.396839486536407104e-01,8.373010153150484136e-01,8.365353081342290498e-01,7.913372322449263585e-01,-2.711140481395268309e-01
1.641857981117955889e+00,1.644487600719713116e+00,1.647131629779593043e+00,1.127713976002773677e+00,1.647360857796653200e+00,1.651345684158735061e+00,1.642029715833426939e+00,1.639006567837411055e+00,1.765974449671084134e-01,9.435329957571320092e-02
-4.061279415983732322e-01,-4.092402202953399626e-01,-4.120543334566281191e-01,-9.686974302354801614e-01,-4.130085214271304594e-01,-4.182047204984026822e-01,-4.061220948111196050e-01,-4.018805737877235718e-01,2.357697824867746594e-01,2.582424855267037023e-01
2.182897620873028188e+00,2.170678118646214738e+00,2.159594433710620986e+00,2.968705728088633089e-01,2.155554931563089305e+00,2.135715447569460412e+00,2.182774604626135151e+00,2.199623061016912295e+00,9.718089368112124982e-01,-9.660801305631898650e-01
9.091399403919298017e-01,9.099080327741628782e-01,9.106987033314728475e-01,2.600478735014765119e-01,9.107291939687245375e-01,9.119660574648562612e-01,9.091833546687844159e-01,9.082897992985329294e-01,7.965043656581620724e-01,-2.658215029954619779e-01
1.742865714408358802e+00,1.745633052177617106e+00,1.748480440311907191e+00,1.229370145295449079e+00,1.748609432527969965e+00,1.753065501907188350e+00,1.743027614115380652e+00,1.739776904900200982e+00,1.253614174608042031e-01,1.284062029091622148e-01
-3.050120115319825409e-01,-3.087026881882247720e-01,-3.120194366964569310e-01,-9.516195629221751995e-01,-3.132004674834667490e-01,-3.192303565939884624e-01,-3.050212874042717015e-01,-3.000159160829091176e-01,2.792333348227837297e-01,2.132385692813535683e-01
2.451698010814351125e+00,2.438334473916986767e+00,2.426292507469850701e+00,4.142659955381752801e-01,2.421740743534011031e+00,2.400435540517967148e+00,2.451527046891098571e+00,2.469835351415098135e+00,1.054482648883710239e+00,-1.091872028260022720e+00
9.609294550313076666e-01,9.617615388311123725e-01,9.626341476742383829e-01,2.975001941279435402e-01,9.626395470479035543e-01,9.640442944171900841e-01,9.609719022365104113e-01,9.599863987639435381e-01,7.984141310917747258e-01,-2.611844447530543012e-01
1.763237555124000266e+00,1.766027119757206165e+00,1.768951794887644535e+00,1.275856962817622398e+00,1.768987946970119962e+00,1.773697865216822045e+00,1.763385028399036880e+00,1.760051333613985136e+00,6.507167653038149757e-02,1.580015647794717482e-01
-2.282301939760478793e-01,-2.323554311399627370e-01,-2.360436046519516495e-01,-9.364226709237204460e-01,-2.374051509607407739e-01,-2.440325533224636245e-01,-2.282534640326098763e-01,-2.226829354357222346e-01,3.112112507937641603e-01,1.788822380915234267e-01
2.614131165507470822e+00,2.600235484910505601e+00,2.587781546186576520e+00,5.176998419615550517e-01,2.582933719618009771e+00,2.561111722229983290e+00,2.613922126688986936e+00,2.632862066904373854e+00,1.089587531303825019e+00,-1.170646087304221483e+00
9.937325212355990756e-01,9.946020884857439404e-01,9.955269045589546506e-01,3.218356610758088543e-01,9.955103343702165208e-01,9.970298933504844197e-01,9.937731839163591596e-01,9.927297101507590593e-01,7.984374199447614728e-01,-2.577083770318182587e-01
1.717102319779761688e+00,1.719826168105393016e+00,1.722722704061759202e+00,1.274818238157503725e+00,1.722687940241155902e+00,1.727448825204904059e+00,1.717234601127621607e+00,1.713937511626371313e+00,1.220314056281118775e-03,1.821452624753072680e-01
-1.770250622657893458e-01,-1.814381853934831368e-01,-1.853678446429941340e-01,-9.249044008795209715e-01,-1.868563719513546273e-01,-1.938586424007051612e-01,-1.770595215708309911e-01,-1.711208930995492539e-01,3.318991699027860620e-01,1.558577867742106660e-01
2.680372922968150995e+00,2.666484348269611449e+00,2.654088333762841145e+00,6.033868491541315437e-01,2.649153825843332033e+00,2.627597081168668858e+00,2.680139459839872007e+00,2.698997590439759175e+00,1.084027560258432166e+00,-1.206476704386534760e+00
1.011316138961865452e+00,1.012202989642465134e+00,1.013155757948030811e+00,3.352328976215561140e-01,1.013122353378799412e+00,1.014710048485668148e+00,1.011354853477348659e+00,1.010280856374228708e+00,7.977656589870480985e-01,-2.555344654105622948e-01
1.624125247239849967e+00,1.626724616957225589e+00,1.629517065437776635e+00,1.238747969310959318e+00,1.629435510865892667e+00,1.634090383367307275e+00,1.624243405340759283e+00,1.621068159282222476e+00,-6.213609196885008096e-02,2.010835949554972968e-01
-1.480927439032876936e-01,-1.526695371286041769e-01,-1.567326326483840515e-01,-9.176389959579257516e-01,-1.582995395938934236e-01,-1.654973479573217665e-01,-1.481351646364836849e-01,-1.419925887696371902e-01,3.432370435452787305e-01,1.427888670895285372e-01
2.672357272845430565e+00,2.658879105813042543e+00,2.646886078623673200e+00,6.717807483741066177e-01,2.642031938440124961e+00,2.621295919375066230e+00,2.672112329341268744e+00,2.690363699435205369e+00,1.048722988873265205e+00,-1.208855652955322935e+00
1.017936657539542100e+00,1.018826524089251340e+00,1.019789325573116523e+00,3.404216765966959213e-01,1.019744064789156246e+00,1.021363937818596801e+00,1.017973530083651656e+00,1.016889119359444260e+00,7.972267683370284352e-01,-2.545867121294947411e-01
1.502252769119463816e+00,1.504692472422857419e+00,1.507332172084062449e+00,1.179727939673609116e+00,1.507223735056885339e+00,1.511666384350197845e+00,1.502358346796215827e+00,1.499358978887743721e+00,-1.226095573217757251e-01,2.156384106345144991e-01
-1.365773232002713833e-01,-1.412239004670980957e-01,-1.453397512966494998e-01,-9.144485163006224049e-01,-1.469466642178296478e-01,-1.542089483509451464e-01,-1.366248419475368792e-01,-1.304011284538000581e-01,3.476063769561109629e-01,1.375681644986964380e-01
2.612948281273190343e+00,2.600147015919459736e+00,2.588781416693833659e+00,7.253918524405180701e-01,2.584123977553845375e+00,2.564559367349998453e+00,2.612701963648338843e+00,2.630004305497071204e+00,9.941201155997091421e-01,-1.187845013646731784e+00
1.017227666186808044e+00,1.018110933678763930e+00,1.019071338959261386e+00,3.398390896840795539e-01,1.019018179921710399e+00,1.020644699708101344e+00,1.017262864760088537e+00,1.016181895196484497e+00,7.973214147598154389e-01,-2.547065663099614685e-01
1.365031741465025705e+00,1.367293304227664041e+00,1.369752512191964477e+00,1.107224150339701341e+00,1.369631406137053586e+00,1.373797668612443346e+00,1.365126167728885287e+00,1.362333109100611228e+00,-1.790652846652610597e-01,2.267336211589829065e-01
-1.378866425655306815e-01,-1.425369575711972203e-01,-1.466492795017974582e-01,-9.148521829364628655e-01,-1.482683893626082772e-01,-1.555050723048504724e-01,-1.379370366101521639e-01,-1.317180326026173021e-01,3.471156904067964621e-01,1.381769949411418841e-01
2.520852315616255002e+00,2.508885194908551775e+00,2.498277146354897837e+00,7.671807213835368788e-01,2.493888975729505741e+00,2.475692041520469733e+00,2.520611618007848609e+00,2.536765876234882811e+00,9.283491551669352804e-01,-1.151752323944330580e+00
1.011912045663827753e+00,1.012782445945568766e+00,1.013732192391614717e+00,3.353612155331676670e-01,1.013673984946926510e+00,1.015289941879987001e+00,1.011945721506589013e+00,1.010877352965008136e+00,7.983287099061736614e-01,-2.557315430777054588e-01
1.221673745363712316e+00,1.223749752491983811e+00,1.226015214076159321e+00,1.027875630597581136e+00,1.225890775141108557e+00,1.229746718399742589e+00,1.221758193787676250e+00,1.219185692677739574e+00,-2.311212694343282303e-01,2.351746593623514070e-01
-1.483711933062966115e-01,-1.529809305674625364e-01,-1.570521886463464578e-01,-9.183363840110573273e-01,-1.586644110128936358e-01,-1.658160942361345813e-01,-1.484228621325772712e-01,-1.422659415256045945e-01,3.433802733397159912e-01,1.430001462688593461e-01
2.409634080639966314e+00,2.398580987548652566e+00,2.388794673508136679e+00,7.997824985649659713e-01,2.384715958041280448e+00,2.367977374582750372e+00,2.409403440882496028e+00,2.424310917964432655e+00,8.570817972583639754e-01,-1.106642614979989281e+00
