9.592519905406373670e-01,9.592667371737604309e-01,9.592595427220385051e-01,9.592406421696830776e-01,9.592883906580746967e-01,9.592543604209243790e-01,9.592798850892769735e-01,9.593007092270804392e-01,9.592347152694673529e-01,9.592559167799606934e-01
-4.808901526258381187e-01,-4.809079912278253488e-01,-4.808913586085365455e-01,-4.808939224577905014e-01,-4.808911729910788080e-01,-4.808952532175926331e-01,-4.808897230299877812e-01,-4.808877409632552613e-01,-4.808928028069110461e-01,-4.808985925372161740e-01
-3.618986448098157060e-01,-3.619484120693896578e-01,5.178204334435307921e-01,-3.618819098486775188e-01,5.177649438258352665e-01,5.178340423729905773e-01,5.177799615343666728e-01,5.177382144062833147e-01,-3.618694522714147599e-01,-3.619164538630667005e-01
9.527223440764341911e-01,9.527263728040313850e-01,8.875590421716188505e-01,9.527210558861435308e-01,8.875633821997976902e-01,8.875577986489550097e-01,8.875621251149780067e-01,8.875653722016252356e-01,9.527199277288068702e-01,9.527237830938359853e-01
8.890833659620893670e-01,8.890755534936571891e-01,8.891625020144040548e-01,8.891217566856448595e-01,8.891644878790605500e-01,8.891337931452748533e-01,8.891114605599095277e-01,8.891884841728828759e-01,8.890773414033299460e-01,8.891369423394389626e-01
-5.100310276107233864e-01,-5.100451405882646672e-01,-5.100435270851664260e-01,-5.100410292535857426e-01,-5.100412454689658981e-01,-5.100432864999930871e-01,-5.100326913789050565e-01,-5.100406270406996345e-01,-5.100337906749581318e-01,-5.100463456501909132e-01
-2.383710505697165805e-01,-2.383843098702836394e-01,6.241834738182915343e-01,-2.384428421214020988e-01,6.241694429207664818e-01,6.242318239502047117e-01,6.242521143851138543e-01,6.241259797992221303e-01,-2.383625429386045935e-01,-2.384778433824701060e-01
8.978785918488685347e-01,8.978801406888162751e-01,7.739239733459362114e-01,8.978891880427204431e-01,7.739255958543318492e-01,7.739166452920553940e-01,7.739133241141582520e-01,7.739318289860354083e-01,8.978770679437690916e-01,8.978940820243993537e-01
7.842925043070058111e-01,7.841100635210428438e-01,7.846318331859546413e-01,7.845580451563116675e-01,7.844064439378716225e-01,7.845114996115543082e-01,7.842233416920948441e-01,7.844303155894253310e-01,7.843930086818394765e-01,7.845123757968557321e-01
-5.261227043018986693e-01,-5.260961714899857755e-01,-5.261969176213843191e-01,-5.261837249095788760e-01,-5.261447217624725115e-01,-5.261750766459887263e-01,-5.261049106798030284e-01,-5.261458104416779635e-01,-5.261476292093099083e-01,-5.261760114745990258e-01
-7.303245067039779159e-02,-7.277355441452590390e-02,7.544005106893543200e-01,-7.346341006308493293e-02,7.546706993358732740e-01,7.545615540043850711e-01,7.549148788560778867e-01,7.546288495694117859e-01,-7.319306936897321259e-02,-7.340286498736284249e-02
8.301142860227472831e-01,8.300555203959878448e-01,6.554995217317042266e-01,8.302066828371875706e-01,6.554393788101575691e-01,6.554650388963884078e-01,6.553871188957817173e-01,6.554480582151487322e-01,8.301483581847440840e-01,8.301921489045295255e-01
6.463390008054912261e-01,6.457237015354899690e-01,6.472383983278521269e-01,6.471104061123448270e-01,6.464467425216687824e-01,6.469087731810945208e-01,6.460126724516519481e-01,6.464432399963753184e-01,6.467024660023961147e-01,6.469015065038031809e-01
-5.262914173374322324e-01,-5.261250074232144414e-01,-5.265483178368789430e-01,-5.265132612915827126e-01,-5.263173685480979636e-01,-5.264595461680237065e-01,-5.261946587309411782e-01,-5.263122819182600720e-01,-5.263973321830089924e-01,-5.264541818085718416e-01
1.228069426121816826e-01,1.236753696488719495e-01,8.932356104265819496e-01,1.216602109504423129e-01,8.940754787312845675e-01,8.936045038926879736e-01,8.945693199638393711e-01,8.940633981247997353e-01,1.222730525881250280e-01,1.219517239674134668e-01
7.471255839476410587e-01,7.468705018918574412e-01,5.320733723474676546e-01,7.474495361975026508e-01,5.318303526409527970e-01,5.319697523075562762e-01,5.316913765254802637e-01,5.318332540422662236e-01,7.472760519937798884e-01,7.473627687920377793e-01
4.860618094112004184e-01,4.847554145985952245e-01,4.878351722888160102e-01,4.876178802405359836e-01,4.861064224171159909e-01,4.871582519956698665e-01,4.853230159536924271e-01,4.860290355824127273e-01,4.868501878583814668e-01,4.871457622516007779e-01
-5.109015954500893963e-01,-5.104349243783258272e-01,-5.115385097948467186e-01,-5.114597209476605677e-01,-5.109090318905277206e-01,-5.113026901886279507e-01,-5.106307921679248407e-01,-5.108770051735337381e-01,-5.111856358943381862e-01,-5.112877128259388781e-01
3.272582178653859475e-01,3.289944255331239686e-01,1.020193873714358324e+00,3.251254473945282553e-01,1.021759066560617768e+00,1.020827928541953922e+00,1.022516325232966317e+00,1.021808081604521190e+00,3.261881054690503046e-01,3.257490464907426553e-01
6.517114619366107808e-01,6.510724488531939302e-01,4.074198648430573111e-01,6.524711580396138633e-01,4.068514906522368579e-01,4.071954119177779718e-01,4.065829878534494290e-01,4.068331826435162002e-01,6.520923391623614229e-01,6.522398765737376092e-01
3.212739147699947284e-01,3.191813239291929616e-01,3.241118927646073899e-01,3.237505806031447664e-01,3.212058459428688284e-01,3.229751853305158349e-01,3.200712989894021199e-01,3.209879343225286452e-01,3.225727796553534699e-01,3.229858496433777315e-01
-4.846883853858963698e-01,-4.837481273441909257e-01,-4.859530671855493145e-01,-4.857880240441329045e-01,-4.846437895877475088e-01,-4.854571066719101657e-01,-4.841440700233576866e-01,-4.845420888065884446e-01,-4.852662341991873518e-01,-4.854400534283268009e-01
5.147489925029989921e-01,5.173411114551911272e-01,1.117079302546603037e+00,5.116145397908690162e-01,1.119269419310161773e+00,1.117954537319137298e+00,1.120195973261462141e+00,1.119401641682224557e+00,5.131194307749186168e-01,5.125584880575499991e-01
5.514640564570449932e-01,5.502814856957686240e-01,2.875691926245281249e-01,5.528508000160546887e-01,2.865835152975155786e-01,2.871843207435543777e-01,2.861756792831577356e-01,2.865237028421022680e-01,5.521846325511342579e-01,5.524173585029321654e-01
1.696604789699604210e-01,1.669344751978962815e-01,1.735453935459741470e-01,1.729729898336276050e-01,1.694605676943835570e-01,1.719004707748990057e-01,1.680938047845811634e-01,1.690290831623357526e-01,1.714328599536059095e-01,1.719916680085704364e-01
-4.556001397055897684e-01,-4.540624137298229224e-01,-4.577599052596890150e-01,-4.574330942279126178e-01,-4.554673417390175949e-01,-4.568612087778793907e-01,-4.547169920215829997e-01,-4.552222551112204973e-01,-4.565815502762238243e-01,-4.568734236348958588e-01
6.663308926107781582e-01,6.694718395375113262e-01,1.175379277808694223e+00,6.624609548541726678e-01,1.177858148863143439e+00,1.176384033350118097e+00,1.178798640695734701e+00,1.178065566666562258e+00,6.642779879016159628e-01,6.635921719830633059e-01
4.555053745832163270e-01,4.537160944293091025e-01,1.772465408381802832e-01,4.576418952142132235e-01,1.758555733224540230e-01,1.766951555296222554e-01,1.753393079651653919e-01,1.757391821611811178e-01,4.566378524391032090e-01,4.569929484179097168e-01
4.223986608128633968e-02,3.921053887358230683e-02,4.695826639433595129e-02,4.612388677597833997e-02,4.192366963177740491e-02,4.483822359367900523e-02,4.051100544912010493e-02,4.123000463101489377e-02,4.434749733706012942e-02,4.507439656656274385e-02
-4.323169299220906425e-01,-4.301286682484167234e-01,-4.356590564914345487e-01,-4.350531805922345230e-01,-4.320623568577483531e-01,-4.341812420473421530e-01,-4.310757285203865585e-01,-4.315648740408969952e-01,-4.338010114179444709e-01,-4.342856178991851834e-01
7.755623128889855833e-01,7.788169863471711141e-01,1.197714152972461310e+00,7.713767696338025281e-01,1.200054113678141077e+00,1.198681245978457932e+00,1.200882171994068770e+00,1.200284170225227820e+00,7.733122276548258789e-01,7.725148780320546527e-01
3.706040270498615619e-01,3.682354594619035582e-01,7.686714170426837966e-02,3.735475497618477858e-01,7.519424587221584799e-02,7.619125025672579543e-02,7.461565659569575903e-02,7.503003117356839280e-02,3.721841958058116351e-01,3.727118000748387283e-01
-5.852904528046212751e-02,-6.150272575308159129e-02,-5.330870526101363222e-02,-5.440957346293519986e-02,-5.892255646819066772e-02,-5.579546481960840493e-02,-6.020907958000021321e-02,-5.987618604384748605e-02,-5.626723848880808843e-02,-5.537393823283041916e-02
-4.225215900550882697e-01,-4.196689637718105659e-01,-4.274026890584036176e-01,-4.263495012373386683e-01,-4.221123245596839491e-01,-4.251142989227755242e-01,-4.209289922024951336e-01,-4.212131190880107900e-01,-4.246193662945064173e-01,-4.254083697615088089e-01
8.469266362883561827e-01,8.499309300298230063e-01,1.193390096989222604e+00,8.428310997014443195e-01,1.195234315713082474e+00,1.194151884982442846e+00,1.195906674772750033e+00,1.195403343765458093e+00,8.447030381473323857e-01,8.438349380548944012e-01
2.992288691862712291e-01,2.963295367860048768e-01,-1.843192353736582134e-02,3.030286425354236646e-01,-2.017424153208599580e-02,-1.913371312082352838e-02,-2.079357886234274588e-02,-2.033375130765451011e-02,3.012870874405800259e-01,3.020473214036071274e-01
-1.366797181105037229e-01,-1.393152354590415087e-01,-1.313332433535379373e-01,-1.326465012322469439e-01,-1.371020257032765921e-01,-1.340212624874705383e-01,-1.381530103003114351e-01,-1.382572558927722406e-01,-1.344414951311133088e-01,-1.334162147484361793e-01
-4.328448936830636695e-01,-4.293049951662412655e-01,-4.397845820636668845e-01,-4.380422761061190107e-01,-4.322419703743071162e-01,-4.363541629411635259e-01,-4.309047003288918321e-01,-4.307327868292068485e-01,-4.357184189593748536e-01,-4.369789815353140039e-01
8.902205724816552035e-01,8.927696955273620727e-01,1.172386926956426434e+00,8.865110318052147331e-01,1.173546087763917223e+00,1.172828184614712166e+00,1.174090863569614562e+00,1.173575682728396963e+00,8.881912297633033360e-01,8.873147798562038835e-01
2.397875607477344406e-01,2.363488349668317334e-01,-1.183841722194094725e-01,2.445604323231290178e-01,-1.199107959467508866e-01,-1.189465074459841037e-01,-1.206063833584584827e-01,-1.199510198900762270e-01,2.423893351620154957e-01,2.434549302755683597e-01
-1.995935508521674562e-01,-2.017094490710488741e-01,-1.945222499461458643e-01,-1.959334614579015255e-01,-1.999948551207372804e-01,-1.971964775014769800e-01,-2.007668697642423505e-01,-2.012419285973784389e-01,-1.975425393583885580e-01,-1.964566308456290877e-01
-4.699837594428544763e-01,-4.656946639900471641e-01,-4.797825283696457999e-01,-4.769945212603069473e-01,-4.691351786333072815e-01,-4.747139562067825835e-01,-4.676808585336019175e-01,-4.667122843085210193e-01,-4.738873501621634343e-01,-4.758752713503240361e-01
9.153571334971266626e-01,9.173787259297410124e-01,1.141155096122227430e+00,9.122207503220445268e-01,1.141628271649554938e+00,1.141247029031017490e+00,1.142096815040624769e+00,1.141482878044219440e+00,9.136319248474582544e-01,9.128189311494645519e-01
1.877770743045559798e-01,1.836755923493329778e-01,-2.371375587505795690e-01,1.937744336581564975e-01,-2.380839040489843850e-01,-2.373084967798556044e-01,-2.389727164578132057e-01,-2.378055730203867679e-01,1.910590185526994667e-01,1.925240293231760269e-01
-2.557320937689325779e-01,-2.572278969264336634e-01,-2.514015151192678377e-01,-2.527283323420977390e-01,-2.560637877961900455e-01,-2.537821257602654867e-01,-2.565622813021639081e-01,-2.572386197634459193e-01,-2.540336781630522789e-01,-2.530063881842121165e-01
-5.420947163593790030e-01,-5.369453847733113294e-01,-5.559466440405991250e-01,-5.515951400040441932e-01,-5.409310696249935990e-01,-5.485131661009158277e-01,-5.393914800738515147e-01,-5.371529847913060207e-01,-5.474092822365679289e-01,-5.505074515571019012e-01
9.295209122768279819e-01,9.309984804698901995e-01,1.100913777272531480e+00,9.270925084867941424e-01,1.100868064148757153e+00,1.100730659235245268e+00,1.101284844696923226e+00,1.100583327370874498e+00,9.281798542166413979e-01,9.275043242880677274e-01
1.367707325703750865e-01,1.317231411282939746e-01,-3.933248099841456513e-01,1.444353935361110675e-01,-3.932384939297496884e-01,-3.927455628670333265e-01,-3.945419252523844067e-01,-3.923323907774794450e-01,1.409720487588324023e-01,1.429611501857039335e-01
-3.136430200286601244e-01,-3.144716024648291919e-01,-3.106433044249631292e-01,-3.116223198201688027e-01,-3.138574492049237552e-01,-3.123594522013855013e-01,-3.141191699692163497e-01,-3.147304493837148609e-01,-3.124875839179856452e-01,-3.117021233008220316e-01
-6.598128124907696179e-01,-6.536141134908939332e-01,-6.793739921608387133e-01,-6.727625298400466969e-01,-6.582448887859443376e-01,-6.685847526119881312e-01,-6.566342017233069983e-01,-6.525138687287646011e-01,-6.670710282019347570e-01,-6.718059621641110368e-01
9.364494321956761125e-01,9.373443846474971419e-01,1.047690491967848025e+00,9.348805069836620962e-01,1.047420540585232152e+00,1.047410612292819065e+00,1.047745970762860690e+00,1.047119783911981905e+00,9.355788431557982010e-01,9.351155209212368424e-01
7.894065091534201162e-02,7.245814180500177726e-02,-6.103548903085270760e-01,8.896449018830560052e-02,-6.087442523349134715e-01,-6.085796768156650494e-01,-6.107949293475426478e-01,-6.067941098540086120e-01,8.443663593654109067e-02,8.711446014276050254e-02
-3.818202734722057068e-01,-3.819488111906742533e-01,-3.809053640579656563e-01,-3.811934715669898499e-01,-3.818688918020768375e-01,-3.814838232763946291e-01,-3.819402830413627381e-01,-3.821436755349844616e-01,-3.814426528506810743e-01,-3.811495732399582947e-01
-8.364600637901484781e-01,-8.288147727765656780e-01,-8.638169808566900087e-01,-8.541394941562793219e-01,-8.343731246758858688e-01,-8.484680179902786001e-01,-8.326190200578922340e-01,-8.259909054838335818e-01,-8.463662491496026785e-01,-8.533526065536951588e-01
9.368817364396625491e-01,9.370728026239878439e-01,9.731723188356449228e-01,9.364026667793731162e-01,9.730281832624115834e-01,9.730474781830404929e-01,9.731470989234671798e-01,9.729120730981398735e-01,9.366087926623549720e-01,9.364365998366424026e-01
5.303898547353358417e-03,-3.335810673793418446e-03,-9.161425621486052329e-01,1.868787227591583999e-02,-9.126550071744197190e-01,-9.127712849814274554e-01,-9.158274872644203146e-01,-9.092413721822133477e-01,1.264177549484431229e-02,1.623308180375793164e-02
-4.687815945756420577e-01,-4.680983010400598388e-01,-4.708505917131041163e-01,-4.700733403107813513e-01,-4.686093597306067449e-01,-4.697503344764732969e-01,-4.684976625976919329e-01,-4.679615219746353083e-01,-4.694769977391783922e-01,-4.699557306034500836e-01
-1.086471434954239035e+00,-1.076439959370281141e+00,-1.123883873724080384e+00,-1.110475861066510861e+00,-1.083711100932005955e+00,-1.102791693468993861e+00,-1.081472426777177365e+00,-1.072095971882920606e+00,-1.099905976405086028e+00,-1.109635571264006026e+00
9.293665914790775195e-01,9.286223535641373594e-01,8.658874897785365787e-01,9.303354678991524462e-01,8.661437940150983339e-01,8.661482656732530927e-01,8.659109005998828490e-01,8.664165655116211617e-01,9.298877247339573104e-01,9.301034384131904309e-01
-9.389220662258582206e-02,-1.055885653942795210e-01,-1.340545712273160328e+00,-7.580431875071141912e-02,-1.335383609402387428e+00,-1.335586532098778756e+00,-1.339839447934011663e+00,-1.330415635487020021e+00,-8.397339460676608858e-02,-7.913303990008783984e-02
-5.821891646904321371e-01,-5.803204127618675212e-01,-5.881209033065916136e-01,-5.860214557093724741e-01,-5.817265447230736131e-01,-5.848760417396391409e-01,-5.812994809586378153e-01,-5.799322832229804048e-01,-5.843091661934316505e-01,-5.857431708786019486e-01
-1.418413146473759046e+00,-1.404004045977592652e+00,-1.467420002794622480e+00,-1.450367790062081497e+00,-1.414782158881226604e+00,-1.440086460070101104e+00,-1.411140448232769629e+00,-1.400006164137304943e+00,-1.436298200089359600e+00,-1.448635394956197642e+00
9.111774312263419828e-01,9.091935929465030375e-01,7.136804964483017821e-01,9.140995590439184859e-01,7.142708252567622207e-01,7.143121342188629708e-01,7.136584518063158189e-01,7.149379530593981125e-01,9.127696692164921632e-01,9.135199428814597677e-01
-2.274957835679464191e-01,-2.430720478964779330e-01,-1.904587644929708778e+00,-2.030911771620033668e-01,-1.899509492124743737e+00,-1.899290456101710989e+00,-1.904664232872637752e+00,-1.893985436945612610e+00,-2.141092749507643722e-01,-2.074787951290439914e-01
-7.240494093811462584e-01,-7.202173346425919664e-01,-7.341183779388840147e-01,-7.308805882500351014e-01,-7.232259136288387014e-01,-7.287309387205013200e-01,-7.221048968859584694e-01,-7.204471891830102059e-01,-7.278683344836712754e-01,-7.300839683017311676e-01
-1.813720387470167505e+00,-1.791933854283609184e+00,-1.872718593550476651e+00,-1.853947662690700993e+00,-1.809083395165861807e+00,-1.840821462556946786e+00,-1.802411350822201719e+00,-1.792839627836109395e+00,-1.836314632221908161e+00,-1.849640702954923333e+00
8.801144373611778926e-01,8.766499831792481379e-01,5.120424980801019377e-01,8.855899314550421675e-01,5.119202964748831297e-01,5.123143242209594606e-01,5.112411783448467251e-01,5.123909710058532907e-01,8.831052721389703875e-01,8.846306537261874325e-01
-3.971485132564023246e-01,-4.168497440727215730e-01,-2.586423016298559752e+00,-3.648741815966827229e-01,-2.587071479210080849e+00,-2.584840084262892912e+00,-2.591087770926015388e+00,-2.584311276039985117e+00,-3.794474923354457796e-01,-3.701989046408229456e-01
-8.788796059687081774e-01,-8.724021989652603892e-01,-8.916380959035871134e-01,-8.881946987672569849e-01,-8.777134572965445969e-01,-8.851577152226554057e-01,-8.754536787822710941e-01,-8.747788967213807609e-01,-8.841463500962808419e-01,-8.863919433909164258e-01
-2.189298701123503221e+00,-2.158833257968535424e+00,-2.250201185356098144e+00,-2.233912722022882047e+00,-2.183936474209411394e+00,-2.219052515235621748e+00,-2.173043897485348097e+00,-2.169963360851548284e+00,-2.214561556987011404e+00,-2.225546476600751333e+00
8.388841191654362595e-01,8.339177299643293351e-01,2.838905417447534774e-01,8.474133842285769269e-01,2.800842570283763600e-01,2.818828631357098713e-01,2.798975625547517887e-01,2.788925118537854964e-01,8.435458080265780811e-01,8.461504619601641908e-01
-5.829966250917882897e-01,-6.061825519829817654e-01,-3.259197065742311938e+00,-5.421196754170024557e-01,-3.277385157165370710e+00,-3.268874579817268256e+00,-3.278277312008741173e+00,-3.283078437069084199e+00,-5.605834454378685328e-01,-5.478892241738193558e-01
-1.008148428428387922e+00,-9.998268296723010762e-01,-1.020522365506620899e+00,-1.017952759344406655e+00,-1.006852903610816696e+00,-1.014670231685809831e+00,-1.003649961475803654e+00,-1.004737642496439154e+00,-1.013762355357143763e+00,-1.015235614000697062e+00
-2.405840019781536387e+00,-2.371661517973004507e+00,-2.457101642342963466e+00,-2.446562644089921967e+00,-2.400671536575095910e+00,-2.432722276711698939e+00,-2.387304582880972692e+00,-2.391941098071332483e+00,-2.429154834215650371e+00,-2.435458382066800542e+00
7.992243386418639295e-01,7.928732903567816681e-01,8.975948822093307577e-02,8.108223892087201845e-01,7.848072388980453784e-02,8.345029424798885986e-02,7.869357709980467908e-02,7.433622891607555294e-02,8.055728551436464047e-01,8.093397052501876132e-01
-7.381136869961544278e-01,-7.639301554484471124e-01,-3.700992618512056520e+00,-6.899159954108224913e-01,-3.747761644423678096e+00,-3.727294812433248339e+00,-3.746873048720179789e+00,-3.764937689336507631e+00,-7.116573441633371466e-01,-6.958127283648593009e-01
-1.080949773958796545e+00,-1.072844846506846528e+00,-1.091018052797995130e+00,-1.089392750119043018e+00,-1.079785030906916798e+00,-1.086524324982269141e+00,-1.076545114954059468e+00,-1.078545053441930746e+00,-1.085831589296147870e+00,-1.086574897477080137e+00
-2.397132737199191954e+00,-2.367196774576986407e+00,-2.434542821279088720e+00,-2.428574645432941992e+00,-2.392969226762565071e+00,-2.417758879458248522e+00,-2.380851981432295705e+00,-2.388390734067348031e+00,-2.415294945475674027e+00,-2.418197655154197268e+00
7.741122038413947859e-01,7.665117085548066589e-01,-2.028667000226187789e-02,7.880237754282293228e-01,-3.952599157757491488e-02,-3.064519252041257580e-02,-3.989606477951929131e-02,-4.606686559454539753e-02,7.817517825539175291e-01,7.862928581095736114e-01
-8.268682397638041914e-01,-8.546253941104182683e-01,-3.800403894273404415e+00,-7.750299905970522429e-01,-3.871907335409286333e+00,-3.839104546240343474e+00,-3.873294318942002601e+00,-3.896216268777901615e+00,-7.983284000283384918e-01,-7.812221962193437452e-01
-1.103536496103591169e+00,-1.096875434722146547e+00,-1.111513664160405979e+00,-1.110281155524272867e+00,-1.102592453062465117e+00,-1.107986244592069403e+00,-1.099942631009501959e+00,-1.101693072218265401e+00,-1.107448692911875421e+00,-1.107957533091608937e+00
-2.233428097051521455e+00,-2.210928536162779512e+00,-2.260495531451320428e+00,-2.256358712139764577e+00,-2.230345926732223649e+00,-2.248466214126272344e+00,-2.221297595810287184e+00,-2.227319198961605018e+00,-2.246711359560026988e+00,-2.248531684586762669e+00
7.654241909132245558e-01,7.568636738441352207e-01,-5.345653296765419393e-02,7.805471324779402753e-01,-7.777996955064810092e-02,-6.597239005632966891e-02,-7.935641642949237129e-02,-8.520682465496534630e-02,7.737594885503352726e-01,7.785504611452267465e-01
-8.590911092338777699e-01,-8.876651319807887797e-01,-3.658360108722585213e+00,-8.076245233264652823e-01,-3.740870115510863236e+00,-3.701067357601385055e+00,-3.746260245840260072e+00,-3.766075321787909047e+00,-8.306560419006577822e-01,-8.141664667922665632e-01
-1.098687432978092460e+00,-1.093518371997668881e+00,-1.105369718694724668e+00,-1.104165537488257076e+00,-1.097929787542639257e+00,-1.102316101239913859e+00,-1.095944187861449981e+00,-1.097019156817131025e+00,-1.101855660539958759e+00,-1.102422421253145268e+00
-2.011238577374264036e+00,-1.995119618849221954e+00,-2.032148436383216961e+00,-2.028408561071423311e+00,-2.008952239450738197e+00,-2.022546474520124260e+00,-2.002699832213627129e+00,-2.006124320674066652e+00,-2.021156349197250623e+00,-2.022991048856243701e+00
7.675045695672558788e-01,7.583629423373264844e-01,-4.311818587542419479e-02,7.830019958857787898e-01,-6.965098400871971851e-02,-5.626992148412870987e-02,-7.234670887653590898e-02,-7.699319762878746587e-02,7.760726637092444369e-01,7.807965200391686622e-01
-8.628755073403718834e-01,-8.910229656656958319e-01,-3.419473039858791807e+00,-8.142212158095724073e-01,-3.502448039540384084e+00,-3.460881389774800532e+00,-3.510951542979093620e+00,-3.525429008445638335e+00,-8.359130339947231647e-01,-8.208970604840464258e-01
-1.082849639925953067e+00,-1.078807226548051501e+00,-1.088788792343538647e+00,-1.087505397609215496e+00,-1.082221988811583380e+00,-1.085951219417483626e+00,-1.080752620850227386e+00,-1.081202821421054727e+00,-1.085526044667598944e+00,-1.086217898253481362e+00
-1.783782603885445628e+00,-1.772088073908421268e+00,-1.801007123057055459e+00,-1.797302261575122628e+00,-1.782020404106021472e+00,-1.792738154774627501e+00,-1.777732980262422879e+00,-1.779083397741817896e+00,-1.791547199698761306e+00,-1.793594004163820088e+00
7.751155290076575666e-01,7.657021116957319906e-01,-1.397773934550390271e-02,7.905319268291562951e-01,-4.105918075433412362e-02,-2.702861572750494754e-02,-4.454083146466653043e-02,-4.797785812255627585e-02,7.836587559618841681e-01,7.881949386963111870e-01
-8.572088929295669235e-01,-8.840681058430939210e-01,-3.165212284155389799e+00,-8.123318298821169403e-01,-3.243686633745767711e+00,-3.203323133900770170e+00,-3.253872710015756287e+00,-3.263759113769772124e+00,-8.322818147167874159e-01,-8.188923144493962525e-01
-1.063922291925590846e+00,-1.060650315660055520e+00,-1.069407637102368414e+00,-1.068047273358099902e+00,-1.063381451459733951e+00,-1.066684834142170635e+00,-1.062268359704874765e+00,-1.062264175973427927e+00,-1.066278122751956436e+00,-1.067074547867252976e+00
-1.570003880417951247e+00,-1.561205913285298674e+00,-1.584776765312166047e+00,-1.581123267709403812e+00,-1.568587674791199982e+00,-1.577408438137658298e+00,-1.565572978818513761e+00,-1.565595172649274058e+00,-1.576350820460216573e+00,-1.578522938434992362e+00
7.853670177046754297e-01,7.758838275924281325e-01,2.180244295630538037e-02,8.004933470059959477e-01,-5.050346602096175697e-03,9.126006447282022926e-03,-9.017544150273094916e-03,-1.150204946058831085e-02,7.937639638491520433e-01,7.980874047203275756e-01
-8.503503519916293385e-01,-8.754658302487730026e-01,-2.925708032619670274e+00,-8.094425247658217915e-01,-2.997951299370468892e+00,-2.960109293010773968e+00,-3.008737990709573484e+00,-3.015334444988657214e+00,-8.275881840040739679e-01,-8.157132488071511256e-01
-1.045067867305040865e+00,-1.042310593501930560e+00,-1.050243563138129499e+00,-1.048835061095381826e+00,-1.044585765657407572e+00,-1.047601170541552440e+00,-1.043709984359399989e+00,-1.043405094890306639e+00,-1.047207075517979202e+00,-1.048071275614037123e+00
-1.373946657088364054e+00,-1.367057147680139639e+00,-1.386888898994189434e+00,-1.383372542987069131e+00,-1.372769843098148757e+00,-1.380248683045012248e+00,-1.370568939479884119e+00,-1.369832238934268087e+00,-1.379298264426325860e+00,-1.381478286594745031e+00
7.969621371721123948e-01,7.875301948564523702e-01,5.922307206149386716e-02,8.117133454127044567e-01,3.292761433080081124e-02,4.699522458312622997e-02,2.868623875786183164e-02,2.689356334809667529e-02,8.051613163471341705e-01,8.092814874662190849e-01
-8.449515671487689561e-01,-8.681292701993922334e-01,-2.708101377411104238e+00,-8.078943494870978181e-01,-2.773774791690662322e+00,-2.738936273129757737e+00,-2.784491249519956746e+00,-2.788871208897518272e+00,-8.243044195032868116e-01,-8.137747039421225903e-01
-1.027398527606162126e+00,-1.024987887387400098e+00,-1.032339027239483675e+00,-1.030910056853442835e+00,-1.026957606727239014e+00,-1.029766799804117339e+00,-1.026239505604206181e+00,-1.025745190848406097e+00,-1.029383498675906949e+00,-1.030284195659973978e+00
-1.194789218490244664e+00,-1.189201695179631368e+00,-1.206241071148110411e+00,-1.202931687806169991e+00,-1.193788298654474112e+00,-1.200248054505247630e+00,-1.192116773456794565e+00,-1.190991398840936855e+00,-1.199392699558049280e+00,-1.201494304960879722e+00
8.094055742278536414e-01,8.000954893979946858e-01,9.650395895529534362e-02,8.237532987532635298e-01,7.089136388078984274e-02,8.472487894733110592e-02,6.651355757239807431e-02,6.521036379011860284e-02,8.173881447741662143e-01,8.213236142373485649e-01
-8.414170924622491610e-01,-8.626059618190238254e-01,-2.511639351876950421e+00,-8.079909604251626076e-01,-2.570925311337377117e+00,-2.539194957562404209e+00,-2.581187492661032312e+00,-2.584101230067193278e+00,-8.227736151992011138e-01,-8.134301286379608253e-01
-1.011234809103814358e+00,-1.009063005667613755e+00,-1.015981513108362266e+00,-1.014552612759299643e+00,-1.010824056731943310e+00,-1.013476842155432101e+00,-1.010211995625733605e+00,-1.009603058742941428e+00,-1.013103811652846131e+00,-1.014018693298752272e+00
-1.030624401920589683e+00,-1.025968424569845272e+00,-1.040794630231294926e+00,-1.037734232236509735e+00,-1.029760455047147527e+00,-1.035399077515428701e+00,-1.028444615144045171e+00,-1.027156742287639313e+00,-1.034631348365455006e+00,-1.036602062730799467e+00
8.225703274197493364e-01,8.134229609374735714e-01,1.331793619280762786e-01,8.365111313340567456e-01,1.082865288111307667e-01,1.218257167353215681e-01,1.038600749120604239e-01,1.029016941256254980e-01,8.303321903387943514e-01,8.341016968597391168e-01
-8.394056035346677547e-01,-8.586289819576318205e-01,-2.333579672904912083e+00,-8.093709214002738905e-01,-2.386831296675029801e+00,-2.358150588797762737e+00,-2.396431180136303407e+00,-2.398376114565378803e+00,-8.226396058393123933e-01,-8.143484603151746049e-01
-9.966265576645060298e-01,-9.946244981137221108e-01,-1.001204665908120184e+00,-9.997896559719515741e-01,-9.962389359374251852e-01,-9.987668170767780573e-01,-9.956995851829610888e-01,-9.950248874261282683e-01,-9.984038628727356368e-01,-9.993181314619663524e-01
-8.796457195335503076e-01,-8.756915171052250813e-01,-8.886777965093491938e-01,-8.858862065276904563e-01,-8.788938085771862418e-01,-8.838405743899734324e-01,-8.778269285594516580e-01,-8.765101698040219658e-01,-8.831545808004552800e-01,-8.849666551950625681e-01
8.364938786119811009e-01,8.275324382968239911e-01,1.692812966544543496e-01,8.500351367265797098e-01,1.451068196053685866e-01,1.583247789984912335e-01,1.406873809584056334e-01,1.399730949845291450e-01,8.440375801460104910e-01,8.476575151852057122e-01
-8.384160320516487186e-01,-8.557359261858434873e-01,-2.171165971171343134e+00,-8.115399920769382769e-01,-2.218776660474000906e+00,-2.193018161619755269e+00,-2.227610711622317829e+00,-2.228911922871613438e+00,-8.234027186731883718e-01,-8.160536539426688218e-01
-9.835571334789496856e-01,-9.816801179137496502e-01,-9.879835492150929044e-01,-9.865911998096542623e-01,-9.831880186294507107e-01,-9.856118086292998681e-01,-9.826997304236918529e-01,-9.819907957118881869e-01,-9.852587481085638421e-01,-9.861630139422316033e-01
-7.404182357067433662e-01,-7.370194262441439603e-01,-7.484209291422267984e-01,-7.459030523525674861e-01,-7.397614992416124968e-01,-7.441066815483278196e-01,-7.388769470524249039e-01,-7.376078187427305144e-01,-7.434970628075334709e-01,-7.451388058005798953e-01
8.512857070351893540e-01,8.425225144118153597e-01,2.050034699036578090e-01,8.644396080314228348e-01,1.815291996816835729e-01,1.944168024978607523e-01,1.771519109247289836e-01,1.766119411836991338e-01,8.586169146018529652e-01,8.621010657286611867e-01
-8.379970952424709019e-01,-8.534960443799951557e-01,-2.022160662740923431e+00,-8.140602947562805003e-01,-2.064519593173227197e+00,-2.041527829017081519e+00,-2.072546276565969681e+00,-2.073416392850226941e+00,-8.246175510884541371e-01,-8.181188793888196642e-01
-9.720189270847330310e-01,-9.702375998071127716e-01,-9.763061706089424252e-01,-9.749417168193122984e-01,-9.716651694629084846e-01,-9.739993264100346160e-01,-9.712137155851645609e-01,-9.704907131171812695e-01,-9.736558986445453812e-01,-9.745444673338875541e-01
-6.118622774023478872e-01,-6.089221858652846819e-01,-6.189246538871143732e-01,-6.166760200955468951e-01,-6.112886098369453292e-01,-6.150995952799963584e-01,-6.105438336032199542e-01,-6.093641289210205425e-01,-6.145612115342792281e-01,-6.160308528804928629e-01
8.670847645869455000e-01,8.585249897952439424e-01,2.405661817659827117e-01,8.798659611176298245e-01,2.177661571030054533e-01,2.303244172824585601e-01,2.134528282643101960e-01,2.130386107190577749e-01,8.742108278397431320e-01,8.775708244734372609e-01
-8.378119617685207965e-01,-8.515837334860160146e-01,-1.884895563725455858e+00,-8.166080875588372923e-01,-1.922375187476427660e+00,-1.901984339302654980e+00,-1.929590162245140350e+00,-1.930169246012360507e+00,-8.259535075205668431e-01,-8.202272620358501687e-01
-9.620375105215943634e-01,-9.603321895181040624e-01,-9.661958035819167012e-01,-9.648620508641228000e-01,-9.616968611644389764e-01,-9.639520443143854145e-01,-9.612727361196967690e-01,-9.605484186286611381e-01,-9.636178924434840587e-01,-9.644875614103000094e-01
-4.931658640926390169e-01,-4.906177033687615929e-01,-4.993651018053228974e-01,-4.973755584084616488e-01,-4.926660219193274015e-01,-4.959963393351300986e-01,-4.920330441095893681e-01,-4.909635397658103639e-01,-4.955241906483133785e-01,-4.968259167264266751e-01
8.840383612745975617e-01,8.756820670281912911e-01,2.761631590305608230e-01,8.964632467138710092e-01,2.540069851111020904e-01,2.662433207254818468e-01,2.497705332888076057e-01,2.494479635424570740e-01,8.909678186291392077e-01,8.942137244658663331e-01
-8.376501578765285227e-01,-8.497947669959452499e-01,-1.758184260588388836e+00,-8.189839056360124214e-01,-1.791138880460985350e+00,-1.773180493099684174e+00,-1.797560393354655561e+00,-1.797941588171836358e+00,-8.272055358702558037e-01,-8.221836923351635296e-01
-9.536753425114236071e-01,-9.520324425767839882e-01,-9.577138148893797887e-01,-9.564118801204896103e-01,-9.533460966340854270e-01,-9.555307307788473148e-01,-9.529428089946152536e-01,-9.522250548417132698e-01,-9.552054031796776146e-01,-9.560546640206734059e-01
-3.836942177546227017e-01,-3.814893408618438841e-01,-3.890998678725944293e-01,-3.873559258904163971e-01,-3.832607247498235892e-01,-3.861552276714598775e-01,-3.827204700760626910e-01,-3.817692633482133169e-01,-3.857444430870023977e-01,-3.868859193142349384e-01
9.022890034708807017e-01,8.941322370832860411e-01,3.119399547394713368e-01,9.143757059410789756e-01,2.903937296306088323e-01,3.023201733419609849e-01,2.862409112970502045e-01,2.859857636760231858e-01,9.090315145793870233e-01,9.121723852688877754e-01
-8.374222895912646347e-01,-8.480431105756485177e-01,-1.641212572646931989e+00,-8.211073408376380334e-01,-1.669980038970545477e+00,-1.654286493074313746e+00,-1.675640135330848546e+00,-1.675886023776928857e+00,-8.282887639929087387e-01,-8.239105343527932668e-01
-9.470268758150569566e-01,-9.454366206949477158e-01,-9.509543272229710187e-01,-9.496841115599143901e-01,-9.467076469413977513e-01,-9.488289141544424821e-01,-9.463206286591477889e-01,-9.456140720681825984e-01,-9.485118673789363353e-01,-9.493403924834802332e-01
-2.829142671530302522e-01,-2.810151522153828130e-01,-2.875906297347068374e-01,-2.860769354776524498e-01,-2.825407776306770313e-01,-2.850386570374178197e-01,-2.820796661289136087e-01,-2.812472561742032084e-01,-2.846845047702225018e-01,-2.856753392646663725e-01
9.219619947835725471e-01,9.139973303111691427e-01,3.479817523357755515e-01,9.337306770270294987e-01,3.270079138442475997e-01,3.386403169983641104e-01,3.229410193076934776e-01,3.227358507968035584e-01,9.285284598377633314e-01,9.315728198689690043e-01
-8.371509062352702202e-01,-8.463527816874009124e-01,-1.533442145179610305e+00,-8.230085153309989465e-01,-1.558345782363120158e+00,-1.544752050291916312e+00,-1.563284853341917913e+00,-1.563437921554640342e+00,-8.292296285018139201e-01,-8.254396185139016850e-01
-9.422087600055466527e-01,-9.406636907613185050e-01,-9.460341829206673214e-01,-9.447946583749435856e-01,-9.418983352123424524e-01,-9.439628216517399473e-01,-9.415242405182645546e-01,-9.408313135595227639e-01,-9.436534210162986769e-01,-9.444617392674123924e-01
-1.903358853998601274e-01,-1.887119325814508586e-01,-1.943433109887884869e-01,-1.930435781032662779e-01,-1.900168163986190317e-01,-1.921533435163750303e-01,-1.896247086933438852e-01,-1.889071134696539978e-01,-1.918512487856811610e-01,-1.927020315658145022e-01
9.431486456901753135e-01,9.353653962758303742e-01,3.842995183950050353e-01,9.546219197853613725e-01,3.638562300105750991e-01,3.752139747896402477e-01,3.598741425912955760e-01,3.597061842228888584e-01,9.495513975069178603e-01,9.525076356783587217e-01
-8.369620238283697056e-01,-8.448498259543453237e-01,-1.434534125424133943e+00,-8.248203020923593476e-01,-1.455883943906500999e+00,-1.444228736982620553e+00,-1.460147206205372417e+00,-1.460236589175160749e+00,-8.301577384877850685e-01,-8.269047538853095958e-01
-9.393447834400866503e-01,-9.378387606295300882e-01,-9.430777472446357779e-01,-9.418671142330534707e-01,-9.390420318922182430e-01,-9.410561531757453135e-01,-9.386782875509556145e-01,-9.379998810550055355e-01,-9.407536714393249788e-01,-9.415429660786834853e-01
-1.054672891724320327e-01,-1.040923140771140565e-01,-1.088628272178804174e-01,-1.077604456487832041e-01,-1.051976140715530222e-01,-1.070051147655432244e-01,-1.048665738269169839e-01,-1.042572600676588412e-01,-1.067506824939870314e-01,-1.074723701126964054e-01
9.658796008639765063e-01,9.582638248416791571e-01,4.208070135081277696e-01,9.770829579786620700e-01,4.008473843153579352e-01,4.119533372275255290e-01,3.969462545378948937e-01,3.968059508059744722e-01,9.721326075055753968e-01,9.750093015240706151e-01
-8.370781560827651457e-01,-8.437555291462501827e-01,-1.344290750134833567e+00,-8.267719863931008994e-01,-1.362383731166308509e+00,-1.352510520737319366e+00,-1.366018837634770167e+00,-1.366064706446137311e+00,-8.312992259877266532e-01,-8.285355536568703716e-01
-9.385422831293835921e-01,-9.370697944359686060e-01,-9.421932256899548941e-01,-9.410089773226335552e-01,-9.382461039421881033e-01,-9.402163702720931493e-01,-9.378906299127560686e-01,-9.372265030784634465e-01,-9.399199868081984377e-01,-9.406919690746456952e-01
-2.778175569094248898e-02,-2.663252321353488938e-02,-3.061938222063968762e-02,-2.969783957829136289e-02,-2.755689642376946136e-02,-2.906524745789880460e-02,-2.728045223150386833e-02,-2.677154646378748781e-02,-2.885428972474539389e-02,-2.945779443178951629e-02
9.900805269115644514e-01,9.826149029117966505e-01,4.572808290025997535e-01,1.001042706240691915e+00,4.377521412137843071e-01,4.486326716724260422e-01,4.339258426486484743e-01,4.338058091973436836e-01,9.961995555207509012e-01,9.990057333069523038e-01
-8.378117814790162488e-01,-8.433799267213679673e-01,-1.262609929357972671e+00,-8.291832592040244698e-01,-1.277729426832245885e+00,-1.269487539693681777e+00,-1.280784744629530625e+00,-1.280801184054963571e+00,-8.329704841515988001e-01,-8.306515195736993151e-01
-9.398533572178318085e-01,-9.384090101021891339e-01,-9.434337944884229055e-01,-9.422727066419415154e-01,-9.395626632334719286e-01,-9.414958001193906023e-01,-9.392137215544471562e-01,-9.385627395768320058e-01,-9.412046047657161019e-01,-9.419614288812727665e-01
4.330599195784806676e-02,4.425058356782411717e-02,4.097543109385277937e-02,4.173223114867939676e-02,4.349021230558605677e-02,4.225338947298512560e-02,4.371749809626542665e-02,4.413443360128958826e-02,4.242482120833526021e-02,4.192892273509145340e-02
1.015497809760446790e+00,1.008161439039833240e+00,4.932924211547786708e-01,1.026251007959587902e+00,4.741355328360794541e-01,4.848204321580976139e-01,4.703760288210413476e-01,4.702702687885981225e-01,1.021500487468696594e+00,1.024245821410265211e+00
-8.395564036705071009e-01,-8.441128343370083442e-01,-1.189446739780198659e+00,-8.324556992761286134e-01,-1.201861121278802846e+00,-1.195106977678614513e+00,-1.204384408749169744e+00,-1.204381314686294058e+00,-8.355694453852304804e-01,-8.336535732649421604e-01
-9.432090059316443620e-01,-9.417871253879899207e-01,-9.467316351774007765e-01,-9.455896882720780106e-01,-9.429227505958154287e-01,-9.448256462796926769e-01,-9.425789108444838638e-01,-9.419391565332670968e-01,-9.445386550130827619e-01,-9.452828438427078872e-01
1.084532659941022936e-01,1.092125841837144617e-01,1.065823099418071046e-01,1.071897774883914106e-01,1.086006354255399931e-01,1.076099684758964475e-01,1.087834117550617596e-01,1.091168631006476375e-01,1.077455471520709362e-01,1.073472355243849929e-01
1.041573913917123173e+00,1.034342119589810816e+00,5.280948698882393932e-01,1.052153662524086375e+00,5.092440524741080887e-01,5.197661314950665634e-01,5.055418028873261971e-01,5.054450634747574833e-01,1.047479576220488040e+00,1.050174485596267360e+00
-8.427695809019496442e-01,-8.464068087227034631e-01,-1.124773974085829131e+00,-8.370561217166226919e-01,-1.134734645375227613e+00,-1.129333135221516793e+00,-1.136771976323800670e+00,-1.136756302875746583e+00,-8.395587721821281546e-01,-8.380074316293896208e-01
-9.483057484100687606e-01,-9.469000250311945255e-01,-9.517843707000324116e-01,-9.506565986562206527e-01,-9.480230167557344156e-01,-9.499024085332041789e-01,-9.476832567348590919e-01,-9.470520393675049275e-01,-9.496186036596292457e-01,-9.503529490859189410e-01
1.683887872964774379e-01,1.689805851102379741e-01,1.669337494257570609e-01,1.674063466589254534e-01,1.685027020895630834e-01,1.677351603908887878e-01,1.686449703628009611e-01,1.689031046670982916e-01,1.678382454962845660e-01,1.675282377660649025e-01
1.067239025062298952e+00,1.060083268843611259e+00,5.604370381560945802e-01,1.077683413242416011e+00,5.418207301050393943e-01,5.522147302850940465e-01,5.381653067004277258e-01,5.380724781587213901e-01,1.073068151076088217e+00,1.075723750424641523e+00
-8.479370813534821139e-01,-8.507412165030150408e-01,-1.068529985258323212e+00,-8.434809331232910878e-01,-1.076268969852767654e+00,-1.072094900394496841e+00,-1.077863834436811219e+00,-1.077840391819592458e+00,-8.454301032027411456e-01,-8.442079814116529857e-01
-9.544105577411021724e-01,-9.530137115753128940e-01,-9.578596606389853108e-01,-9.567399167083834310e-01,-9.541307628155216713e-01,-9.559924853426289282e-01,-9.537947597554879975e-01,-9.531685298074555890e-01,-9.557109029027560654e-01,-9.564382877394650428e-01
2.238877103657074819e-01,2.243280436421354329e-01,2.228091378484866880e-01,2.231600907902776543e-01,2.239711793657486183e-01,2.234061714907286389e-01,2.240763980553889811e-01,2.242667681839966010e-01,2.234797751605147598e-01,2.232496701920032578e-01
1.090566115011358361e+00,1.083454273664220535e+00,5.882637301415666320e-01,1.100913759946877013e+00,5.698071207084395295e-01,5.801073021055516143e-01,5.661882893357256252e-01,5.660937567181032470e-01,1.096338985320983506e+00,1.098966749637928952e+00
-8.554974406228501582e-01,-8.575467112231083266e-01,-1.020534215281824197e+00,-8.521807071741323014e-01,-1.026261545302788569e+00,-1.023201000321532605e+00,-1.027454128794734745e+00,-1.027426045146832667e+00,-8.536285886997320160e-01,-8.527038845431855751e-01
-9.600305942640356971e-01,-9.586340522791169105e-01,-9.634642880618545790e-01,-9.623449270746967654e-01,-9.597538489098143000e-01,-9.616013353592222090e-01,-9.594225616846562277e-01,-9.587967380805858530e-01,-9.613212391284394753e-01,-9.620442934767342580e-01
2.757006411475055874e-01,2.760036179032135939e-01,2.749637491086791008e-01,2.752046934866170247e-01,2.757563303485275341e-01,2.753756697294769129e-01,2.758275567782114135e-01,2.759568186106479692e-01,2.754224389220186198e-01,2.752648175548569887e-01
1.108212793600812818e+00,1.101110295333204370e+00,6.082460829360792909e-01,1.118498494444958080e+00,5.898772174831481419e-01,6.001125318648591334e-01,5.862868990876834996e-01,5.861837680936958783e-01,1.113946736378972791e+00,1.116557638081465464e+00
-8.656884312732137099e-01,-8.670516816033663199e-01,-9.803368227425702797e-01,-8.634063367077243756e-01,-9.842382178622800515e-01,-9.821894910299356907e-01,-9.850649493878887997e-01,-9.850338431020828622e-01,-8.643991278316603966e-01,-8.637437999477556305e-01
-9.623759282189344733e-01,-9.609695976820210594e-01,-9.658056878972259840e-01,-9.646772264583931555e-01,-9.621036910250703178e-01,-9.639352607790746541e-01,-9.617803715416494148e-01,-9.611491202106747789e-01,-9.636564656289717812e-01,-9.643769173149895346e-01
3.243955023365633350e-01,3.245728749549725567e-01,3.239704007358585880e-01,3.241109173826243750e-01,3.244258760062558866e-01,3.242133806969557108e-01,3.244660480601013752e-01,3.245396383444223987e-01,3.242356203911889723e-01,3.241440584944472736e-01
1.114562408317898878e+00,1.107435245154987147e+00,6.150898681648772071e-01,1.124808728975467798e+00,5.967522302307840532e-01,6.069373421894821430e-01,5.931879561316510951e-01,5.930671300547087910e-01,1.120266621012020680e+00,1.122869310680610022e+00
-8.782486824487448773e-01,-8.789840458888409369e-01,-9.469479794220525548e-01,-8.769096784396583910e-01,-9.491837850402963239e-01,-9.480572125998995014e-01,-9.496773880438305060e-01,-9.496432458178207803e-01,-8.774873505119253903e-01,-8.770771946260106366e-01
-9.565591613186497089e-01,-9.551316167163659276e-01,-9.599895024887820094e-01,-9.588405330192448783e-01,-9.562952413800526186e-01,-9.580996708657273375e-01,-9.559869654837396258e-01,-9.553430972157240797e-01,-9.578230965098258887e-01,-9.585406193011521969e-01
3.700444442871037021e-01,3.701050704629296750e-01,3.699057975589220559e-01,3.699528127900616470e-01,3.700520918861062158e-01,3.699924303812126558e-01,3.700645957760809179e-01,3.700863367179283436e-01,3.699922143363468252e-01,3.699611178569967018e-01
1.100542921389553008e+00,1.093364499683648683e+00,6.006498885009096123e-01,1.110745246108880480e+00,5.823260550248096079e-01,5.924459107897031007e-01,5.787966481534656538e-01,5.786459437409600115e-01,1.106209540581406969e+00,1.108806920254485240e+00
-8.918757341532532745e-01,-8.920300142759097772e-01,-9.183737826821197769e-01,-8.913994024805012018e-01,-9.190811041059344655e-01,-9.187965574900448518e-01,-9.192715850401544930e-01,-9.192323245401003984e-01,-8.915962987078155377e-01,-8.914105601626246544e-01
-7.817727770713395197e-02,-7.911327351763230986e-02,-9.380510644037370893e-01,-7.686265477196568829e-02,-9.343818503201479775e-01,-9.361323117753386214e-01,-9.341012916692726931e-01,-9.334368117061450087e-01,-7.744405638799933822e-02,-7.710883071616603246e-02
-1.241113314850507410e-01,-1.250795453459401518e-01,4.118018137120724731e-01,-1.227520973010056415e-01,4.116645941843872780e-01,4.117408774355793555e-01,4.116542620650883166e-01,4.116259458379201153e-01,-1.233540578054309611e-01,-1.230182418278198686e-01
9.985599257254220706e-01,3.240934936693154467e-01,5.531870796977936822e-01,-6.414175185933818080e-01,5.349388148553982925e-01,5.449251502807308523e-01,5.314725600860501498e-01,5.312766459820452702e-01,6.796238482358621935e-01,3.072159547004645885e-01
-5.364769086586593932e-02,-9.460250564129986106e-01,-8.909144157494290894e-01,7.671920012887963880e-01,-8.902158931281793919e-01,-8.906960344145677944e-01,-8.901330942078601316e-01,-8.900838978459473250e-01,7.335607847404861381e-01,-9.516398253422784226e-01
1.760081023396584121e-01,-1.986595167120551175e-01,-8.884439790248281898e-01,-8.875728677839664349e-02,-8.848467752318895929e-01,-8.864955696360571347e-01,-8.846128118665003148e-01,-8.839214034829268041e-01,6.465387698371233283e-02,-2.064793879823249578e-01
-4.457945491662077542e-01,-8.682545553564722240e-01,4.468749910997129593e-01,-1.070282579691052283e-01,4.464822210555643989e-01,4.466722016718494559e-01,4.464566469811951377e-01,4.463779455199633484e-01,-6.460834068453169543e-02,-8.718219685866703816e-01
9.990150207339967281e-01,8.503934874406037236e-01,4.578981443467104451e-01,-5.579221242130234515e-01,4.399237426481446556e-01,4.496269262577516912e-01,4.365771065037611365e-01,4.363202541036736992e-01,6.770354058210810155e-01,8.502249465417769381e-01
4.437328416797713115e-02,-5.261472384405411207e-01,-8.583903249236750632e-01,7.512940798960242583e-01,-8.564141751529268376e-01,-8.575717443404767826e-01,-8.560922903462085953e-01,-8.560252382364653689e-01,7.359504462018378046e-01,-5.264195477734773254e-01
9.545363473295596923e-02,-3.480926932039271615e-01,-7.977119662336551453e-01,-1.062770918798142394e-01,-7.942727752084353110e-01,-7.957542277605850201e-01,-7.941065405542880873e-01,-7.933899575552768590e-01,7.137787512207378615e-01,-3.564326562694636880e-01
-4.172577835341843011e-01,-7.733493324259781421e-01,4.699511223556014916e-01,-9.066449167206500070e-02,4.693399182821331173e-01,4.696124330890857346e-01,4.693100990545951978e-01,4.691797663006919139e-01,-7.844521259566789029e-02,-7.760179903959784076e-01
9.927882366315372575e-01,7.462240915651869866e-01,3.011125787631221407e-01,-4.183761896146128145e-01,2.838031179619365796e-01,2.929760993205992592e-01,2.806630388950017707e-01,2.803377360510486138e-01,4.363487335786628840e-01,7.460071569626076649e-01
-3.225363173923329052e-02,-5.390993797408225596e-01,-8.120788930886831958e-01,7.221462311954812696e-01,-8.089919978515439647e-01,-8.107128951688771235e-01,-8.084748764100230245e-01,-8.083803436146289600e-01,8.997776295864978735e-01,-5.393338908617325567e-01
-1.664729790123745112e-02,-5.449056041613755674e-01,-6.568822377624280451e-01,-1.279683912379455113e-01,-6.537204171003557773e-01,-6.549723165301373218e-01,-6.536333246068537495e-01,-6.529116816551165936e-01,6.779975121157975071e-01,-5.537763469418063300e-01
-3.775662426577519604e-01,-6.624318319996789217e-01,4.743129437035985552e-01,-7.300708825890700471e-02,4.735352903184787410e-01,4.738519283447378827e-01,4.735132999092577233e-01,4.733330133277338092e-01,-1.204445102445586557e-01,-6.642099836317231221e-01
9.633242785901658944e-01,5.881412772966578828e-01,8.049747884242106077e-02,-2.188893801750926016e-01,6.443574252796210877e-02,7.276352523931517435e-02,6.160399889502946036e-02,6.122542045054332749e-02,6.646532595789331754e-01,5.878650957051110293e-01
-9.923731828179921388e-02,-5.320742818859454104e-01,-7.430291786029400436e-01,6.714190267158596237e-01,-7.390711561925695783e-01,-7.412042638302138720e-01,-7.384138549526498840e-01,-7.382856312538678134e-01,7.685040403456007141e-01,-5.322670086966801994e-01
-1.486654839189676114e-01,-7.621415221100233950e-01,-4.720075957064550076e-01,-1.500027084755005680e-01,-4.692425823711006139e-01,-4.702426972612312461e-01,-4.692213985007117616e-01,-4.685389719423400656e-01,6.166812410883177886e-01,-7.713865766893340803e-01
-3.251899245504127900e-01,-5.348518601008326323e-01,4.553831334014826204e-01,-5.425077492208911500e-02,4.545028410390781204e-01,4.548297563039860325e-01,4.544952514450178449e-01,4.542753088481800705e-01,-1.509779837448338990e-01,-5.357758054179372342e-01
9.014606291998848997e-01,3.848463979089102871e-01,-1.824886700597171396e-01,2.294905715533043788e-02,-1.966608866895018792e-01,-1.894650406659148800e-01,-1.991037384340242633e-01,-1.994893131959539767e-01,9.157432227615081022e-01,3.845110367584443356e-01
-1.523838198696110258e-01,-5.005279302624987547e-01,-6.477873611892399630e-01,5.954313215006752369e-01,-6.432705584344382554e-01,-6.456428330153315409e-01,-6.425312675430221443e-01,-6.423741687858113281e-01,6.182544330342748529e-01,-5.006758406696455443e-01
-2.774930809465971371e-01,-9.570368016731582994e-01,-2.692292151406812661e-01,-1.673787504298159812e-01,-2.669314775572987353e-01,-2.677152214537616981e-01,-2.669387236316931311e-01,-2.663504364841495220e-01,5.343018019800204188e-01,-9.663542585825025677e-01
-2.641446994535716075e-01,-3.995208865982083357e-01,4.157776049015505793e-01,-3.562099690040088779e-02,4.148542424586593724e-01,4.151778093837925065e-01,4.148561651910400161e-01,4.146170608167473737e-01,-1.688818206195405736e-01,-3.996777589929653707e-01
8.091459537464174012e-01,1.663294886328034183e-01,-4.428526994572327125e-01,2.670721871110537382e-01,-4.546831266132245197e-01,-4.487621831262983418e-01,-4.567103095183577266e-01,-4.570424721967368820e-01,1.139874937846716785e+00,1.659481551715198955e-01
-1.892795702583858763e-01,-4.479434777814071400e-01,-5.338514502550830709e-01,5.004539744052139971e-01,-5.290941442861416544e-01,-5.315546404603387343e-01,-5.283184745172000429e-01,-5.281502907520440049e-01,4.594808184164715925e-01,-4.480471935834622332e-01
-3.804453670820568401e-01,-1.094456689561196461e+00,-8.314865190122064376e-02,-1.768375039985492503e-01,-8.131410819381787447e-02,-8.194670849275487168e-02,-8.131109713741072054e-02,-8.085313471030544652e-02,4.442563902262661735e-01,-1.103519718068998845e+00
-2.025518014411367695e-01,-2.703764320125876530e-01,3.661149715619265166e-01,-1.861151204035019213e-02,3.651840955961711543e-01,3.655141914137322035e-01,3.651816711468625631e-01,3.649463617096211920e-01,-1.771718288978165468e-01,-2.698857081627361043e-01
7.010593588849375335e-01,-2.993414986968251368e-02,-6.549347830003380277e-01,4.709154243909365323e-01,-6.643471787530406125e-01,-6.596597855401931110e-01,-6.659856495283829059e-01,-6.662252954077803047e-01,1.296580183689142407e+00,-3.034089702317741000e-02
-2.126532136646771265e-01,-3.861527114280899342e-01,-4.172731672423912186e-01,4.010920505973790684e-01,-4.124936018771699353e-01,-4.149576555720727034e-01,-4.117033646230590094e-01,-4.115451250934671346e-01,3.083305907880066754e-01,-3.862168366182222035e-01
-4.479964580423826948e-01,-1.166192171712132852e+00,6.314601574408132412e-02,-5.402294671289514794e-02,6.457859301597669577e-02,6.404367436068385266e-02,6.461030229170694472e-02,6.493667357111333749e-02,3.607917035312730447e-01,-1.174775424318454942e+00
-1.474543839421633973e-01,-1.566351272850837750e-01,3.193579996055914139e-01,2.155821365601540140e-01,3.184217323918256404e-01,3.187815134130287387e-01,3.184004717436791365e-01,3.181837238962867409e-01,-1.822462225829184768e-01,-1.555951491005658771e-01
5.955867451142051738e-01,-1.805143884485573280e-01,-7.981335680922142517e-01,-6.518518819388063879e-01,-8.053949413273150393e-01,-8.017715345449976105e-01,-8.067004674906876893e-01,-8.068465162307918437e-01,1.376863365401933992e+00,-1.809277608076516053e-01
-2.302316522980689950e-01,-3.287934245258672394e-01,-3.125997569765929240e-01,7.583463087619248810e-01,-3.078472914440509856e-01,-3.103122105447445600e-01,-3.070397117613151150e-01,-3.069033715576350851e-01,1.752993653179521494e-01,-3.288239883709154210e-01
-4.845106439576865043e-01,-1.186905278184442025e+00,1.659644428426292617e-01,-1.882655179091191622e-01,1.670765069520371293e-01,1.666119276956586626e-01,1.671349490546862326e-01,1.673534965278641318e-01,9.176485428619902684e-01,-1.194923005101005131e+00
-1.011596582916614862e-01,-5.741376855129641521e-02,2.848679148060896393e-01,9.404208691429543077e-01,2.838964379161962870e-01,2.843145840562449900e-01,2.838454528855411940e-01,2.836502282279361187e-01,-2.531218493440552941e-01,-5.584936022912048714e-02
5.046801392680216880e-01,-2.833125798693033048e-01,-8.795063779404014292e-01,-9.987863458882437762e-01,-8.850411261761180759e-01,-8.822709172722896787e-01,-8.860749615634981868e-01,-8.861506207781838507e-01,3.119847144288247498e-01,-2.837206048128138591e-01
-2.518495470550939919e-01,-2.849418834211546736e-01,-2.254508585425822609e-01,-4.925276913240116128e-02,-2.206022279272455422e-01,-2.231406675333332812e-01,-2.197529075105549845e-01,-2.196380116553571238e-01,9.500871212487645989e-01,-2.849431222428548960e-01
-5.002014201981633823e-01,-1.177470624534885379e+00,2.342552396923328895e-01,5.186146774295863349e-02,2.351198138249579739e-01,2.347169219599931633e-01,2.351937609622545833e-01,2.353347532342390525e-01,8.355767449104442024e-01,-1.184934406263257634e+00
-6.144072252275999818e-02,3.696814673183097810e-02,2.674221455200156417e-01,9.409755247497039177e-01,2.663562478795215571e-01,2.668692938281377325e-01,2.662660219520557869e-01,2.660865114652651853e-01,-3.215667261718410663e-01,3.914091207679429307e-02
4.311976325159560530e-01,-3.492310732342590596e-01,-9.185034465219573674e-01,-9.910835063524288113e-01,-9.227182900359232054e-01,-9.206125423532051100e-01,-9.235339426770314830e-01,-9.235659412929625445e-01,5.445087660512297756e-01,-3.496282433977376813e-01
-2.877370907873825767e-01,-2.582908313938161449e-01,-1.527098852283483299e-01,3.018479349413325658e-02,-1.474876583406237729e-01,-1.502415868336078875e-01,-1.465505142967164220e-01,-1.464478974569883296e-01,9.110559278910027592e-01,-2.582629584935573486e-01
-5.041698872951659860e-01,-1.153187641345427394e+00,2.803168167365636121e-01,2.252896400264053911e-01,2.809842039977336059e-01,2.806449479426626481e-01,2.810612066157071043e-01,2.811499354636972647e-01,7.636651980115103377e-01,-1.160139599489720785e+00
-2.323166366818422979e-02,1.422527440641030150e-01,2.696562536216784434e-01,1.016021862494037142e+00,2.684034562514309163e-01,2.690644994472436435e-01,2.682611689491235518e-01,2.680865276250268825e-01,-4.212364854003053938e-01,1.452581243988304571e-01
3.715106308867071050e-01,-3.918766582513913965e-01,-9.331785930078497771e-01,-9.708178163038698738e-01,-9.363675896711740609e-01,-9.347917460852831484e-01,-9.370036508898912375e-01,-9.370111947549404352e-01,7.051185943326094829e-01,-3.922611223370207068e-01
-3.494115771453433772e-01,-2.498231557290613858e-01,-8.591206112928573280e-02,1.187257172624268664e-01,-7.987720285197170977e-02,-8.306737058918044203e-02,-7.877917811003321003e-02,-7.867460388147143324e-02,9.408046760707128309e-01,-2.497608506896022984e-01
-5.017715313748951633e-01,-1.120313677548056885e+00,3.149875727671672676e-01,3.651883650006298998e-01,3.154792084492695770e-01,3.152146757906386099e-01,3.155476218073754446e-01,3.156010325605648759e-01,6.960476833417629239e-01,-1.126767251047766205e+00
2.038842978451176416e-02,2.796152925404904455e-01,2.947391559916092696e-01,1.189965619693602594e+00,2.931614253473884268e-01,2.940514503623471998e-01,2.929465411755237669e-01,2.927621768362814736e-01,-5.750953923418862246e-01,2.838637367030830694e-01
3.183415064033043862e-01,-4.225028276916560910e-01,-9.347573419099107772e-01,-9.432878499010565188e-01,-9.370644050790938318e-01,-9.359529857835486855e-01,-9.375395028181846557e-01,-9.375321400863255716e-01,8.291014311348878785e-01,-4.228734372466833036e-01
-4.519908626036673871e-01,-2.604962815016227395e-01,-1.342108370829082908e-02,2.341673488211065135e-01,-5.921999473187319896e-03,-9.877550063313450535e-03,-4.551820422726671200e-03,-4.426944337954999420e-03,1.054489484310599190e+00,-2.603870121547455230e-01
-4.946333801522915241e-01,-1.076778084025330262e+00,3.467733218551952712e-01,5.020461797110370439e-01,3.470774842366026736e-01,3.469111743395285052e-01,3.471251790989797747e-01,3.471522242968230754e-01,6.216734426811609815e-01,-1.082670416150934622e+00
7.814842531080323784e-02,4.767676677895444359e-01,3.479900989024057312e-01,1.498770888983025129e+00,3.458848558279734586e-01,3.471248615822182249e-01,3.455656748476794715e-01,3.453518810252048654e-01,-8.144576731982636764e-01,4.829217262834293312e-01
2.620362009586837404e-01,-4.492316137899743933e-01,-9.275214707946858317e-01,-9.067810080816878227e-01,-9.289216033577997189e-01,-9.282894137362230902e-01,-9.292292356535598596e-01,-9.292082977794526855e-01,9.456140725057894381e-01,-4.495855120935028926e-01
-6.164300558955597698e-01,-2.927126973539074251e-01,7.921825274775204373e-02,3.997973508736516468e-01,8.913371787630074150e-02,8.392776830066428495e-02,9.094253410385573499e-02,9.111080881084257510e-02,1.275907006865044879e+00,-2.925344036101142908e-01
-4.814814446517536317e-01,-1.013889335744525555e+00,3.825520125481600697e-01,6.650019814063320434e-01,3.826189227245904712e-01,3.825914943478929686e-01,3.826312785258951799e-01,3.826337719460083941e-01,5.251250381030331260e-01,-1.019041693591334230e+00
1.607032976014852732e-01,7.685041310788360835e-01,4.371796092842223924e-01,1.991332018161500850e+00,4.342599755818895568e-01,4.360202213848065611e-01,4.337921452555910662e-01,4.335205896256930647e-01,-1.179812924562495979e+00,7.775504812533097221e-01
1.908247212802893777e-01,-4.779186303370946964e-01,-9.103811243409061227e-01,-8.540111354232879926e-01,-9.106606267576372593e-01,-9.106162824975944092e-01,-9.107630328773791417e-01,-9.107237021749071681e-01,1.079708167368356619e+00,-4.782493447892445793e-01
-8.701319749424906158e-01,-3.505569967198477466e-01,2.094377916163857045e-01,6.448517691654021000e-01,2.231201546659001833e-01,2.159689877620141196e-01,2.256089473723384975e-01,2.258484569135938980e-01,1.638617923492946549e+00,-3.502754103897232074e-01
-4.590927583835339165e-01,-9.184073366900874502e-01,4.282428046059950644e-01,8.828131098461352577e-01,4.279808663970533500e-01,4.281529094324871276e-01,4.279398122928384507e-01,4.279124726500184162e-01,3.878138488419796137e-01,-9.224968623089113695e-01
2.797908242165388915e-01,1.193241646479743734e+00,5.709978139434070954e-01,2.721994479534952660e+00,5.668857636360620234e-01,5.693830888041693239e-01,5.662154857174018785e-01,5.658442323726433631e-01,-1.715981033896468944e+00,1.206524526193072377e+00
9.132308203451534878e-02,-5.130183672496613223e-01,-8.786599237322695322e-01,-7.738633678328041832e-01,-8.773993969452583697e-01,-8.781580899941651142e-01,-8.772217299531860357e-01,-8.771553138900232138e-01,1.254152507870942124e+00,-5.133144109420679779e-01
-1.243469372072516732e+00,-4.386425533537364752e-01,3.964198340064707948e-01,1.001609892437782756e+00,4.156637951365161898e-01,4.056315167184232906e-01,4.191617681672313855e-01,4.195014124900420249e-01,2.180034863756900254e+00,-4.382095008504851563e-01
-4.235286890603066068e-01,-7.760833791566594808e-01,4.885506544988491573e-01,1.180709952515428318e+00,4.878301219122905819e-01,4.882782389006105062e-01,4.877158131920615869e-01,4.876454924999646390e-01,1.915260179460525902e-01,-7.786445489696709465e-01
4.450848577528379035e-01,1.781206028196985924e+00,7.547535453481125645e-01,3.728233085007926828e+00,7.490099415398534521e-01,7.524785688830752939e-01,7.480858950080682135e-01,7.475549074082165069e-01,-2.456573040987234169e+00,1.800336739416112053e+00
-4.921433500812466555e-02,-5.576915526437893345e-01,-8.262201585627090283e-01,-6.543708002621498876e-01,-8.228077280319989750e-01,-8.246895003571304006e-01,-8.222370646488377233e-01,-8.221344731705674258e-01,1.487821019323471106e+00,-5.579360230550555189e-01
-1.758827869355255924e+00,-5.590917263812951177e-01,6.562843601499070978e-01,1.495471183372081292e+00,6.832115519109727142e-01,6.691683549377021034e-01,6.881231922033402837e-01,6.885822882030634418e-01,2.924398130754473524e+00,-5.584472421346389215e-01
-3.720849403489727147e-01,-5.781267719860038179e-01,5.654178654892381140e-01,1.570944873511785689e+00,5.640913202101528467e-01,5.648926046859271688e-01,5.638875101987920191e-01,5.637528996722026564e-01,-7.393848542484859898e-02,-5.786147228918070429e-01
6.580430956659306663e-01,2.532324317704968131e+00,9.832431944973555327e-01,4.992052641113612133e+00,9.754602876205710205e-01,9.800854312511516619e-01,9.742554765903022052e-01,9.734877853502934553e-01,-3.395904014487126865e+00,2.558867017640827246e+00
-2.376994050271316883e-01,-6.129426818454313253e-01,-7.486319868359709861e-01,-4.881487496754043365e-01,-7.423517831446776460e-01,-7.457418320897675201e-01,-7.412491259945238609e-01,-7.411064583405821971e-01,1.789098689740812542e+00,-6.131149317410035104e-01
-2.411008180179345040e+00,-7.067901398075558950e-01,9.924653287257247936e-01,2.126383831883228659e+00,1.029115472773405981e+00,1.009934086211812465e+00,1.035856438445275973e+00,1.036427144727981142e+00,3.854037121551110445e+00,-7.058721805363497026e-01
-2.336303937729379276e-01,-3.296572024502912868e-01,6.558245922942639305e-01,2.039848449921970008e+00,6.537686083581401020e-01,6.549744269464246038e-01,6.534701752626823623e-01,6.532446665366533622e-01,-4.005952292645922341e-01,-3.275922388971191923e-01
-2.086640418793150875e-02,3.392603626420871876e+00,1.234228967427830392e+00,6.402551629335790473e+00,1.224180680554489919e+00,1.230010789069256205e+00,1.222715145575596241e+00,1.221631742101046525e+00,-4.460172762862979923e+00,3.427533722626782353e+00
9.986461386006815211e-01,-6.763234513421532146e-01,-6.472044167164984207e-01,-2.794964918531123166e-01,-6.374280039614967919e-01,-6.426810325285914338e-01,-6.356605671513140265e-01,-6.354851257810552045e-01,2.146679067606539704e+00,-6.764037808995879697e-01
-5.201816853704459981e-02,-8.654010583337043983e-01,1.384685073349106510e+00,2.849001203002300642e+00,1.432309853023776780e+00,1.407230584476520052e+00,1.441179830997599831e+00,1.441812772488526573e+00,4.882404211662048965e+00,-8.641642824388563460e-01
-6.721782749509963573e-03,-5.420141337177813989e-02,7.510675098719779008e-01,1.489320847728493602e-01,7.482316962825633633e-01,7.498439369075431404e-01,7.478489392145244441e-01,7.475086901670834338e-01,1.298527109102781962e-01,-4.935143701110972225e-02
-8.770023667207239859e-02,4.252364624983935748e+00,1.469958284506831303e+00,9.751017024669907940e-01,1.457737954461753693e+00,1.464630043382446178e+00,1.456083002670150117e+00,1.454633600290336837e+00,-3.619961065660159960e-02,4.295533239692483463e+00
9.990046788479486350e-01,-7.416868646425156530e-01,-5.314343534632638422e-01,-9.846081734649745343e-01,-5.178615111369119228e-01,-5.251713225302887533e-01,-5.153498320841465308e-01,-5.151612906442780693e-01,6.713271588004398049e-01,-7.416633084194365066e-01
-4.460551131762656440e-02,-1.009051461276204265e+00,1.786769745247635877e+00,1.747762705459942612e-01,1.845129335722389685e+00,1.814157696431760503e+00,1.856163495205779501e+00,1.856775117004920261e+00,7.411611470233238075e-01,-1.007488721165266776e+00
4.353681818770521739e-01,2.128175029087278902e-01,8.395461039555780491e-01,2.093459093678781968e-01,8.359785937372588016e-01,8.379464607754384398e-01,8.355335344715895118e-01,8.350678486313607429e-01,7.913115929861548326e-01,-2.707431779327561516e-01
-5.692373227986735618e-01,4.983638698250897114e+00,1.650792722831562642e+00,1.127650991241571532e+00,1.636833339149816435e+00,1.644483025797892406e+00,1.635087445910333281e+00,1.633280795911007610e+00,1.765266931158648578e-01,9.408287164034023764e-02
9.648305642245164071e-01,-8.012617066249191344e-01,-4.166349825162337650e-01,-9.687051178451893119e-01,-3.994395416423628942e-01,-4.087478325971962700e-01,-3.961939517518629494e-01,-3.960171026744822020e-01,2.358552440723243604e-01,2.583783236113477155e-01
2.628725591198167177e-01,-1.111904325286792172e+00,2.141873614830931860e+00,2.968376286989126700e-01,2.209047081767721465e+00,2.173109742987581861e+00,2.221944270444870195e+00,2.222450712964091579e+00,9.717881990658170377e-01,-9.660438095075138953e-01
4.078037289874906213e-01,-2.555657901792932063e-01,9.118102175682678556e-01,2.600048389130603099e-01,9.076402615107581617e-01,9.098803704839216744e-01,9.071575156084892289e-01,9.065739647288735270e-01,7.964751921370535337e-01,-2.654650122338573781e-01
-6.684772469132986839e-01,9.500751883325170288e-02,1.752489218768592538e+00,1.229235921462030756e+00,1.737436068993995386e+00,1.745475908315694991e+00,1.735689875454285325e+00,1.733597880237088606e+00,1.252839836243579419e-01,1.280716373424513055e-01
9.733036939065710103e-01,2.781596698328199224e-01,-3.173761185795673789e-01,-9.516348999890079652e-01,-2.971474676119034153e-01,-3.081596826700693792e-01,-2.932669996865266970e-01,-2.931209872382570802e-01,2.793141650235060336e-01,2.133814709214829630e-01
2.054854643875517195e-01,-9.605348500072741214e-01,2.407143466099075368e+00,4.142078240576640979e-01,2.480069812978108246e+00,2.440770883598163632e+00,2.494266107181567271e+00,2.494618605233970055e+00,1.054440242486891721e+00,-1.091822600501244800e+00
3.860693458519164345e-01,-2.519888946646688943e-01,9.638770024228352495e-01,2.974368213929591831e-01,9.592696438732317699e-01,9.616930314348760556e-01,9.587691538681375469e-01,9.580895917227992831e-01,7.983824683857285720e-01,-2.608399063470941415e-01
-7.401643964865806113e-01,1.218780565262364557e-01,1.773122238415395735e+00,1.275663957232781032e+00,1.757646936219555700e+00,1.765742728939825312e+00,1.755963023003651147e+00,1.753694274767565009e+00,6.499186442944125675e-02,1.576159150884680615e-01
9.772599929611105463e-01,2.477114763781834428e-01,-2.419662626761509006e-01,-9.364463806482958841e-01,-2.194985809873722660e-01,-2.317913745022794347e-01,-2.151341817027037084e-01,-2.150269194557395958e-01,3.112878437320488190e-01,1.790315412968800368e-01
1.347317604441959360e-01,-1.037482539764902789e+00,2.568065089318034566e+00,5.176174330888436703e-01,2.643442966609597544e+00,2.602583661865071285e+00,2.658282974325512971e+00,2.658477195272432425e+00,1.089527011820280222e+00,-1.170588462958295661e+00
3.710760536157593492e-01,-2.492289725150675372e-01,9.968564768291212630e-01,3.217556720241503410e-01,9.919702177190188319e-01,9.945003538126483411e-01,9.914652209525500748e-01,9.907169967771074504e-01,7.984042535582174249e-01,-2.573724920863407761e-01
-7.850887194153676196e-01,1.446168945729953970e-01,1.726890995800587136e+00,1.274586027490441476e+00,1.711556433431311586e+00,1.719455085756507406e+00,1.709969234430161134e+00,1.707634195303015634e+00,1.141625077698743551e-03,1.817225890458534221e-01
9.783596429786558524e-01,2.271671059743123333e-01,-1.916530416820590998e-01,-9.249358113481653820e-01,-1.677310501506119600e-01,-1.808725051623749636e-01,-1.630409715185654196e-01,-1.629708540518944870e-01,3.319724959968407552e-01,1.560121233428675425e-01
5.758060407825539573e-02,-1.076502483664004473e+00,2.634531018719343809e+00,6.032855343740668452e-01,2.709525859220192956e+00,2.668694136001158679e+00,2.724419010629305582e+00,2.724480148162894189e+00,1.083953673581268040e+00,-1.206417207277254100e+00
3.623314558913902639e-01,-2.474646125639079208e-01,1.014534342518290444e+00,3.351408522129729062e-01,1.009498557058440271e+00,1.012077357228534868e+00,1.008996903786690602e+00,1.008205573007423528e+00,7.977317572196038764e-01,-2.552039125565686017e-01
-8.080571725602753164e-01,1.631933860123711555e-01,1.633561041066632580e+00,1.238495610475505382e+00,1.618772857699969592e+00,1.626306036358860174e+00,1.617297678091089264e+00,1.614986374536238722e+00,-6.221127037685290212e-02,2.006362699420320972e-01
9.781376065332519909e-01,2.154299983789083606e-01,-1.632135305427657168e-01,-9.176766911066741583e-01,-1.384890901747471981e-01,-1.521133589832108501e-01,-1.336096028901194166e-01,-1.335702337716460630e-01,3.433081686624173123e-01,1.429467957246726151e-01
-2.051759817117142920e-02,-1.085616531494513648e+00,2.628013937937928812e+00,6.716673536083777041e-01,2.700546252457747709e+00,2.660929848225852101e+00,2.715043649610093812e+00,2.715006672367733742e+00,1.048640054391715593e+00,-1.208799844735684470e+00
3.587434541589409331e-01,-2.466816394359544473e-01,1.021188516177328864e+00,3.403216545256254055e-01,1.016098706419006792e+00,1.018685258285711548e+00,1.015604840675175868e+00,1.014790776081265333e+00,7.971926689437113245e-01,-2.542585929967269842e-01
-8.148149772304703609e-01,1.781271100399965945e-01,1.511171439671821881e+00,1.179470340213470081e+00,1.497189376723365495e+00,1.504256728888718753e+00,1.495830929847792312e+00,1.493606646339559640e+00,-1.226797980656392784e-01,2.151761181165521841e-01
9.777142332534896063e-01,2.107111611508627191e-01,-1.518928886126720279e-01,-9.144909439891760750e-01,-1.268525612062986474e-01,-1.406831398087180218e-01,-1.218877972532544929e-01,-1.218718129054466720e-01,3.476762120807591616e-01,1.377285234296919403e-01
-9.614568638278500612e-02,-1.073539829365322218e+00,2.570932416269474885e+00,7.252726527182737915e-01,2.639650499060417488e+00,2.602034134157557244e+00,2.653451405664617901e+00,2.653348569742581819e+00,9.940314202102559227e-01,-1.187796829144924571e+00
3.591665931199109485e-01,-2.467820489858884581e-01,1.020471222644459885e+00,3.397342290099070738e-01,1.015393540514865967e+00,1.017960325175668812e+00,1.014909962560354817e+00,1.014087937088729907e+00,7.972874735771026122e-01,-2.543785240876297316e-01
-8.103895939323815245e-01,1.900886327431685896e-01,1.373339886259216547e+00,1.106971561266759663e+00,1.360311907443533475e+00,1.366861060466086242e+00,1.359069596768188726e+00,1.356972020282825486e+00,-1.791298372112154758e-01,2.262634396071851184e-01
9.778017002842085414e-01,2.112645086489941260e-01,-1.531890480963252754e-01,-9.148979923572164719e-01,-1.281722488575842978e-01,-1.420146764176411502e-01,-1.231960285001687666e-01,-1.231970028997901451e-01,3.471849312078290062e-01,1.383389902866744015e-01
-1.675155871801141116e-01,-1.047560410546674259e+00,2.481644454166040958e+00,7.670605981956276631e-01,2.545765210152067581e+00,2.510611691095427034e+00,2.558689466972380977e+00,2.558545787829119789e+00,9.282569811571141916e-01,-1.151714120067191427e+00
3.626431121455666595e-01,-2.476523495210066483e-01,1.015119452907858655e+00,3.352537358168833914e-01,1.010097807043496498e+00,1.012626909474227732e+00,1.009625923671243042e+00,1.008806038675278405e+00,7.982951574645245074e-01,-2.554017111570971998e-01
-7.986027797051893362e-01,1.996964190286366347e-01,1.229326909444659499e+00,1.027634503093644680e+00,1.217323698230108331e+00,1.223333938921150610e+00,1.216194319902084375e+00,1.214245612086040094e+00,-2.311798136151512195e-01,2.347015691712218133e-01
9.788198095519966557e-01,2.156794931212678013e-01,-1.635217520331167795e-01,-9.183845364858772564e-01,-1.387548479365811882e-01,-1.524787156954169054e-01,-1.338169995199089135e-01,-1.338299843496959518e-01,3.434494291704631719e-01,1.431633071221702913e-01
-2.338732753367949169e-01,-1.013048428219725627e+00,2.373471136090134159e+00,7.996648781330961686e-01,2.432608951596940461e+00,2.400153129494557280e+00,2.444562747763565635e+00,2.444395945982735796e+00,8.569876679940723330e-01,-1.106615559614784416e+00
