9.592551521418546390e-01,9.592656424143555238e-01,9.592671632575162644e-01,9.592481812024272747e-01,9.592756318116062442e-01,9.592573240233140952e-01,9.592725649698840007e-01,9.592852501164305101e-01,9.592486748578537004e-01,9.592569664849908140e-01
-4.808870752103903135e-01,-4.808993808233162359e-01,-4.808921467000013550e-01,-4.808908348155622181e-01,-4.808935607636165011e-01,-4.808959518910550512e-01,-4.808945927454745251e-01,-4.808908835871222864e-01,-4.808889894845798652e-01,-4.808930603539204873e-01
-3.619008096544339970e-01,-3.619356674582984712e-01,5.178065760505914383e-01,-3.618922487887109574e-01,5.177916200965425597e-01,5.178289886721231250e-01,5.177984607222450020e-01,5.177707425557115384e-01,-3.618909843362492218e-01,-3.619115761146808885e-01
9.527224918380202690e-01,9.527254273305852950e-01,8.875600641721459461e-01,9.527219422168002883e-01,8.875612688412444218e-01,8.875582207940988511e-01,8.875607129178575416e-01,8.875628431664701612e-01,9.527217026873477934e-01,9.527234227233365438e-01
8.891169189551672014e-01,8.890993132371519669e-01,8.891667607552262709e-01,8.891308562413096084e-01,8.891572137391879904e-01,8.891549133962720619e-01,8.891181908238805498e-01,8.891620362894882001e-01,8.891010829147404371e-01,8.891404512405884919e-01
-5.100328757919887490e-01,-5.100409070760775210e-01,-5.100440242645224442e-01,-5.100390525983651280e-01,-5.100433641774458904e-01,-5.100468018003412318e-01,-5.100386235540310675e-01,-5.100408576575925501e-01,-5.100328233864570571e-01,-5.100417150421341361e-01
-2.384260518223417780e-01,-2.384136395700198474e-01,6.241747187277567610e-01,-2.384551628247076616e-01,6.241870018959336797e-01,6.241991455672867284e-01,6.242481121342217110e-01,6.241741732917888141e-01,-2.384002582204867715e-01,-2.384761832417564009e-01
8.978866869542547757e-01,8.978848956014812144e-01,7.739247366351947877e-01,8.978912760219310840e-01,7.739230284667850679e-01,7.739214364541487923e-01,7.739137344591124901e-01,7.739248404140858240e-01,8.978829060011673802e-01,8.978940162436482852e-01
7.844373415360538226e-01,7.842508362310494086e-01,7.845843497890406804e-01,7.845542587930420808e-01,7.844671150339695975e-01,7.845967116967422772e-01,7.843023362660972442e-01,7.844224081738429000e-01,7.844091238118954257e-01,7.845322275133468359e-01
-5.261509566162890783e-01,-5.261200297248380675e-01,-5.261853773755535979e-01,-5.261801521616777944e-01,-5.261610012532953462e-01,-5.261935677964948432e-01,-5.261259304867436093e-01,-5.261483611987036735e-01,-5.261471855897008609e-01,-5.261758310516058135e-01
-7.326207318098001964e-02,-7.298555780357168787e-02,7.544562879205038985e-01,-7.345449191974487424e-02,7.546025558619531282e-01,7.544492011564123413e-01,7.548195324349764590e-01,7.546524151335620711e-01,-7.321742154678248515e-02,-7.342579068546792320e-02
8.301637005351093501e-01,8.301029235858295996e-01,6.554855258876188806e-01,8.302056123646646135e-01,6.554543295157350125e-01,6.554889080159619352e-01,6.554066681089791846e-01,6.554435446471008619e-01,8.301543439283289860e-01,8.301978981608710839e-01
6.467221526365304340e-01,6.461334652302969106e-01,6.470529133856190995e-01,6.470723680183879667e-01,6.466796345930412304e-01,6.471325000604579714e-01,6.462539824769520935e-01,6.465123338618019577e-01,6.466789618755839353e-01,6.469623631097441985e-01
-5.263973132787124198e-01,-5.262370712811754725e-01,-5.264916804687295171e-01,-5.265006974871954126e-01,-5.263869979547739497e-01,-5.265225879050983160e-01,-5.262653783264785723e-01,-5.263367698284926455e-01,-5.263876119210396665e-01,-5.264681425969226503e-01
1.222416333810260047e-01,1.230849180139786808e-01,8.934301464639737844e-01,1.217186215178743952e-01,8.938330875094191441e-01,8.933538866542246604e-01,8.943098574838597159e-01,8.940072022755038983e-01,1.223065189020140497e-01,1.218718916469900826e-01
7.472859507556020020e-01,7.470425494731600669e-01,5.320134962536778866e-01,7.474350241813675355e-01,5.318998601544044913e-01,5.320399659655900004e-01,5.317624344645077716e-01,5.318505474695679469e-01,7.472682718098104804e-01,7.473875802436398263e-01
4.868071412410287513e-01,4.855858356736560966e-01,4.874110109178584338e-01,4.875252271179308927e-01,4.866246801023298429e-01,4.876026307505242352e-01,4.858178274106108585e-01,4.862552439690359662e-01,4.867455185071560830e-01,4.872658410682857433e-01
-5.111654147451529795e-01,-5.107313962596744528e-01,-5.113779499888774227e-01,-5.114264289178183098e-01,-5.110986940123976030e-01,-5.114601547190384956e-01,-5.108070622595299870e-01,-5.109641257373550571e-01,-5.111464538704227900e-01,-5.113291419462804299e-01
3.262395959943564794e-01,3.278770074359372289e-01,1.020573395490421476e+00,3.252537305599406681e-01,1.021294583945727252e+00,1.020408704991042637e+00,1.022060604611706447e+00,1.021626182826598228e+00,3.263263107886241188e-01,3.255956479426931338e-01
6.520757635974082644e-01,6.514811215976972214e-01,4.072756152176221223e-01,6.524293283433276747e-01,4.070189802793211520e-01,4.073436361819943174e-01,4.067411352188956553e-01,4.069006923089357186e-01,6.520461946285408539e-01,6.522990743261869451e-01
3.224324459921635855e-01,3.204940076853720621e-01,3.233724665827298894e-01,3.235945417161052995e-01,3.220818179360414035e-01,3.237007160111591286e-01,3.208700259874416316e-01,3.214566414400547023e-01,3.223455170494655686e-01,3.231504598834367137e-01
-4.852001768996518916e-01,-4.843360572042016421e-01,-4.856082158685387506e-01,-4.857210315436810144e-01,-4.850383781154566365e-01,-4.857762821930240449e-01,-4.844936422086205674e-01,-4.847586513364010030e-01,-4.851654144705628835e-01,-4.855141584278484523e-01
5.132834868475028012e-01,5.157007097755919034e-01,1.117627647157666271e+00,5.118132409859729171e-01,1.118613746250997965e+00,1.117389113056052707e+00,1.119580719146618275e+00,1.119082293688955732e+00,5.133962122814225149e-01,5.123584080058871670e-01
5.521149638789756287e-01,5.510254053710030853e-01,2.873126080556981377e-01,5.527694685488537818e-01,2.868767932114808517e-01,2.874327743534670909e-01,2.864413776477566231e-01,2.866692565419066141e-01,5.520671866665214367e-01,5.525135037502238999e-01
1.711748197636852598e-01,1.686536056911967230e-01,1.724686684330609121e-01,1.727613855640246499e-01,1.706933113027213622e-01,1.729251192754145128e-01,1.691829414434748990e-01,1.698070709443169624e-01,1.710535229093871068e-01,1.721450144603121346e-01
-4.564364985943556441e-01,-4.550276960095814838e-01,-4.571356983231532056e-01,-4.573217542797682889e-01,-4.561577763867588620e-01,-4.574237292055553517e-01,-4.553090239244405035e-01,-4.556649504412499385e-01,-4.563740023125390510e-01,-4.569626530031280498e-01
6.645581370893995921e-01,6.674797089682207307e-01,1.176015735191949352e+00,6.627100238358119011e-01,1.177114020564703711e+00,1.175746473707382611e+00,1.178117634509715517e+00,1.177648513379857986e+00,6.647007709842065459e-01,6.634106982999476987e-01
4.564878704244606511e-01,4.548436871756444955e-01,1.768761272054418798e-01,4.575146685817692016e-01,1.762706802676267392e-01,1.770448409002909340e-01,1.757063620653438463e-01,1.759752665685021533e-01,4.564119034572771128e-01,4.571044118413060131e-01
4.397026175922000291e-02,4.115759036288088590e-02,4.558420682436623017e-02,4.587681481229019531e-02,4.344221069054450546e-02,4.613237154537153106e-02,4.182192153297187298e-02,4.233852437391398549e-02,4.380975522740512829e-02,4.514429689921302391e-02
-4.335353771503719367e-01,-4.315264504041885774e-01,-4.346455904673832693e-01,-4.348900238303626264e-01,-4.331439604615159311e-01,-4.350863798953960027e-01,-4.319806037973089596e-01,-4.323634073668148337e-01,-4.334275905757535297e-01,-4.343432850706657744e-01
7.736864612268700148e-01,7.767230265486125829e-01,1.198323320392165270e+00,7.716463227155416771e-01,1.199351609415911790e+00,1.198073771279873245e+00,1.200245352763958717e+00,1.199858999601279397e+00,7.738558470735759087e-01,7.724155074316202407e-01
3.719284112528890018e-01,3.697478775666095951e-01,7.641513719111399372e-02,3.733732898737777139e-01,7.569346952434172215e-02,7.661560497405817127e-02,7.505235981026338321e-02,7.533624380554873601e-02,3.718124863040128680e-01,3.727971604882769352e-01
-5.674655017390212858e-02,-5.953147306839287611e-02,-5.489161016167667939e-02,-5.466872605574231436e-02,-5.723137897882854541e-02,-5.430089128551714162e-02,-5.877306284026221489e-02,-5.847615067875586159e-02,-5.694182671428321685e-02,-5.544073773740628569e-02
-4.241782090857683651e-01,-4.215438868133440375e-01,-4.258610242398838119e-01,-4.261275917916917400e-01,-4.237003027629417384e-01,-4.264934285322619090e-01,-4.222327150877627222e-01,-4.225395257698195683e-01,-4.240023262426836914e-01,-4.253597052274221690e-01
8.451322247390242737e-01,8.479548776532530585e-01,1.193864360673827285e+00,8.430941509492051456e-01,1.194681387376187898e+00,1.193672078439636186e+00,1.195400247472942157e+00,1.195080869170201954e+00,8.453161512089152341e-01,8.438437415687733978e-01
3.009004696601598194e-01,2.982185984881446927e-01,-1.889904665277979123e-02,3.028069740449045866e-01,-1.965534852487008100e-02,-1.869194545575096622e-02,-2.033661990862345448e-02,-2.002634006764161811e-02,3.007330962299936683e-01,3.020597718861125491e-01
-1.349897006818003287e-01,-1.374916653719443216e-01,-1.330070066966445030e-01,-1.328977325820484556e-01,-1.353663624936000953e-01,-1.324232148721251889e-01,-1.366941383995555759e-01,-1.366610385939603656e-01,-1.352066383478763567e-01,-1.336349347243909746e-01
-4.350236550364650623e-01,-4.317242604270251638e-01,-4.375166424907490081e-01,-4.377506779240173951e-01,-4.345017931721651405e-01,-4.383989367273016247e-01,-4.327347057682294218e-01,-4.328273344101796760e-01,-4.347491569586404703e-01,-4.367171890933869149e-01
8.886299894963398671e-01,8.910485536133442297e-01,1.172659890564056617e+00,8.867497682781952939e-01,1.173199604906476123e+00,1.172541042781175324e+00,1.173757773143402572e+00,1.173445136536047206e+00,8.888118473186374935e-01,8.874159949020200555e-01
2.418429790698709281e-01,2.386421176401436473e-01,-1.187641486793117457e-01,2.442863194808813643e-01,-1.194583089898436090e-01,-1.185810039859439419e-01,-1.201914847025312844e-01,-1.197742522085577244e-01,2.416119942070482918e-01,2.433524830663163219e-01
-1.981112785677548449e-01,-2.001603882630087483e-01,-1.961465827281246299e-01,-1.961615230752394023e-01,-1.983495174634254676e-01,-1.956174642128905850e-01,-1.993885758680409848e-01,-1.995938174324273784e-01,-1.983308429895846714e-01,-1.968014935885570305e-01
-4.728240985780014505e-01,-4.687756103325372847e-01,-4.764900100527229010e-01,-4.766137244522012373e-01,-4.723204101001685085e-01,-4.777154140636075130e-01,-4.702368967419618406e-01,-4.699271841071673839e-01,-4.724063418968874051e-01,-4.752447735929797856e-01
9.140367559750071091e-01,9.159772566005552896e-01,1.141217468680340241e+00,9.124253997141317241e-01,1.141488302682341693e+00,1.141168190385266623e+00,1.141936031916640504e+00,1.141575602478021034e+00,9.142006025920743628e-01,9.129715424392224055e-01
1.903141819388766143e-01,1.864720935504267096e-01,-2.372838219880533117e-01,1.934338462956986526e-01,-2.378079548172730151e-01,-2.371623261453666975e-01,-2.386775836519798855e-01,-2.379739251167696246e-01,1.900033287091179302e-01,1.922716801698716726e-01
-2.545566703184917734e-01,-2.560495172981940848e-01,-2.528038671243802438e-01,-2.529201738336121497e-01,-2.546615330633078544e-01,-2.523819350590385535e-01,-2.553811899870783719e-01,-2.557369619426628771e-01,-2.547539865379781499e-01,-2.534093444892513425e-01
-5.458125498317524249e-01,-5.408735316436581453e-01,-5.511903993956691616e-01,-5.510932864206734560e-01,-5.454189795954976772e-01,-5.529014322586782715e-01,-5.429743476463014806e-01,-5.419999290296836358e-01,-5.451848329794877213e-01,-5.492809107921995393e-01
9.285121708064499879e-01,9.299499361151656318e-01,1.100816885022058322e+00,9.272565839862625392e-01,1.100884279453362424e+00,1.100817638855441816e+00,1.101258158884173000e+00,1.100849659501162758e+00,9.286440711975135764e-01,9.276604835475601440e-01
1.399735715168983208e-01,1.352222274001663449e-01,-3.930370839287617990e-01,1.440021207839155548e-01,-3.932767222253013006e-01,-3.930253801490795618e-01,-3.944634827459061466e-01,-3.931639097824335960e-01,1.395590448190175414e-01,1.425306706081206354e-01
-3.128765715947877668e-01,-3.137500824463313465e-01,-3.116012271371417786e-01,-3.117633036931056756e-01,-3.128879149801880311e-01,-3.113528071956817578e-01,-3.132825460645017879e-01,-3.136421450382427256e-01,-3.130181006066447003e-01,-3.120483185376649593e-01
-6.647204407532386616e-01,-6.586643887245539064e-01,-6.725518165198928200e-01,-6.720925902051192447e-01,-6.645581841065615336e-01,-6.749502257168774610e-01,-6.616632303049279074e-01,-6.596861791445213230e-01,-6.637903385643415533e-01,-6.696788956928448888e-01
9.358034454961812187e-01,9.366943218451907471e-01,1.047541254827865975e+00,9.349959571940780201e-01,1.047503969409258495e+00,1.047561088749017211e+00,1.047786823021342961e+00,1.047419877830841228e+00,9.358901105842183377e-01,9.352333110607883304e-01
8.310472444817383619e-02,7.698861688415956084e-02,-6.093916777142691643e-01,8.839732689653133357e-02,-6.092482607041559417e-01,-6.095470392898751921e-01,-6.110395198414948492e-01,-6.087000616929401087e-01,8.255254567302687529e-02,8.648450708131917575e-02
-3.815871436583990750e-01,-3.817834266747405225e-01,-3.811369225210579637e-01,-3.812641409488411459e-01,-3.815716042813043218e-01,-3.811485958148062014e-01,-3.816375856554158341e-01,-3.818084510402626752e-01,-3.816292031066712553e-01,-3.812818884807673281e-01
-8.429997529502130105e-01,-8.354052679729933040e-01,-8.541861617289466801e-01,-8.532377330378756453e-01,-8.431719034329594464e-01,-8.575342024104561922e-01,-8.396250227920659670e-01,-8.363127767711326932e-01,-8.416605644148450471e-01,-8.500003942550218294e-01
9.366885705924846706e-01,9.369147845152799858e-01,9.731125495887424925e-01,9.364562768320354724e-01,9.730722065795148756e-01,9.731150615569191809e-01,9.731759141313878203e-01,9.730342484178386986e-01,9.367152000617124941e-01,9.364860628407349896e-01
1.085946769331715134e-02,2.707138360950156475e-03,-9.142925759158657684e-01,1.792783895275162909e-02,-9.137361690908150091e-01,-9.146685754806397339e-01,-9.164677023402935108e-01,-9.126158645653011936e-01,1.012147087011527891e-02,1.538039288936265958e-02
-4.692536510908759118e-01,-4.686409641874502152e-01,-4.700293139629676542e-01,-4.700475310844708376e-01,-4.692698109522061567e-01,-4.704086854436861920e-01,-4.689572747682309029e-01,-4.687573083619482328e-01,-4.691495806906461619e-01,-4.697141898657983261e-01
-1.095271876803539657e+00,-1.085247874101642696e+00,-1.110681792976409454e+00,-1.109264303093748349e+00,-1.095717753247312132e+00,-1.115282953872038352e+00,-1.091035934408261632e+00,-1.086314093968054006e+00,-1.093448392416565218e+00,-1.104902650232612915e+00
9.297747566582693635e-01,9.291182816591709859e-01,8.660415883448591146e-01,9.303064997262037172e-01,8.660638171187634571e-01,8.659957226092974691e-01,8.658659271561661708e-01,8.661558006276417476e-01,9.297216270316330800e-01,9.300612431483006315e-01
-8.637855191655094411e-02,-9.741397686737415795e-02,-1.337817166138196345e+00,-7.683563564152880165e-02,-1.336982779118245368e+00,-1.338429899130086032e+00,-1.340809307733417111e+00,-1.335308683199479596e+00,-8.737520790117742076e-02,-8.027383879257167509e-02
-5.836132282521471204e-01,-5.818363304086622279e-01,-5.859511918413059517e-01,-5.858681610435780840e-01,-5.836279999916252903e-01,-5.868125462695338301e-01,-5.827494671776523028e-01,-5.821507869709577898e-01,-5.833398649120786761e-01,-5.850740136020271542e-01
-1.430296723005366699e+00,-1.416082245777708692e+00,-1.450235016384920028e+00,-1.448773977869213248e+00,-1.430511231304467445e+00,-1.456343741757653021e+00,-1.423675318477612750e+00,-1.418246367334019320e+00,-1.428054849092743384e+00,-1.442941525164593619e+00
9.123936868474017414e-01,9.105638181747420790e-01,7.140363180348781036e-01,9.139589283622748805e-01,7.140869975860906216e-01,7.139400570767514553e-01,7.135612419740433587e-01,7.142960002601898006e-01,9.122291309239694002e-01,9.133430894752885276e-01
-2.173852668041360015e-01,-2.321176846486926737e-01,-1.901654542811582305e+00,-2.044880605621213765e-01,-1.901084208009626408e+00,-1.902388076529720529e+00,-1.905512290352373128e+00,-1.899356231568118281e+00,-2.187598013228798377e-01,-2.091136877430424534e-01
-7.266976331101946407e-01,-7.230785589866973728e-01,-7.305644115858540566e-01,-7.305797369012527742e-01,-7.264701750625175425e-01,-7.319622648596184611e-01,-7.246309019990521127e-01,-7.239923624289205106e-01,-7.263096612076680447e-01,-7.292300166070774248e-01
-1.829315328943665220e+00,-1.808408717906124119e+00,-1.852391910776999717e+00,-1.851978843928634433e+00,-1.828088681921644643e+00,-1.859919186087653831e+00,-1.817571231843953861e+00,-1.813531279849353028e+00,-1.827035358298350287e+00,-1.844523149602824263e+00
8.823646640264438679e-01,8.791125493611319230e-01,5.121883735720060837e-01,8.853031791900329850e-01,5.119545366561488731e-01,5.121367333277200284e-01,5.113499779116992272e-01,5.119790005484267104e-01,8.820350424103465814e-01,8.842068763366832673e-01
-3.839171139165979962e-01,-4.026894030514016620e-01,-2.585527797461845800e+00,-3.667283761467310388e-01,-2.586883487958715033e+00,-2.585867043373810237e+00,-2.590426131348094074e+00,-2.586746560293896380e+00,-3.858553957223657682e-01,-3.728073649769342301e-01
-8.827285507248043839e-01,-8.767403411397294288e-01,-8.873017637085978127e-01,-8.877790343491562819e-01,-8.818623438298527351e-01,-8.890782435773910697e-01,-8.787171049836587366e-01,-8.788020525658670756e-01,-8.823928105730642901e-01,-8.859509344813309983e-01
-2.207726800704502335e+00,-2.179342121440980051e+00,-2.229862162648578394e+00,-2.231795442443130106e+00,-2.203717738177901175e+00,-2.237875594726988826e+00,-2.188865426076807008e+00,-2.189083927723026957e+00,-2.206098726958896972e+00,-2.223356192972417933e+00
8.423252257336345528e-01,8.375916929592738258e-01,2.827104902572259437e-01,8.469526238187744527e-01,2.812469612584008738e-01,2.830222224543222920e-01,2.809270921635941831e-01,2.802682332567391077e-01,8.417625803174363375e-01,8.452900680072851225e-01
-5.665296490951109432e-01,-5.888787049518591221e-01,-3.264723068484572277e+00,-5.444718652200846165e-01,-3.271814662663425466e+00,-3.263384007570659051e+00,-3.273263135968462301e+00,-3.276502369521566038e+00,-5.692160090047970744e-01,-5.521019656055921043e-01
-1.012481720711537525e+00,-1.004939606926191553e+00,-1.016491136815276697e+00,-1.017525365378484370e+00,-1.010924425880163735e+00,-1.018243923713651355e+00,-1.006878940654725385e+00,-1.008064067260453056e+00,-1.012340477093704116e+00,-1.015591140509227053e+00
-2.423831110653061227e+00,-2.392711723316444328e+00,-2.440657279576658567e+00,-2.444711309334294480e+00,-2.417504879324203326e+00,-2.447596158368922303e+00,-2.400839830596620761e+00,-2.405640517965301761e+00,-2.423211057189994300e+00,-2.436870465064557401e+00
8.038374434442621119e-01,7.977263442767804635e-01,8.599285376949464266e-02,8.101906214703283871e-01,8.193264175908615554e-02,8.713350168310465826e-02,8.155292471353378647e-02,7.900826858405157749e-02,8.030274756981967688e-01,8.079650780223542883e-01
-7.189642002778512397e-01,-7.440470626843038726e-01,-3.716407317174859948e+00,-6.926784147345467213e-01,-3.733422956255674663e+00,-3.711949489381800138e+00,-3.734851642064965116e+00,-3.745563820932520382e+00,-7.223164242032914517e-01,-7.016046062402762074e-01
-1.084862157124402371e+00,-1.077607576494292507e+00,-1.087844311372241357e+00,-1.089038393020872908e+00,-1.083126245119856002e+00,-1.089278095150000958e+00,-1.079209367277566223e+00,-1.080879761919846249e+00,-1.084855999710311991e+00,-1.087365525318008563e+00
-2.411699221223025269e+00,-2.384814183046069402e+00,-2.422925450489418431e+00,-2.427211713222925393e+00,-2.405350225831734079e+00,-2.428034121349440966e+00,-2.390849820323545760e+00,-2.396996700694786764e+00,-2.411642450046102226e+00,-2.421096746648657039e+00
7.796387398613745523e-01,7.723379857995508191e-01,-2.661005872364764768e-02,7.872690911310925577e-01,-3.363254287390549102e-02,-2.451280306295833267e-02,-3.507705248583041502e-02,-3.849565238736610273e-02,7.786755290146717412e-01,7.846181627275827797e-01
-8.062951465580647792e-01,-8.331940157488243459e-01,-3.823634535854535166e+00,-7.779758284406821378e-01,-3.849968683371157052e+00,-3.816206087360685562e+00,-3.855151601489206215e+00,-3.868074214009512790e+00,-8.098705800377226094e-01,-7.875391870657705295e-01
-1.106709321520131573e+00,-1.100768865842983280e+00,-1.109021483332636393e+00,-1.110008059151522675e+00,-1.105243144092369123e+00,-1.110133341578577904e+00,-1.102054649244445628e+00,-1.103488653193456681e+00,-1.106707402071340107e+00,-1.108671938223398268e+00
-2.244217668700403845e+00,-2.224094849956682829e+00,-2.252158376854518362e+00,-2.255405781377322505e+00,-2.239311869946773115e+00,-2.255779674154724912e+00,-2.228524497362395884e+00,-2.233357793981399997e+00,-2.244183521144615501e+00,-2.250934693928213548e+00
7.714758895806587136e-01,7.633199466128574029e-01,-6.125570133629745784e-02,7.797332248972462798e-01,-7.032976803508188268e-02,-5.849430456787289845e-02,-7.326642917388323517e-02,-7.631527862345124924e-02,7.704780162531978949e-01,7.768562978834142596e-01
-8.385167289956416692e-01,-8.659696880378280337e-01,-3.684508695377403775e+00,-8.105248870248522586e-01,-3.715553975250462493e+00,-3.675563396221308565e+00,-3.725318935074206639e+00,-3.735908850975555584e+00,-8.419012541956676365e-01,-8.200090247432166857e-01
-1.101235429934638299e+00,-1.096608662639380283e+00,-1.103257667207091064e+00,-1.103949586890703882e+00,-1.100141115814148085e+00,-1.104151865302560376e+00,-1.097695726701691576e+00,-1.098657924832508126e+00,-1.101178490874888949e+00,-1.102867376800323651e+00
-2.019232147357406415e+00,-2.004766307001047743e+00,-2.025622691621303151e+00,-2.027717443789231133e+00,-2.015849930420765546e+00,-2.028310659329345622e+00,-2.008218881767574349e+00,-2.011211191116881292e+00,-2.019032893220262803e+00,-2.024374218021078864e+00
7.737618437054296638e-01,7.651254685978814418e-01,-5.145250916752161507e-02,7.821741227906386928e-01,-6.152962752984118822e-02,-4.836157788710045147e-02,-6.569161618924442003e-02,-6.791574150839956026e-02,7.727954595997529319e-01,7.792244602224868144e-01
-8.432523706455163914e-01,-8.700655869432004641e-01,-3.445212004490161295e+00,-8.169470823448644614e-01,-3.477002019161457014e+00,-3.435994157007669081e+00,-3.489826284457314909e+00,-3.497038496837145072e+00,-8.462777170072234290e-01,-8.259102512466448553e-01
-1.084964266853316595e+00,-1.081316645054494652e+00,-1.086876361142212755e+00,-1.087325253431274730e+00,-1.084176152738998589e+00,-1.087637367918952158e+00,-1.082288960605564787e+00,-1.082832343009097142e+00,-1.084849539328740509e+00,-1.086407817716941171e+00
-1.789933661059625036e+00,-1.779354864129312208e+00,-1.795521472348758696e+00,-1.796770410460365452e+00,-1.787670961589656216e+00,-1.797643499162743463e+00,-1.782213762366446685e+00,-1.783777891886162870e+00,-1.789584923523112936e+00,-1.794142905817369460e+00
7.813884001706059568e-01,7.725541612438899808e-01,-2.235642837142382683e-02,7.897132789506610129e-01,-3.277637909593812682e-02,-1.914485056324631215e-02,-3.773604467649743083e-02,-3.918587552935118290e-02,7.804748041929208124e-01,7.867756380325567900e-01
-8.389707648285035235e-01,-8.643908706243950135e-01,-3.189161940060430744e+00,-8.148376439407229999e-01,-3.219634585729532983e+00,-3.180312347420688468e+00,-3.233826227644519768e+00,-3.238282190324612397e+00,-8.416241096460490567e-01,-8.231017629250438894e-01
-1.065749254462669215e+00,-1.062768191694791531e+00,-1.067611080187815809e+00,-1.067889875238376751e+00,-1.065176899291919721e+00,-1.068288785989071066e+00,-1.063670420874978761e+00,-1.063912512164313817e+00,-1.065591340009906407e+00,-1.067077824175443945e+00
-1.574940823741931784e+00,-1.566905804201250252e+00,-1.579984945381488703e+00,-1.580693336928651549e+00,-1.573409877005028212e+00,-1.581740740853578853e+00,-1.569366304682995095e+00,-1.570009840418988389e+00,-1.574503074565635874e+00,-1.578534093957355333e+00
7.915590379699778412e-01,7.827024279412340135e-01,1.358333151672252645e-02,7.996938051345391374e-01,3.157250460335429831e-03,1.680962803463219996e-02,-2.260798309346570556e-03,-3.120475881498087356e-03,7.906995158923405542e-01,7.968078061577990034e-01
-8.336269760366448178e-01,-8.572886203656733262e-01,-2.947492938116323735e+00,-8.117233985008850405e-01,-2.975818382441704824e+00,-2.939267788229881440e+00,-2.990226790314654437e+00,-2.992787451975571500e+00,-8.359473147386183856e-01,-8.192511491538344570e-01
-1.046701171568362732e+00,-1.044165794309326989e+00,-1.048526250833617501e+00,-1.048693003515997146e+00,-1.046272862944271020e+00,-1.049148307452082873e+00,-1.045020292570870479e+00,-1.045062621844844886e+00,-1.046515110184945918e+00,-1.047950990411611549e+00
-1.378046246210701264e+00,-1.371696387592361788e+00,-1.382632139168589847e+00,-1.383013252678632288e+00,-1.376977854616506125e+00,-1.384128422647590728e+00,-1.373858075035941484e+00,-1.373957165433129957e+00,-1.377570930224072621e+00,-1.381182233565917183e+00
8.030280784246905945e-01,7.942501812669919836e-01,5.123490385000734060e-02,8.109364354260774066e-01,4.096125211176001452e-02,5.442613056904600094e-02,3.530961665046386533e-02,3.486802814820490204e-02,8.022176236132702032e-01,8.081185996314493858e-01
-8.297353720032903945e-01,-8.515037709136241695e-01,-2.727730650983583249e+00,-8.099604411079651678e-01,-2.753659172707500602e+00,-2.720207345801361143e+00,-2.767617312510339822e+00,-2.768959205124896350e+00,-8.317686730100644077e-01,-8.167722471076095392e-01
-1.028896586921395739e+00,-1.026662823921958623e+00,-1.030684424798056886e+00,-1.030779083315852551e+00,-1.028562988555000501e+00,-1.031266444598408327e+00,-1.027481095224030527e+00,-1.027396042329856263e+00,-1.028693799568496603e+00,-1.030086358845183847e+00
-1.198276016330890759e+00,-1.193086595498757951e+00,-1.202437306749156276e+00,-1.202625221129472122e+00,-1.197500518469150288e+00,-1.203734091223394254e+00,-1.195004347246677145e+00,-1.194801383555673446e+00,-1.197797544321757002e+00,-1.201041774280585672e+00
8.153256719702164368e-01,8.066833770170265261e-01,8.876393115978616077e-02,8.229997991988347028e-01,7.871420707584222964e-02,9.189756797416748224e-02,7.296982780462971108e-02,7.281682968946444345e-02,8.145582634686813206e-01,8.202558958335630646e-01
-8.276470188087216018e-01,-8.475063866466600038e-01,-2.529242378742171393e+00,-8.098565452275381382e-01,-2.552767012883255582e+00,-2.522424370479864120e+00,-2.565916510174118592e+00,-2.566500241164678009e+00,-8.294332797570777016e-01,-8.159921860885145373e-01
-1.012634066200663430e+00,-1.010609808260524156e+00,-1.014381425151064553e+00,-1.014430162571413385e+00,-1.012362814238802589e+00,-1.014932649595196690e+00,-1.011398174072486889e+00,-1.011234051440846882e+00,-1.012422415592799441e+00,-1.013774298265629925e+00
-1.033635950863471376e+00,-1.029286361646042591e+00,-1.037393737366067992e+00,-1.037469732528952360e+00,-1.033049604847141811e+00,-1.038527428114602191e+00,-1.030993813820114013e+00,-1.030636934919939796e+00,-1.033175181056975367e+00,-1.036085141973395629e+00
8.283371697231590725e-01,8.198621540331322288e-01,1.256841554728869714e-01,8.357807020677233689e-01,1.158884447669133871e-01,1.287506161178036401e-01,1.101383221971162785e-01,1.101829453210845383e-01,8.276074073272946530e-01,8.331116716756984397e-01
-8.270029033613307545e-01,-8.449960887064087434e-01,-2.349310575592950645e+00,-8.110504716568744943e-01,-2.370519650449590454e+00,-2.343172624565391438e+00,-2.382682065439460928e+00,-2.382806620106594497e+00,-8.285743602940992547e-01,-8.165540014774876898e-01
-9.979501887070253430e-01,-9.960764193785222043e-01,-9.996543953128049775e-01,-9.996740973829333354e-01,-9.977203608018546666e-01,-1.000180615383207572e+00,-9.968386521550844925e-01,-9.966269251566135523e-01,-9.977348764366354983e-01,-9.990474000144168309e-01
-8.822698737157521620e-01,-8.785604665321130602e-01,-8.856438139196884940e-01,-8.856565511998513163e-01,-8.818095849354847804e-01,-8.866383881678920886e-01,-8.800806131078671157e-01,-8.796580743152241366e-01,-8.818386029899353273e-01,-8.844395294711595579e-01
8.421061368780224932e-01,8.338155096605401884e-01,1.620205628242021856e-01,8.493270085299273742e-01,1.524890305261503154e-01,1.650164881490426838e-01,1.467867358383148080e-01,1.469664645152225502e-01,8.414095671100327856e-01,8.467316387994601179e-01
-8.272981655002805690e-01,-8.434967734807060635e-01,-2.185173435797168828e+00,-8.130470358840148348e-01,-2.204189856278052417e+00,-2.179680026578566743e+00,-2.215289659217686502e+00,-2.215146157514658487e+00,-8.286805006369013515e-01,-8.179616039216587309e-01
-9.848202705494357723e-01,-9.830587321316263116e-01,-9.864798896883947288e-01,-9.864814245409521121e-01,-9.846183627328549681e-01,-9.869849646905113350e-01,-9.837972972362328816e-01,-9.835582651733746351e-01,-9.846046692602847816e-01,-9.858789378089820588e-01
-7.427140322089808011e-01,-7.395166855477677270e-01,-7.457247512029203662e-01,-7.457032179576259523e-01,-7.423412207758587344e-01,-7.465973158034859836e-01,-7.408668508177498335e-01,-7.404301841095520809e-01,-7.423183502621769625e-01,-7.446322463696980476e-01
8.567452250113836154e-01,8.486472852818487400e-01,1.979649202214874004e-01,8.637528564762716465e-01,1.886977778826734453e-01,2.008900778736346093e-01,1.830760099568403965e-01,1.833480478896523935e-01,8.560782536217745875e-01,8.612289422209080669e-01
-8.280825550391410772e-01,-8.425725200055345088e-01,-2.034580859533681174e+00,-8.154072616068666068e-01,-2.051537908481112282e+00,-2.029693451300677687e+00,-2.061558818232458901e+00,-2.061268906734156303e+00,-8.292965240885332712e-01,-8.197737476560671421e-01
-9.732317786856252706e-01,-9.715572328640794675e-01,-9.748465378426651728e-01,-9.748369180350882068e-01,-9.730490423930470145e-01,-9.753332171883540846e-01,-9.722739045576669348e-01,-9.720205933366897755e-01,-9.730180394114951170e-01,-9.742552917196753981e-01
-6.138717108353771712e-01,-6.111009264598246116e-01,-6.165408427415826065e-01,-6.165022209678154841e-01,-6.135625147463265039e-01,-6.173045201903480939e-01,-6.122952353747309617e-01,-6.118737109721392731e-01,-6.135141937560452119e-01,-6.155614127568547200e-01
8.723952538275092650e-01,8.644925695705808488e-01,2.337372764451861595e-01,8.791996013723984982e-01,2.247293714403293119e-01,2.365931306084612107e-01,2.192074789613911445e-01,2.195424400737135129e-01,8.717549579728242071e-01,8.767444126373228341e-01
-8.290215911510873115e-01,-8.418961461987097827e-01,-1.895852454691233646e+00,-8.178064506550785095e-01,-1.910884520803069142e+00,-1.891532221559042215e+00,-1.919844869968486689e+00,-1.919485783226206221e+00,-8.300843952213616816e-01,-8.216634277863795743e-01
-9.632072564781869461e-01,-9.616026532928629855e-01,-9.647778285496289019e-01,-9.647615960341840990e-01,-9.630379882447698270e-01,-9.652482188509327043e-01,-9.622988426963325903e-01,-9.620395497645302108e-01,-9.629967180987674125e-01,-9.641984268249434997e-01
-4.949206495609387302e-01,-4.925165936246773679e-01,-4.972703980275346991e-01,-4.972247751634520929e-01,-4.946600556637955615e-01,-4.979358905549095549e-01,-4.935672719488009563e-01,-4.931767092532747254e-01,-4.946017303139572663e-01,-4.964015804803252330e-01
8.892048650971833279e-01,8.814959013094574303e-01,2.695314463016418305e-01,8.958162534737313942e-01,2.607743229372020966e-01,2.723205059457828314e-01,2.553627985076236673e-01,2.557404096991627851e-01,8.885888054183511686e-01,8.934266893101249218e-01
-8.299072570541858873e-01,-8.412633570700821517e-01,-1.767791737109276839e+00,-8.200443722108171629e-01,-1.781030993315577016e+00,-1.764000534314992263e+00,-1.788969600684184869e+00,-1.788590082035464546e+00,-8.308335612215803634e-01,-8.234284335197884497e-01
-9.548073122047245898e-01,-9.532607477900687520e-01,-9.563351291392221398e-01,-9.563152352068694517e-01,-9.546477620814053378e-01,-9.567909729546049125e-01,-9.539376932461740566e-01,-9.536776257405584767e-01,-9.546007683716162262e-01,-9.557686687493373023e-01
-3.852197419647707677e-01,-3.831382072611347889e-01,-3.872724534847297728e-01,-3.872256399846443209e-01,-3.849980709724634687e-01,-3.878489186008429179e-01,-3.840562981302833023e-01,-3.837044063314387632e-01,-3.849385540031100006e-01,-3.865095437677539825e-01
9.073177323602091837e-01,8.997976830953589022e-01,3.054928970431234347e-01,9.137470044946427450e-01,2.969756477887942059e-01,3.082184314160625882e-01,2.916788245492604736e-01,2.920850532070511374e-01,9.067237906327434427e-01,9.114196041636601908e-01
-8.306524217485997674e-01,-8.405887432774725720e-01,-1.649576584754203878e+00,-8.220400100629855489e-01,-1.661151912134188890e+00,-1.646277256725772187e+00,-1.668119749263721863e+00,-1.667750127906550084e+00,-8.314550720475749612e-01,-8.249861085831969865e-01
-9.481253007692395096e-01,-9.466280722383917379e-01,-9.496124303945966405e-01,-9.495907949291474415e-01,-9.479729726630192754e-01,-9.500552793209726676e-01,-9.472869617655071961e-01,-9.470292877321948577e-01,-9.479231702893414768e-01,-9.490592761700500368e-01
-2.842319223278328422e-01,-2.824383398651901800e-01,-2.860097568554670344e-01,-2.859649781521601541e-01,-2.840427152334442096e-01,-2.865053049124687834e-01,-2.832341087887036424e-01,-2.829237329073703289e-01,-2.839868182597794499e-01,-2.853467518588158058e-01
9.268603441436364943e-01,9.195215165572173666e-01,3.417063769456163969e-01,9.331191265579326100e-01,3.334159026217543564e-01,3.443723038733128572e-01,3.282335780603364839e-01,3.286587163874811202e-01,9.262865871551221320e-01,9.308500163982884601e-01
-8.312817432504685522e-01,-8.398973740446169511e-01,-1.540662310665190438e+00,-8.238229850799922982e-01,-1.550698947601134803e+00,-1.537818792768605336e+00,-1.556754029657610117e+00,-1.556412640284712268e+00,-8.319722559225479763e-01,-8.263646750296805843e-01
-9.432772687491748353e-01,-9.418226064998731495e-01,-9.447263468645662465e-01,-9.447042140069195071e-01,-9.431304674175747804e-01,-9.451576707018568557e-01,-9.424646669440589486e-01,-9.422111909596817547e-01,-9.430797011686063991e-01,-9.441863237768578498e-01
-1.914644487813895180e-01,-1.899303040978037871e-01,-1.929891283214749675e-01,-1.929480457318031306e-01,-1.913031908542407455e-01,-1.934111021968323851e-01,-1.906134661662116925e-01,-1.903445719245582812e-01,-1.912533214512525392e-01,-1.924193186793372590e-01
9.479253043710653692e-01,9.407572422589220995e-01,3.781820263629294132e-01,9.540263000535530447e-01,3.701030030542355465e-01,3.807928762799857036e-01,3.650314167524886244e-01,3.654687970835314159e-01,9.473698668339710638e-01,9.518111118961557482e-01
-8.319233416477032073e-01,-8.393167405050587782e-01,-1.440704757244225309e+00,-8.255257268751468036e-01,-1.449324062689256953e+00,-1.438282149439301216e+00,-1.454528153139487134e+00,-1.454225471884917908e+00,-8.325122273214706770e-01,-8.276952838913944621e-01
-9.403867369146288180e-01,-9.389689591644444500e-01,-9.418009377389002790e-01,-9.417791002048389037e-01,-9.402442700283275556e-01,-9.422221897454154949e-01,-9.395955313996606773e-01,-9.393471297560771482e-01,-9.401936732475210112e-01,-9.412734429917338774e-01
-1.064237249764578702e-01,-1.051244262836677490e-01,-1.077163260565709435e-01,-1.076796550022278004e-01,-1.062870744825442498e-01,-1.080714498823135555e-01,-1.057042651435955993e-01,-1.054751618716485428e-01,-1.062442092285546119e-01,-1.072326762935819772e-01
9.705447033358576281e-01,9.635341556517308392e-01,4.148324003682402061e-01,9.765019679014241838e-01,4.069471040711681864e-01,4.173933007167821008e-01,4.019795279064004578e-01,4.024246518022775443e-01,9.700056802178618209e-01,9.743357463597467349e-01
-8.328020005838604467e-01,-8.390700291537843691e-01,-1.349501374633094830e+00,-8.273770948947068993e-01,-1.356820473754938305e+00,-1.347466052032490591e+00,-1.361236817686471978e+00,-1.360978164034824855e+00,-8.332989697176321764e-01,-8.292055234120427887e-01
-9.395610083304153370e-01,-9.381749415251121604e-01,-9.409440350246964790e-01,-9.409229702875605561e-01,-9.394219855482514037e-01,-9.413566796522078173e-01,-9.387875549697408673e-01,-9.385444561794141771e-01,-9.393722079837955041e-01,-9.404280930410422457e-01
-2.858165902760756438e-02,-2.749529689179075476e-02,-2.966242223644248444e-02,-2.963030733884272627e-02,-2.846698314377926753e-02,-2.995686912278515412e-02,-2.798071321279203827e-02,-2.778881410537654972e-02,-2.843126217232787301e-02,-2.925782521553327298e-02
9.946458187865739875e-01,9.877766206017803974e-01,4.514325450464236056e-01,1.000474984844614612e+00,4.437206233993464255e-01,4.539491828048545230e-01,4.388477328981638670e-01,4.392976701025855246e-01,9.941211560531127978e-01,9.983520942691315181e-01
-8.342327941246924228e-01,-8.394697273368205703e-01,-1.266945392241540791e+00,-8.296963410942856942e-01,-1.273076630065586468e+00,-1.265265170186762766e+00,-1.276768272370260471e+00,-1.276555602230109887e+00,-8.346468757223103330e-01,-8.312132849519831002e-01
-9.408523113777653712e-01,-9.394928805570293973e-01,-9.422083858988704597e-01,-9.421883280416207818e-01,-9.407160027112824174e-01,-9.426138837997559694e-01,-9.400933391085765090e-01,-9.398553045364209657e-01,-9.406673492122580305e-01,-9.417026586458333570e-01
4.264817837445568360e-02,4.354151404859037122e-02,4.176003838400124679e-02,4.178779507170424234e-02,4.274307848611873240e-02,4.152062850550333750e-02,4.314200413163642167e-02,4.329970383653646004e-02,4.277198730435287366e-02,4.209257895524080861e-02
1.019976795088471277e+00,1.013229719798650397e+00,4.875521033404415783e-01,1.025695194454520509e+00,4.799903711372706105e-01,4.900306178379648658e-01,4.752005279061761733e-01,4.756534876266162448e-01,1.019464165716455817e+00,1.023609237523118498e+00
-8.366122870533614364e-01,-8.409087593746323863e-01,-1.192986987696110779e+00,-8.328845715482882106e-01,-1.198037181055315203e+00,-1.191631337580716821e+00,-1.201065617040279587e+00,-1.200898733335633795e+00,-8.369518811949724357e-01,-8.341181439427451938e-01
-9.441918849774060263e-01,-9.428538173328023797e-01,-9.455257084046448934e-01,-9.455066650332498712e-01,-9.440576125660088413e-01,-9.459254395907045199e-01,-9.434443110532461096e-01,-9.432107517283789822e-01,-9.440101157521550990e-01,-9.450284651834466310e-01
1.079241824139938327e-01,1.086427299941740143e-01,1.072106738429708939e-01,1.072344716636189077e-01,1.080012281137824048e-01,1.070212035620246444e-01,1.083210368018782538e-01,1.084476539011812735e-01,1.080239044660543379e-01,1.074778982220148671e-01
1.045981933202718706e+00,1.039334594278701340e+00,5.224422075149094402e-01,1.051608524275256640e+00,5.150045705880670344e-01,5.248889420129504435e-01,5.102841479102270261e-01,5.107391519756350196e-01,1.045478581631904103e+00,1.049552293200264330e+00
-8.404016817732589129e-01,-8.438435528191221557e-01,-1.127593585635454421e+00,-8.374080870572768731e-01,-1.131663092493444100e+00,-1.126533884030858523e+00,-1.134087111546027593e+00,-1.133964496098901487e+00,-8.406745568528853907e-01,-8.383846342540206553e-01
-9.492765353494472258e-01,-9.479541497843119169e-01,-9.505931712925242971e-01,-9.505748820891191109e-01,-9.491435790482755097e-01,-9.509882567455754110e-01,-9.485374117625733348e-01,-9.483074671006476164e-01,-9.490970152864328657e-01,-9.501022151355450474e-01
1.679761838260835916e-01,1.685366054462500429e-01,1.674207396268642123e-01,1.674410853955693446e-01,1.680370989487723343e-01,1.672766684411039484e-01,1.682851471744454264e-01,1.683837095678876739e-01,1.680542271054014103e-01,1.676289995620947881e-01
1.071593166566769950e+00,1.065020106414785950e+00,5.548499005853304578e-01,1.077148090897096289e+00,5.475075921245283750e-01,5.572708938030755954e-01,5.428415224914756587e-01,5.432981224670130338e-01,1.071095699537831347e+00,1.075113593098038667e+00
-8.460910640440784114e-01,-8.487582065914894836e-01,-1.070697519349998128e+00,-8.437627490208272629e-01,-1.073879166349168024e+00,-1.069907296150520049e+00,-1.075753825755870086e+00,-1.075673219046018536e+00,-8.463043001614057870e-01,-8.445065621727041449e-01
-9.553734824475309528e-01,-9.540605685406654546e-01,-9.566780801256594691e-01,-9.566599001541135072e-01,-9.552409823836041092e-01,-9.570690302886742939e-01,-9.546401029632274327e-01,-9.544127036812558584e-01,-9.551948287863554210e-01,-9.561906227339117548e-01
2.235805338721200131e-01,2.239978555712588137e-01,2.231682034527692760e-01,2.231856337287934089e-01,2.236268713342882686e-01,2.230655366910008763e-01,2.238096881493839563e-01,2.238829978353692740e-01,2.236391391627599035e-01,2.233233211504270233e-01
1.094884768920642903e+00,1.088358000506649770e+00,5.827188126809451640e-01,1.100388210707688552e+00,5.754412884751767265e-01,5.851188308825711060e-01,5.708141193171458738e-01,5.712720996754175884e-01,1.094388866262202775e+00,1.098366852828709161e+00
-8.541240075140213994e-01,-8.560890496885018575e-01,-1.022111458875750278e+00,-8.523985980746175972e-01,-1.024489405761455973e+00,-1.021566579703470978e+00,-1.025865141531399072e+00,-1.025823945740015564e+00,-8.542838764548865704e-01,-8.529315928224524557e-01
-9.609899369617821430e-01,-9.596797727140721213e-01,-9.622871476746899244e-01,-9.622678248732674522e-01,-9.608567781000737495e-01,-9.626732214173442381e-01,-9.602601817083032953e-01,-9.600341232743500042e-01,-9.608100986721719305e-01,-9.617996262261154783e-01
2.754891480139456394e-01,2.757765967355300107e-01,2.752067394561822922e-01,2.752217275571281485e-01,2.755222728895909134e-01,2.751419397703575020e-01,2.756456141199400967e-01,2.756961504572569832e-01,2.755302807096716156e-01,2.753138347437587008e-01
1.112514484617718624e+00,1.106005003572674950e+00,6.027205609242750617e-01,1.117984255046548192e+00,5.954776997931663374e-01,6.051013513927016030e-01,5.908756374672929912e-01,5.913346350079369262e-01,1.112014509800113071e+00,1.115967349511597817e+00
-8.647440026072595876e-01,-8.660711193164403188e-01,-9.813780756521560678e-01,-8.635661075428364697e-01,-9.830267811723909510e-01,-9.810567356512414072e-01,-9.839487561487699763e-01,-9.839442987647161187e-01,-8.648557612441082343e-01,-8.639075090426209247e-01
-9.633355329602333317e-01,-9.620211774413069961e-01,-9.646283791390807272e-01,-9.646056910257632122e-01,-9.632002045971103099e-01,-9.650064946483446482e-01,-9.626085863248825536e-01,-9.623826539337041464e-01,-9.631514523469267841e-01,-9.641362339919938851e-01
3.242713488269980404e-01,3.244401361707662801e-01,3.241074359904614899e-01,3.241202438777990857e-01,3.242923770608478473e-01,3.240771654434443372e-01,3.243613784388328924e-01,3.243912324844616113e-01,3.242965244122392732e-01,3.241706942115049062e-01
1.118863241192177505e+00,1.112344488005710508e+00,6.095649456957795698e-01,1.124310143258341332e+00,6.023317026790216966e-01,6.119222607157061011e-01,5.977464166692605385e-01,5.982053653551425709e-01,1.118351779607942742e+00,1.122290046133342489e+00
-8.776958432454566861e-01,-8.784398394614366667e-01,-9.474996526246937112e-01,-8.770170301497690613e-01,-9.484832961681264329e-01,-9.473819567195398417e-01,-9.489912416136935258e-01,-9.490209022913527193e-01,-8.777634046068656382e-01,-8.771831469065405340e-01
-9.575214241591040176e-01,-9.561965938656581399e-01,-9.588092836008786923e-01,-9.587795395587328517e-01,-9.573818806983045437e-01,-9.591723607695690212e-01,-9.567990436799413967e-01,-9.565722597312419362e-01,-9.573286334541386555e-01,-9.583068166787459541e-01
3.700006656740682520e-01,3.700598038376227139e-01,3.699452936513922263e-01,3.699557187417298887e-01,3.700103517373674045e-01,3.699458405761767432e-01,3.700299129394361564e-01,3.700407616437413894e-01,3.700106690762091088e-01,3.699676533273054679e-01
1.104851530729618725e+00,1.098306530752729770e+00,5.951176932265644925e-01,1.110271207789050418e+00,5.878830391240716935e-01,5.974366406618278891e-01,5.833182959604196194e-01,5.837745924074363435e-01,1.104319057042817853e+00,1.108243626969313222e+00
-8.916830378840080451e-01,-8.918892895686542088e-01,-9.184748767385189083e-01,-8.914605964677482230e-01,-9.188479667140940776e-01,-9.185416376190178589e-01,-9.189770307342586264e-01,-9.190381971699180808e-01,-8.917084939243913322e-01,-8.914648680164830585e-01
-7.761667101848346295e-02,-7.846820132117682256e-02,-9.368694471427312376e-01,-7.692893902037167830e-02,-9.354476811097023337e-01,-9.372044179284721999e-01,-9.348824480776691814e-01,-9.346545571521914786e-01,-7.768397539232141380e-02,-7.717604091283236656e-02
-1.235353738924369060e-01,-1.244195154806958803e-01,4.117508721912003788e-01,-1.228265648202860050e-01,4.117056345275238449e-01,4.117771068515397870e-01,4.116811959332956072e-01,4.116743545646097124e-01,-1.235969967782553081e-01,-1.230799803561145878e-01
9.985659642065378705e-01,3.239732309874006067e-01,5.476627964369177315e-01,-6.414226004756957700e-01,5.404452168925455435e-01,5.499116918815055710e-01,5.359272615563858144e-01,5.363755965473480103e-01,6.796295841100858937e-01,3.072276460910503548e-01
-5.353517655025899491e-02,-9.460662479993587892e-01,-8.905989422552326173e-01,7.671877525084689342e-01,-8.904094550403286457e-01,-8.908292439389203787e-01,-8.901928964709330261e-01,-8.902826816512349195e-01,7.335554705694392608e-01,-9.516360509550656488e-01
1.764564578871414269e-01,-1.981724511215274265e-01,-8.872705713394059002e-01,-8.882349851402800145e-02,-8.858701019807840860e-01,-8.875574439177650321e-01,-8.853379220456718546e-01,-8.851102465474880443e-01,6.446900440284270006e-02,-2.065061476000102925e-01
-4.461103826642751069e-01,-8.686962374655340380e-01,4.467405049736970502e-01,-1.070925218361524767e-01,4.465950389384451547e-01,4.467844514701462821e-01,4.465337882768448674e-01,4.465104243469187884e-01,-6.445176163545746073e-02,-8.717720151721807254e-01
9.990023356238340035e-01,8.509450964881711821e-01,4.524383413377038865e-01,-5.579776036344001877e-01,4.453086924537515978e-01,4.545634381422015702e-01,4.408994163929249588e-01,4.413304690557930954e-01,6.770353875921311104e-01,8.501571013805255816e-01
4.465796029964173852e-02,-5.252546456365113636e-01,-8.576932534833267008e-01,7.512960148805899463e-01,-8.569902077253529482e-01,-8.580606994569913715e-01,-8.564648224755332384e-01,-8.565794879449759591e-01,7.359504629715052371e-01,-5.265291093303986480e-01
9.584725816251386810e-02,-3.476084220209505471e-01,-7.965692271003212976e-01,-1.063456598461867963e-01,-7.952207924586451870e-01,-7.967846793511333958e-01,-7.947426628226593737e-01,-7.945192971903735080e-01,7.136891759551778902e-01,-3.564050647117539272e-01
-4.175780672948191108e-01,-7.738001589259223545e-01,4.697419454657951743e-01,-9.071941007846379135e-02,4.695094033441594705e-01,4.697919498572623587e-01,4.694213715098206618e-01,4.693829897039082932e-01,-7.849229310574640239e-02,-7.759787842386820511e-01
9.928261215279634566e-01,7.469811306105441640e-01,2.958352827498521576e-01,-4.184940926823327856e-01,2.889406679112052068e-01,2.977630949816931771e-01,2.847470350771421077e-01,2.851468481435919800e-01,4.364434009177670659e-01,7.459524888290978151e-01
-3.199450626184579399e-02,-5.383398176120784973e-01,-8.110466942258656164e-01,7.221632987718497043e-01,-8.098931838763218094e-01,-8.115158693617812169e-01,-8.091070728252703903e-01,-8.092412702019152748e-01,8.997317143434109266e-01,-5.394339740255792437e-01
-1.633911008668260945e-02,-5.444710284147182833e-01,-6.558079569903940698e-01,-1.280427758093886648e-01,-6.545568930902672111e-01,-6.559372924303435992e-01,-6.541523432448430597e-01,-6.539410148285305091e-01,6.779097240427726101e-01,-5.536945731294836692e-01
-3.778805945576614866e-01,-6.628866530439352367e-01,4.740427816318853460e-01,-7.305279004060424852e-02,4.737419817054920879e-01,4.740856393954597792e-01,4.736394279545403374e-01,4.735886013841213438e-01,-1.204829838848822110e-01,-6.641880476631027985e-01
9.634316616597770055e-01,5.891466323003471395e-01,7.558692945040723643e-02,-2.190667775777354609e-01,6.915401233021720162e-02,7.724319887265160278e-02,6.531914778820055445e-02,6.567075492175744600e-02,6.646552034161942180e-01,5.878207589530035637e-01
-9.901021082185992861e-02,-5.314690495890217470e-01,-7.417320259072224253e-01,6.714589074145097536e-01,-7.402195320540558843e-01,-7.422595351738313640e-01,-7.392379455776340036e-01,-7.393843080159353542e-01,7.684756879471847935e-01,-5.323608223383599070e-01
-1.484702242878632172e-01,-7.618218430094210181e-01,-4.710488047025463421e-01,-1.500863966682514372e-01,-4.699441609735850456e-01,-4.711017560808108406e-01,-4.696196391900126499e-01,-4.694306293730272084e-01,6.165959168984925798e-01,-7.712672520198594617e-01
-3.254848097156315956e-01,-5.352933151878804807e-01,4.550719682927814591e-01,-5.428660943362058344e-02,4.547271496738879981e-01,4.550995325948982706e-01,4.546207210420785683e-01,4.545615729217654666e-01,-1.510094333598731575e-01,-5.357727452721126049e-01
9.016475066350804202e-01,3.860891994480865064e-01,-1.868196496758194602e-01,2.273962910679394600e-02,-1.925330764916148296e-01,-1.854770205180208131e-01,-1.958695827988038152e-01,-1.955812402233407521e-01,9.156798756904993564e-01,3.844650594897168761e-01
-1.521958250577956084e-01,-5.000914609301682079e-01,-6.463218572788369531e-01,5.954942721196614386e-01,-6.445721410547086139e-01,-6.468661352101867656e-01,-6.434729802271071941e-01,-6.436229459330086167e-01,6.182472641160611238e-01,-5.007634318970306531e-01
-2.774223255870802429e-01,-9.568861225333112897e-01,-2.684247830645524191e-01,-1.674728980178594451e-01,-2.675000273620176117e-01,-2.684368181842804457e-01,-2.672436882835382277e-01,-2.670858467849749340e-01,5.342141551572536784e-01,-9.662241578691702637e-01
-2.644077397720223099e-01,-3.999239915825171798e-01,4.154483007024290520e-01,-3.564617621778373713e-02,4.150836834046657264e-01,4.154639174759627296e-01,4.149774740584572519e-01,4.149150202803287835e-01,-1.689056953957456808e-01,-3.996886395219633181e-01
8.094062588001476044e-01,1.677367412788651202e-01,-4.464451745881330424e-01,2.668741314800401887e-01,-4.512489102550236719e-01,-4.454062294027376634e-01,-4.540061507677575214e-01,-4.537881499196393387e-01,1.139789496910846189e+00,1.658827397299260931e-01
-1.891345670838935900e-01,-4.476697981610463506e-01,-5.323208091116661267e-01,5.005297683213227877e-01,-5.304610181477187325e-01,-5.328558975741878312e-01,-5.293161586545410691e-01,-5.294622564658406638e-01,4.594875202596154784e-01,-4.481240078557358619e-01
-3.804885454664276301e-01,-1.094485252799222375e+00,-8.251158512195885808e-02,-1.769394366460065871e-01,-8.177116658425764850e-02,-8.252203237578104034e-02,-8.156220221103541168e-02,-8.143861534561017135e-02,4.441593296997743412e-01,-1.103399601244069883e+00
-2.027769570330980875e-01,-2.707226778345770413e-01,3.657853549131361848e-01,-1.862614737001113893e-02,3.654170150584318266e-01,3.658020501949458270e-01,3.653076858397205084e-01,3.652460084683199493e-01,-1.771848254246613519e-01,-2.699030733668679183e-01
7.013729273148210375e-01,-2.846204242070526913e-02,-6.577538293833649075e-01,4.707623115466692543e-01,-6.616052830949470387e-01,-6.569717128328240729e-01,-6.637889077263195992e-01,-6.636378903797865991e-01,1.296504398351787213e+00,-3.043809452824358663e-02
-2.125494681224134319e-01,-3.860159581560510533e-01,-4.157510717144362600e-01,4.011657732671911059e-01,-4.138710458880267562e-01,-4.162718271849890073e-01,-4.127242575152859638e-01,-4.128624999517748195e-01,3.083399730352801571e-01,-3.862761091095077703e-01
-4.481277123778705795e-01,-1.166365934322281861e+00,6.363053604140175845e-02,-5.405566437205755470e-02,6.420762699609026958e-02,6.360053439904893302e-02,6.438577588265297080e-02,6.447836060237852052e-02,3.606815203500101097e-01,-1.174671292243149479e+00
-1.476436476317390667e-01,-1.569230649965597246e-01,3.190343516790137834e-01,2.156381338623719890e-01,3.186652556545593318e-01,3.190667603160898258e-01,3.185453675750677394e-01,3.184860978580195123e-01,-1.822435387499331538e-01,-1.556147383176572085e-01
5.959295269000850492e-01,-1.790562744396101691e-01,-8.002636449018268872e-01,-6.518587705860562354e-01,-8.032607074863075125e-01,-7.996846352077482400e-01,-8.049437452083949562e-01,-8.048489129250357976e-01,1.376804288861160241e+00,-1.810565774752417312e-01
-2.301632170648706399e-01,-3.287629994385754539e-01,-3.111048768137568143e-01,7.583403874316833049e-01,-3.092275317625667319e-01,-3.116216119278534813e-01,-3.080838815174437584e-01,-3.082146354308205050e-01,1.753057048531851403e-01,-3.288606665710065435e-01
-4.847016227669459498e-01,-1.187173812205945422e+00,1.663260668381862928e-01,-1.882587714749765495e-01,1.667719464249517169e-01,1.662753208024845830e-01,1.669274221020704274e-01,1.669955475362119302e-01,9.176115181098418727e-01,-1.194830741741809810e+00
-1.013206277480349499e-01,-5.765759890583829761e-02,2.845438878408178551e-01,9.404262145217150426e-01,2.841637535274304516e-01,2.846037351487137879e-01,2.840241250607038470e-01,2.839662826260135886e-01,-2.531752426826599511e-01,-5.587227478193088070e-02
5.050332491252245148e-01,-2.819081534388659938e-01,-8.810882755562280400e-01,-9.987859267494776372e-01,-8.833964165576591032e-01,-8.806681066730888130e-01,-8.846777782107585475e-01,-8.846261537734196878e-01,3.120585784958849196e-01,-2.838720141690919130e-01
-2.518097689346340817e-01,-2.849974619808390286e-01,-2.239450389054511992e-01,-4.926126802252493025e-02,-2.220232533897113225e-01,-2.244776860190633716e-01,-2.208506474783787366e-01,-2.209780349952165657e-01,9.500628629659869651e-01,-2.849548213687728149e-01
-5.004298073880699693e-01,-1.177792008113271338e+00,2.345240899857908290e-01,5.193693683560599017e-02,2.348690751237591523e-01,2.344613706175100454e-01,2.350042448826173691e-01,2.350544623269789080e-01,8.355032535683527550e-01,-1.184847955974949185e+00
-6.158325763051175628e-02,3.674536821960804056e-02,2.670805364729210152e-01,9.408970259699682703e-01,2.666670333878934374e-01,2.671784360222716481e-01,2.664958124947827134e-01,2.664363787176972642e-01,-3.215873250898524938e-01,3.910884987368111465e-02
4.315500302630710383e-01,-3.478901878111389512e-01,-9.196726121122985598e-01,-9.910830663962292286e-01,-9.214531674338414247e-01,-9.193788997227999582e-01,-9.224238483211502082e-01,-9.224041980118138362e-01,5.446424394440111394e-01,-3.497914402865092143e-01
-2.877214445098849049e-01,-2.584294155939982351e-01,-1.511059240609159415e-01,3.017372145742961559e-02,-1.490294972849751653e-01,-1.516833600459564502e-01,-1.477620313594975587e-01,-1.478931207301590056e-01,9.109438875496460586e-01,-2.582478478445795478e-01
-5.044215139677380444e-01,-1.153537294942564850e+00,2.805154051632189893e-01,2.253995900425359578e-01,2.807810962799492938e-01,2.804516863795190607e-01,2.808951291822832097e-01,2.809322997514383524e-01,7.635672566286376695e-01,-1.160055610286993666e+00
-2.336600800090241070e-02,1.420232071441637767e-01,2.692694613583334062e-01,1.015835873618601948e+00,2.687872329048003883e-01,2.694193511333408120e-01,2.685669636575427899e-01,2.685011960289213073e-01,-4.212120379586535845e-01,1.452068702260542743e-01
3.718573833006740270e-01,-3.905957501297132040e-01,-9.340324055727644570e-01,-9.708135746886148443e-01,-9.354027318110497147e-01,-9.338436830472052197e-01,-9.361280252982991934e-01,-9.361325669779968495e-01,7.052780567577673354e-01,-3.924272817548905556e-01
-3.494191866763634025e-01,-2.500619521117746769e-01,-8.407356552861455778e-02,1.187026511813254193e-01,-8.166629816669945807e-02,-8.473724246018178585e-02,-8.020087771996921300e-02,-8.034562424646946033e-02,9.405813308485452273e-01,-2.497148586503270262e-01
-5.020390661722895498e-01,-1.120683044929371430e+00,3.151278996167342084e-01,3.653016637898923724e-01,3.153243182029782377e-01,3.150741358769941214e-01,3.154135097703982815e-01,3.154403461691749344e-01,6.959385666880317789e-01,-1.126686400615687367e+00
2.025193235520847401e-02,2.793465535959297474e-01,2.942665797001185468e-01,1.189634496129699182e+00,2.936628841540547263e-01,2.944901048351030171e-01,2.933667581395670854e-01,2.932878711937925154e-01,-5.750070093024863827e-01,2.837784317861921091e-01
3.186808651293513428e-01,-4.212777369627015434e-01,-9.353436838870250458e-01,-9.432808566178284559e-01,-9.363611053955712693e-01,-9.352496669944394547e-01,-9.368729176404243519e-01,-9.368976957721436571e-01,8.292565779230398615e-01,-4.230358614048084220e-01
-4.520255390060137213e-01,-2.608766681884176486e-01,-1.114815302001556652e-02,2.341199834419118442e-01,-8.147437768104531797e-03,-1.195895628493426344e-02,-6.330733013809583531e-03,-6.502917971871594038e-03,1.054116510841725418e+00,-2.603014820493488868e-01
-4.949143276761289179e-01,-1.077170555267739527e+00,3.468559004274174851e-01,5.021328909996766177e-01,3.469798545960971481e-01,3.468240368234403737e-01,3.470364263525669846e-01,3.470534704331569298e-01,6.215678480052726496e-01,-1.082597350246668366e+00
7.799879274226780013e-02,4.764213824479904269e-01,3.473728142841336353e-01,1.498237061655607549e+00,3.465703529847911080e-01,3.477028583420799790e-01,3.461582050101026375e-01,3.460564902276185295e-01,-8.142781384060037153e-01,4.827817905096148388e-01
2.623670036911524006e-01,-4.480660670516977695e-01,-9.278344085183737322e-01,-9.067760578194369314e-01,-9.284882338698080551e-01,-9.278380503512269062e-01,-9.287801778205230230e-01,-9.288250892865407282e-01,9.457361965731948539e-01,-4.497381585164296203e-01
-6.165016735985130447e-01,-2.933073550541229757e-01,8.221501674838421758e-02,3.997102386882749325e-01,8.619357542400847561e-02,8.116687658733792721e-02,8.858665146814877212e-02,8.836766161007202081e-02,1.275324599742965415e+00,-2.923942045103960496e-01
-4.817765584659358113e-01,-1.014316360710328935e+00,3.825649493401330203e-01,6.650299243726937037e-01,3.825982887376772057e-01,3.825697292328171795e-01,3.826087549063241777e-01,3.826143351519677438e-01,5.250392890794050027e-01,-1.018984471571435790e+00
1.605283414453928248e-01,7.680370811568664191e-01,4.363340352120456123e-01,1.990517875556614413e+00,4.352232333972026468e-01,4.368163296178508292e-01,4.346385117552459820e-01,4.345001535320703323e-01,-1.179508472330744073e+00,7.773300432384671055e-01
1.911443488799916268e-01,-4.768302228770642248e-01,-9.103564318497695540e-01,-8.540154284895931092e-01,-9.105598479095203812e-01,-9.104773912308726791e-01,-9.105815940843721146e-01,-9.106505436992907709e-01,1.079765737799103231e+00,-4.783851632366850626e-01
-8.702584485426446692e-01,-3.514791405349618758e-01,2.135659257068159844e-01,6.447077250706227947e-01,2.190677466677542484e-01,2.121491817769405874e-01,2.223583800307047387e-01,2.220655462255676227e-01,1.637743080159032028e+00,-3.500576908574815072e-01
-4.594049373695658911e-01,-9.188843773284750549e-01,4.281608751964822712e-01,8.827471267918213238e-01,4.280691004782380404e-01,4.282207040679111842e-01,4.280133438511690702e-01,4.280034286429029722e-01,3.877645512324601751e-01,-9.224657050206837017e-01
2.795773248669823352e-01,1.192613605818837685e+00,5.698121319338482760e-01,2.720814271028316966e+00,5.682480446869618840e-01,5.705021980535899262e-01,5.674188197012086654e-01,5.672249119837881048e-01,-1.715520535740348462e+00,1.206196653206496716e+00
9.162587500284892494e-02,-5.120428739374247584e-01,-8.781713407253878279e-01,-7.738846125500500328e-01,-8.777546188565550356e-01,-8.784498012283579182e-01,-8.774066720732012215e-01,-8.775078348266643902e-01,1.254109382679130968e+00,-5.134242584045911606e-01
-1.243678702654710699e+00,-4.400525407032716552e-01,4.022169754343424275e-01,1.001395687317972127e+00,4.099664499331440171e-01,4.002501712350842733e-01,4.145852991671176158e-01,4.141825420447201589e-01,2.178770163822720374e+00,-4.378841631869425099e-01
-4.238619837998591211e-01,-7.766238639263972621e-01,4.883359811109390658e-01,1.180517442238383730e+00,4.880695333974839345e-01,4.884712459502509874e-01,4.879221705881329196e-01,4.878903257563437235e-01,1.915253494243499832e-01,-7.786490244002887140e-01
4.448203140055520532e-01,1.780398628874754863e+00,7.530937564319039046e-01,3.726624572583639328e+00,7.509067608435104901e-01,7.540451824822673732e-01,7.497557142336477298e-01,7.494824757193067066e-01,-2.455948502126234168e+00,1.799883998218985814e+00
-4.893804906326192083e-02,-5.568841421151056181e-01,-8.250848283744252054e-01,-6.544137213344686232e-01,-8.238009086204471920e-01,-8.255831450246670089e-01,-8.229361487258883834e-01,-8.230818665269941103e-01,1.487640413727828514e+00,-5.580087901042433129e-01
-1.759158498696949513e+00,-5.611910885974816798e-01,6.643797363495882458e-01,1.495189868891926732e+00,6.752318911333848872e-01,6.616346704762909869e-01,6.816956425512203932e-01,6.811391377881677034e-01,2.922658574940975473e+00,-5.579810688726972723e-01
-3.724432515880561345e-01,-5.787331387981731190e-01,5.650250851845962652e-01,1.570609021004225836e+00,5.645269509819862419e-01,5.652528458051293558e-01,5.642626346100175772e-01,5.642005639736071831e-01,-7.389125558183928799e-02,-5.786589309789850200e-01
6.577194609363445910e-01,2.531368257607854666e+00,9.809772978876740712e-01,4.990026579184873690e+00,9.780076781549158493e-01,9.822200927559679995e-01,9.764746331707032656e-01,9.760963672435430949e-01,-3.395158897916846108e+00,2.558297309966246491e+00
-2.374629593045335385e-01,-6.123722025790169221e-01,-7.466386384935518317e-01,-4.882096920781380800e-01,-7.441992362460503330e-01,-7.474361838868225361e-01,-7.426419793587717422e-01,-7.428474299549536752e-01,1.788754577494587439e+00,-6.131394501960744092e-01
-2.411504465458202962e+00,-7.097892781157769670e-01,1.003453258562153838e+00,2.126071334789164435e+00,1.018227521091572552e+00,9.996863254020127432e-01,1.027046672863096699e+00,1.026291411158026801e+00,3.851795302624955841e+00,-7.052380295281750477e-01
-2.338280742965785641e-01,-3.303126669886845557e-01,6.552126183598370179e-01,2.039383262516939244e+00,6.544341665392594543e-01,6.555391213126080530e-01,6.540364582609426991e-01,6.539356835302868598e-01,-4.005214557110836626e-01,-3.276699862343389613e-01
-2.095469141024342008e-02,3.391595500530834695e+00,1.231270977888426543e+00,6.400230483549540494e+00,1.227426506257029759e+00,1.232788733493238587e+00,1.225497909145150999e+00,1.224993888148954158e+00,-4.459417375859200838e+00,3.426891370657795033e+00
9.986445272215563884e-01,-6.760561966129347011e-01,-6.441717591909748020e-01,-2.795589010936063712e-01,-6.403248975436393042e-01,-6.453480012756412920e-01,-6.379152849153809646e-01,-6.381951258772085023e-01,2.146170710269040605e+00,-6.763723004306562148e-01
-5.204909461685454375e-02,-8.694547033422783677e-01,1.398912801339337930e+00,2.848734069872527641e+00,1.418107721977438507e+00,1.393934577968491073e+00,1.429618789226387854e+00,1.428631660706363604e+00,4.879731611700690586e+00,-8.633532008011117753e-01
-6.722828141133674329e-03,-5.487087469168189235e-02,7.502150523031499985e-01,1.489399784372714974e-01,7.491351529599661330e-01,7.506312622160942194e-01,7.486043959553884131e-01,7.484590438855476258e-01,1.298918425878986815e-01,-4.944608863210464555e-02
-8.790740350641193523e-02,4.251445900590964833e+00,1.466314669298013795e+00,9.750972886787245830e-01,1.461625111079528194e+00,1.468039333964196169e+00,1.459351705882744543e+00,1.458715442118493577e+00,-3.621710339984712812e-02,4.294889928312830563e+00
9.990046847778157879e-01,-7.417629501148242932e-01,-5.272820039768673084e-01,-9.846057691082650276e-01,-5.219088524293606923e-01,-5.288892075945561544e-01,-5.185620698222755953e-01,-5.189254799492425407e-01,6.713240821944193026e-01,-7.415747369354130925e-01
-4.460537850951253047e-02,-1.014184178396343006e+00,1.804134437896304677e+00,1.747898150314306787e-01,1.827645852862107789e+00,1.797899261552804440e+00,1.841832679184485677e+00,1.840608222530746074e+00,7.411639337324912313e-01,-1.006517737186227279e+00
4.354390619316920175e-01,2.121737127767147901e-01,8.384619037245710782e-01,2.093697859548552254e-01,8.370974700017858039e-01,8.389467295874969421e-01,8.364515129101114388e-01,8.362608929381721845e-01,7.912875713083156182e-01,-2.709054472783519740e-01
-5.692462402872388028e-01,4.982937174442250594e+00,1.646578255686859782e+00,1.127708853769523900e+00,1.641205900269379070e+00,1.648412476030201912e+00,1.638691287016932119e+00,1.637936609856919912e+00,1.765001460185599835e-01,9.419558755045975840e-02
9.648115725639777596e-01,-8.016773168303311659e-01,-4.114233994780692183e-01,-9.686975851836733264e-01,-4.045960909799317107e-01,-4.134628366122788390e-01,-4.003424502046842859e-01,-4.007890483118929925e-01,2.359123386322362625e-01,2.583199380477998464e-01
2.629422549660370700e-01,-1.117976320060015683e+00,2.161779778305321198e+00,2.968700480129293773e-01,2.188828156677239178e+00,2.154438805038643601e+00,2.205256897863234311e+00,2.203825869551992334e+00,9.717743403080105757e-01,-9.660594234346978615e-01
4.078728964157097292e-01,-2.546608293288070146e-01,9.105303071563191075e-01,2.600482165664576573e-01,9.089302800545228100e-01,9.110592545369051720e-01,9.081973477652536264e-01,9.079664624974244092e-01,7.964517789179186291e-01,-2.656205248077808667e-01
-6.684971942410335988e-01,9.431381034228070170e-02,1.747895375980420996e+00,1.229359019722879420e+00,1.742087811642183626e+00,1.749746326307418220e+00,1.739454406212276316e+00,1.738612936366055850e+00,1.252629961221095600e-01,1.282144225905286761e-01
9.732882738431292147e-01,2.784769848635793577e-01,-3.112854210813920108e-01,-9.516202048563214833e-01,-3.032424654525987529e-01,-3.137046531842279107e-01,-2.982185377351918021e-01,-2.987380956675671495e-01,2.793849953251553164e-01,2.133138606811654792e-01
2.055654428341478490e-01,-9.604429024680695148e-01,2.428674718253608145e+00,4.142636479721032439e-01,2.458026013005487620e+00,2.420543658605759596e+00,2.475961007121349589e+00,2.474383894116944926e+00,1.054472561602106451e+00,-1.091866201398450809e+00
3.861368195242075863e-01,-2.511061269481230651e-01,9.624515559862482084e-01,2.974989934871271613e-01,9.606795752137420319e-01,9.630039251370192677e-01,9.598891115608487734e-01,9.596267393427811987e-01,7.983592289260595942e-01,-2.609895547971138874e-01
-7.401943517428691832e-01,1.210744763770026933e-01,1.768359793667164892e+00,1.275840925545442150e+00,1.762377847237728279e+00,1.770159959849866071e+00,1.759734793897706373e+00,1.758846134637982006e+00,6.497426318226472153e-02,1.577833235080688123e-01
9.772472551236935923e-01,2.480176412252174944e-01,-2.352324160162501121e-01,-9.364238701598293080e-01,-2.262935209012094107e-01,-2.379452900535226900e-01,-2.206926593846779694e-01,-2.212687816454417256e-01,3.113723438483252393e-01,1.789549152298398615e-01
1.348180537434045811e-01,-1.037456497579428039e+00,2.590251185700333192e+00,5.176956879997749450e-01,2.620578982350219022e+00,2.581712226651600606e+00,2.639201596996055166e+00,2.637550780626850777e+00,1.089598360417186163e+00,-1.170655088038842662e+00
3.711421432953176391e-01,-2.483617501678063444e-01,9.953358049289678933e-01,3.218332141666200297e-01,9.934535574452483253e-01,9.958970683265120361e-01,9.926304073440104236e-01,9.923463045923210935e-01,7.983807187748575007e-01,-2.575177059402642965e-01
-7.851269159469038694e-01,1.437313236708201436e-01,1.722143053767973608e+00,1.274798898911931433e+00,1.716207044663965453e+00,1.723852049538231235e+00,1.713635335040976537e+00,1.712736798971557839e+00,1.125630271002667215e-03,1.819082060528421640e-01
9.783486541177700557e-01,2.274625062470495840e-01,-1.845057144298679619e-01,-9.249061222145030792e-01,-1.749859401086673316e-01,-1.874191670855891723e-01,-1.690040954593435285e-01,-1.696190936612461675e-01,3.320683924920374008e-01,1.559280228410307723e-01
5.766966770385209551e-02,-1.076534672583415064e+00,2.656549551419411959e+00,6.033812461898070412e-01,2.686717499839800904e+00,2.647954928834848065e+00,2.705309837050869248e+00,2.703652099019747013e+00,1.084051314768690322e+00,-1.206498571260120833e+00
3.623965743089452296e-01,-2.466063974583946328e-01,1.012960557574122733e+00,3.352295567739129734e-01,1.011018666460452575e+00,1.013521474451837934e+00,1.010181370351900698e+00,1.009884224759888705e+00,7.977076275155808860e-01,-2.553462245433408828e-01
-8.081017891166971667e-01,1.622499457497910413e-01,1.628962913343115826e+00,1.238726845840422364e+00,1.623232483565207218e+00,1.630560021910071988e+00,1.620784876009188968e+00,1.619905709147170469e+00,-6.222657054176854163e-02,2.008341837700715338e-01
9.781275702304259578e-01,2.157165581345577288e-01,-1.558416571473632273e-01,-9.176411493521310359e-01,-1.460023230689919405e-01,-1.588743136754658114e-01,-1.398048784032815683e-01,-1.404432021627304017e-01,3.434125065711176594e-01,1.428571536451345714e-01
-2.042843469487318903e-02,-1.085696016426582311e+00,2.649267606712842671e+00,6.717741687206854051e-01,2.678443306516788969e+00,2.640888803336694846e+00,2.696470237815837834e+00,2.694857358017946680e+00,1.048751272947094026e+00,-1.208887789617951958e+00
3.588079979583631562e-01,-2.458267476922227912e-01,1.019593173817268106e+00,3.404177480944651224e-01,1.017629126238021264e+00,1.020148088514349238e+00,1.016790559892913892e+00,1.016487152433533492e+00,7.971678240615520661e-01,-2.543993808877019203e-01
-8.148644786368940407e-01,1.771446694755191564e-01,1.506811541131726662e+00,1.179706189826265739e+00,1.501389370224993192e+00,1.508287920938320870e+00,1.499096612788454186e+00,1.498256882393868450e+00,-1.226946231845711111e-01,2.153815814507482329e-01
9.777045400330055536e-01,2.109911784051989314e-01,-1.444365475947802513e-01,-9.144510035623196753e-01,-1.344725524425945951e-01,-1.475257360685777175e-01,-1.281842634620386501e-01,-1.288338451848444199e-01,3.477863214473185804e-01,1.376350666046840254e-01
-9.605822688233772721e-02,-1.073656232096499741e+00,2.591036488725610987e+00,7.253847250723782780e-01,2.618679432607560198e+00,2.583057103195244064e+00,2.635788304879325583e+00,2.634255568435976969e+00,9.941462287976786660e-01,-1.187884988770141703e+00
3.592308968225281229e-01,-2.459258074369741753e-01,1.018876374314485078e+00,3.398348026632707075e-01,1.016916184641578180e+00,1.019421852818631402e+00,1.016084910594133861e+00,1.015780116471004302e+00,7.972619047813770399e-01,-2.545189214268558375e-01
-8.104428034738437869e-01,1.890811709072297842e-01,1.369269715798823617e+00,1.107202554799955552e+00,1.364214596365503684e+00,1.370623188161786743e+00,1.362092241106774404e+00,1.361304250426737195e+00,-1.791440479177132672e-01,2.264729365297921959e-01
9.777919075344775335e-01,2.115400718896194021e-01,-1.457454716220180635e-01,-9.148549226190001438e-01,-1.357927375498237388e-01,-1.488466240987262601e-01,-1.295012615112553778e-01,-1.301534517963013060e-01,3.472987720025008662e-01,1.382430269930407241e-01
-1.674309600359652483e-01,-1.047705331758461700e+00,2.500378451465798069e+00,7.671733708901697923e-01,2.526175779577289227e+00,2.492909359548135750e+00,2.542159153974346886e+00,2.540728031195120806e+00,9.283685463590237719e-01,-1.151798171729000453e+00
3.627074443350467581e-01,-2.467909704115969216e-01,1.013539815378198039e+00,3.353567280622853919e-01,1.011600772040746721e+00,1.014073785050223941e+00,1.010782312886176593e+00,1.010479455916132308e+00,7.982689001838125797e-01,-2.555426153024067393e-01
-7.986588293567979946e-01,1.986740340089356016e-01,1.225572078109863572e+00,1.027854675914543270e+00,1.220912376045765857e+00,1.226804182114347164e+00,1.218966116588855897e+00,1.218236485955133563e+00,-2.311931608736576271e-01,2.349126139531013679e-01
9.788096005106708963e-01,2.159523070614162155e-01,-1.561555196249672095e-01,-9.183393186589738910e-01,-1.463047158191699282e-01,-1.592385635295750779e-01,-1.400688170825753753e-01,-1.407177383397283932e-01,3.435655844117044277e-01,1.430657339381159465e-01
-2.337921394958912824e-01,-1.013215528507582341e+00,2.390728616794617789e+00,7.997751447990326668e-01,2.414526459105069911e+00,2.383828198543414434e+00,2.429279550525579090e+00,2.427961417650382980e+00,8.570917376217486172e-01,-1.106692852087025170e+00
