9.592723468443248303e-01,9.592648409422827038e-01,9.592665869876270124e-01,9.592536787158238987e-01,9.592554085975283362e-01,9.592648550468059199e-01,9.592745944937338676e-01,9.592780448980604557e-01,9.592455108150163001e-01,9.592601258117530172e-01
-4.808902891998007578e-01,-4.808970155837221094e-01,-4.808929624246719436e-01,-4.808881503583918859e-01,-4.808969447443348644e-01,-4.808898556035494098e-01,-4.808888137604171442e-01,-4.808926538027115671e-01,-4.808884601350280619e-01,-4.808939495106195339e-01
5.177949530143004520e-01,-3.619312287877189949e-01,5.178084709851002998e-01,-3.618993220803368160e-01,5.178335869792144441e-01,5.178089370913387945e-01,5.177892729315696219e-01,5.177862094765692813e-01,-3.618843527989302755e-01,-3.619186260487631257e-01
8.875609219126140426e-01,9.527250849001489552e-01,8.875598365674665091e-01,9.527224409031630481e-01,8.875578367850147643e-01,8.875597948465093756e-01,8.875613918640135047e-01,8.875615897366484486e-01,9.527212070375118413e-01,9.527239794307603704e-01
8.891504033343873292e-01,8.891254826382202214e-01,8.891613208034065963e-01,8.891470600616223630e-01,8.891426949758325371e-01,8.891818601311038961e-01,8.891590249676541990e-01,8.891533068468193690e-01,8.891193872897484862e-01,8.891393683942282467e-01
-5.100395602095354475e-01,-5.100426855269364346e-01,-5.100441004915522436e-01,-5.100385697442343380e-01,-5.100457649920645542e-01,-5.100445595964303580e-01,-5.100392154744950446e-01,-5.100416421326396943e-01,-5.100352808374715163e-01,-5.100423016764898954e-01
6.241962814263825043e-01,-2.384562307100411283e-01,6.241837991724706880e-01,-2.384804532467393323e-01,6.242191224456055121e-01,6.241510805900618575e-01,6.241812930388451752e-01,6.241914120156664136e-01,-2.384313763932033869e-01,-2.384758769732204797e-01
7.739216004661413351e-01,8.978913000880168749e-01,7.739234373241735687e-01,8.978950140190383733e-01,7.739180102744876999e-01,7.739285658752411701e-01,7.739237210085272434e-01,7.739220957209492768e-01,8.978875535396046992e-01,8.978942353527473719e-01
7.844651443343206854e-01,7.843914572935456464e-01,7.845602426692857012e-01,7.845960561482822060e-01,7.845403555968613052e-01,7.846844307688611853e-01,7.844975987253608452e-01,7.844286012171221012e-01,7.845232626052663916e-01,7.845034584025527558e-01
-5.261581531893215757e-01,-5.261485743388197855e-01,-5.261814858081422797e-01,-5.261866692727760197e-01,-5.261809700319839411e-01,-5.262065885918216779e-01,-5.261632454591194108e-01,-5.261513075401507145e-01,-5.261715261034592972e-01,-5.261709431496954803e-01
7.546063913159085645e-01,-7.320806150958719671e-02,7.544883385252981745e-01,-7.351935821271235461e-02,7.545237084685884055e-01,7.543274236023287393e-01,7.545622340458257860e-01,7.546503019155477165e-01,-7.339957630970619928e-02,-7.338190815077158535e-02
6.554537212984932193e-01,8.301513128210870063e-01,6.554792488496404834e-01,8.302199491790109853e-01,6.554709376506546725e-01,6.555151623336994415e-01,6.554626812311350470e-01,6.554433845225788868e-01,8.301936077218629029e-01,8.301896479950772179e-01
6.466992702485970801e-01,6.465289046220816793e-01,6.469866608224549287e-01,6.471621112350441907e-01,6.469725582343641701e-01,6.473479140364888362e-01,6.467870502190762316e-01,6.465592172072565091e-01,6.470070982677424976e-01,6.468679722288847023e-01
-5.263908097301529532e-01,-5.263481417181766764e-01,-5.264753057754527621e-01,-5.265243849797265341e-01,-5.264739837703658054e-01,-5.265780750841402291e-01,-5.264130172768194393e-01,-5.263508246000426771e-01,-5.264804303122305740e-01,-5.264440421178929741e-01
8.938155867610706462e-01,1.225029462262825081e-01,8.935040931182234303e-01,1.215869797589262252e-01,8.935315128896416104e-01,8.931067482066806784e-01,8.937166287667888120e-01,8.939631603834943263e-01,1.218220452918740565e-01,1.220085692318383097e-01
5.319056086898953373e-01,7.472088920408521684e-01,5.319943038802389390e-01,7.474735930123873606e-01,5.319849119622279687e-01,5.321101142680404461e-01,5.319322708895235507e-01,5.318616490427400256e-01,7.474056874854515531e-01,7.473519770537551121e-01
4.866809878215090923e-01,4.863769043539575287e-01,4.872738352982084464e-01,4.876815994120674569e-01,4.872682633399304519e-01,4.880085738894269776e-01,4.868633946019499947e-01,4.863676726481283019e-01,4.874062698054479337e-01,4.870674342781676769e-01
-5.111180915098604283e-01,-5.110142105403107093e-01,-5.113334312132833404e-01,-5.114817512179228309e-01,-5.113324021782031936e-01,-5.115997975228196992e-01,-5.111791255286345370e-01,-5.110036357861020839e-01,-5.113823997278127420e-01,-5.112633996374317258e-01
1.021248671190819302e+00,3.267989286505196822e-01,1.020701660218365836e+00,3.250397711259269684e-01,1.020719625187380242e+00,1.020018639547890960e+00,1.021077481642283180e+00,1.021530068149855808e+00,3.254242377058886304e-01,3.258633155583681162e-01
4.070369580340064686e-01,6.518691617981463571e-01,4.072332213383836885e-01,6.525085029453507879e-01,4.072238823176517197e-01,4.074831604892876769e-01,4.070955553651327552e-01,4.069325497422787707e-01,6.523686546597197156e-01,6.522097608411743241e-01
3.221717372823976744e-01,3.217464392287011088e-01,3.231373247563887330e-01,3.238172840764606542e-01,3.231323157282900427e-01,3.243128008591158462e-01,3.224851307738149098e-01,3.216440422822548495e-01,3.233957089086491044e-01,3.228299384417078199e-01
-4.850788362571629708e-01,-4.848937973198824691e-01,-4.855117040762220726e-01,-4.858211166999609754e-01,-4.855079679474335053e-01,-4.860424663804261414e-01,-4.852115082207433816e-01,-4.848389256428756733e-01,-4.856314103410623306e-01,-4.853810715478819593e-01
1.118550201069771655e+00,5.141218506546332279e-01,1.117807961875872946e+00,5.115294340101692594e-01,1.117822639938065299e+00,1.116897553070485438e+00,1.118309772937380320e+00,1.118945097013912315e+00,5.120706632184973683e-01,5.127597138139409205e-01
2.869073485232436771e-01,5.517309503227187939e-01,2.872380181511428043e-01,5.529002216856446772e-01,2.872270703595193320e-01,2.876510810090259218e-01,2.870101290057415766e-01,2.867263053334456746e-01,5.526556726663542918e-01,5.523463055236793595e-01
1.707895510154744112e-01,1.703176135070917085e-01,1.721180823409276250e-01,1.730254501395285527e-01,1.720945102406630789e-01,1.736921408853814852e-01,1.712559259489234709e-01,1.700567212204823209e-01,1.724538530382398183e-01,1.717159727896823140e-01
-4.562128116582436221e-01,-4.559538206013036277e-01,-4.569543072849013288e-01,-4.574717548149054291e-01,-4.569363790666578495e-01,-4.578426860176929569e-01,-4.564615672254324075e-01,-4.557969790092000761e-01,-4.571497399053644495e-01,-4.567401905238803184e-01
1.177053137402214844e+00,6.655410947610862493e-01,1.176227607167776412e+00,6.623953391007422198e-01,1.176246358324318786e+00,1.175234853288920300e+00,1.176771656537901167e+00,1.177496549387964775e+00,6.630676878013672670e-01,6.639085787725138577e-01
1.763073300277585576e-01,4.559249702551628203e-01,1.767662724247474892e-01,4.576964716298170255e-01,1.767499351889855741e-01,1.773283043088944022e-01,1.764579999091028806e-01,1.760541377851751466e-01,4.573168265123722098e-01,4.568456732689882838e-01
4.350640990510422357e-02,4.309217690297197090e-02,4.511738984292815169e-02,4.614268889809804153e-02,4.505381002534532275e-02,4.695913656773528788e-02,4.412427721124308200e-02,4.262237377145772221e-02,4.544287289687401477e-02,4.464540742746760105e-02
-4.331915571752761318e-01,-4.328999902498354979e-01,-4.343361366412772373e-01,-4.350849118147492867e-01,-4.342819023335122153e-01,-4.356629508102249360e-01,-4.336138282729961602e-01,-4.325524342369095332e-01,-4.345807877774111594e-01,-4.340153081895133935e-01
1.199304603022844029e+00,7.746416461747915871e-01,1.198531349586174910e+00,7.713462528182605249e-01,1.198553251810247300e+00,1.197616056360425674e+00,1.199029945960325749e+00,1.199718599043783529e+00,7.720969670959587638e-01,7.729522256224669041e-01
7.572995887392273973e-02,3.712278684506131743e-01,7.627770466529126825e-02,3.735960521597152528e-01,7.625493343314984629e-02,7.693860826004535192e-02,7.591738314650670061e-02,7.542865691059209843e-02,3.730545975939151271e-01,3.724435462987531475e-01
-5.722900613658775393e-02,-5.749960526004759681e-02,-5.545602985666502061e-02,-5.443794958098892300e-02,-5.557206211655637412e-02,-5.351197576381927501e-02,-5.648734375913872646e-02,-5.818853876658723612e-02,-5.522344668344296437e-02,-5.596227264248158223e-02
-4.237039871438350036e-01,-4.234504915501053901e-01,-4.253661716058176334e-01,-4.263549251143591845e-01,-4.252424984780059924e-01,-4.272193100583922543e-01,-4.243751786041556340e-01,-4.227882358142760477e-01,-4.256046826625215496e-01,-4.249117675685165629e-01
1.194641362395012507e+00,8.459349980219856846e-01,1.194029141011617057e+00,8.428403778351440945e-01,1.194042449488244673e+00,1.193301370623828683e+00,1.194425655851978352e+00,1.194966934125810676e+00,8.436052757348450060e-01,8.443654325070061306e-01
-1.961409129641128457e-02,3.001160157896805014e-01,-1.904168348706077041e-02,3.030590457429452322e-01,-1.906254135958174167e-02,-1.834673689512356098e-02,-1.942068339849721548e-02,-1.992788258010087798e-02,3.023282378144870330e-01,3.016102940048759340e-01
-1.354362798602916640e-01,-1.355234305033757858e-01,-1.336334331778272211e-01,-1.327254406352580685e-01,-1.337994337598668038e-01,-1.317445886696979040e-01,-1.346209625192461290e-01,-1.363937142915575829e-01,-1.335421253758248550e-01,-1.341364931386311299e-01
-4.344093715447804316e-01,-4.342918667129895272e-01,-4.367554140074115798e-01,-4.379938323298625535e-01,-4.365159228937173230e-01,-4.392632775877988727e-01,-4.354348207673388593e-01,-4.331405588943917362e-01,-4.369046776548116129e-01,-4.361292614298502568e-01
1.173148199732752639e+00,8.892343418474901728e-01,1.172751674921583831e+00,8.865537155011098402e-01,1.172740580937648991e+00,1.172249319278281909e+00,1.173029300696084798e+00,1.173359770468047847e+00,8.872731774160549367e-01,8.878859533756233713e-01
-1.193857149094312703e-01,2.410103939249386706e-01,-1.188712865404840252e-01,2.445623436185027644e-01,-1.188663841618357309e-01,-1.182038120740881437e-01,-1.192408366619443494e-01,-1.196716058754719175e-01,2.436035799688210379e-01,2.427983611861843083e-01
-1.984812350614191256e-01,-1.983950321932993477e-01,-1.967847126386509382e-01,-1.960556069301964410e-01,-1.969826375204081215e-01,-1.950906156571027283e-01,-1.976613489809648794e-01,-1.993628472358661974e-01,-1.968405391758354939e-01,-1.972490526972926761e-01
-4.720558973192737762e-01,-4.722107912757849135e-01,-4.753425918588019550e-01,-4.768519131319997606e-01,-4.749215795849892063e-01,-4.787081494525157188e-01,-4.735893968842445068e-01,-4.703152584297938810e-01,-4.752806295793333136e-01,-4.744848117112347441e-01
1.141409853626522475e+00,9.144559800501218527e-01,1.141226570644082061e+00,9.122840596793063694e-01,1.141181675737083401e+00,1.140927681351195488e+00,1.141397681623669946e+00,1.141513423855819109e+00,9.129093463112823992e-01,9.133695637996437355e-01
-2.376442873630307817e-01,1.894325802557799143e-01,-2.372909132455905956e-01,1.937396435969314656e-01,-2.372150225972883275e-01,-2.366987172357038482e-01,-2.376317824141772617e-01,-2.378597582123473664e-01,1.924909924444704323e-01,1.915876360952378232e-01
-2.548232521176875265e-01,-2.546207462535576838e-01,-2.533860791853245198e-01,-2.528750563598162193e-01,-2.535826162432066599e-01,-2.520216687325355087e-01,-2.540890248440922927e-01,-2.555529007739808511e-01,-2.535506694391286286e-01,-2.537751128178937221e-01
-5.448708936638496647e-01,-5.454915462401219717e-01,-5.494820020948371075e-01,-5.512994042420715779e-01,-5.487868597522255198e-01,-5.540105360146500013e-01,-5.471337863787675282e-01,-5.424803525229024981e-01,-5.490292562041275692e-01,-5.483005663500188920e-01
1.100780692191540622e+00,9.287823999952941056e-01,1.100759651309056508e+00,9.271622593992329131e-01,1.100687047055796564e+00,1.100608510353364045e+00,1.100850551936983335e+00,1.100804657814621557e+00,9.276514582448888158e-01,9.279745086974606760e-01
-3.929154236310482551e-01,1.389922938035205169e-01,-3.928499471206993165e-01,1.443580098738719286e-01,-3.926312449634173918e-01,-3.923560926684190320e-01,-3.931529033036911258e-01,-3.930180585754713962e-01,1.427231909397447818e-01,1.416673927370525887e-01
-3.130245219951997004e-01,-3.128088523859394177e-01,-3.120368279440953740e-01,-3.117622753098631683e-01,-3.121830131750413240e-01,-3.111521029784533598e-01,-3.124929878146625040e-01,-3.135131820134052782e-01,-3.122248691500345563e-01,-3.123064801392688716e-01
-6.635761864258776788e-01,-6.649138939034018314e-01,-6.700454133849681471e-01,-6.722354581563154685e-01,-6.689542933663171764e-01,-6.761676991421312621e-01,-6.668661360690530948e-01,-6.602857950051740366e-01,-6.689621848098427082e-01,-6.684091851486246849e-01
1.047407342041482448e+00,9.359505857645846749e-01,1.047461878589029283e+00,9.349446719784463289e-01,1.047388297231213405e+00,1.047397670998116981e+00,1.047500409853046488e+00,1.047391355709945238e+00,9.352540472321397846e-01,9.354494095287757549e-01
-6.085311235285083553e-01,8.191066231366367356e-02,-6.088912573234562808e-01,8.884124227679160435e-02,-6.084332085273672641e-01,-6.084760119741704498e-01,-6.091607709596280618e-01,-6.084864305324964029e-01,8.667940192083188611e-02,8.536093726109107716e-02
-3.816070588082319803e-01,-3.815181451152832581e-01,-3.813102154104159869e-01,-3.812839222142874185e-01,-3.813433199817681252e-01,-3.810884637947276055e-01,-3.814236709475394282e-01,-3.817437679591644817e-01,-3.813964178918363146e-01,-3.814036652049048182e-01
-8.415944470440777092e-01,-8.438955760110060655e-01,-8.506001042501348808e-01,-8.533012821315222318e-01,-8.489759975713918605e-01,-8.589018785180430049e-01,-8.462679795478768030e-01,-8.370751248024825841e-01,-8.486466950531299513e-01,-8.483416120945010963e-01
9.730474807300697471e-01,9.367059406965880797e-01,9.730762596290232214e-01,9.364532249528476626e-01,9.730467510661502395e-01,9.730594068701139410e-01,9.730826813641952899e-01,9.730302674481983161e-01,9.365278530301172077e-01,9.365796845078371291e-01
-9.124895238748460535e-01,9.277357692318063953e-03,-9.133726176282856990e-01,1.851581837507668138e-02,-9.125782002798283887e-01,-9.129624984784168173e-01,-9.136329116222884350e-01,-9.122861305431930745e-01,1.562797277573314825e-02,1.387696614468357514e-02
-4.691269147409340423e-01,-4.692975993033280391e-01,-4.698111746248730958e-01,-4.700717612600315842e-01,-4.696649349888458724e-01,-4.704902302329981301e-01,-4.694537433657534065e-01,-4.687729311351578887e-01,-4.696729027066713358e-01,-4.696597424042305291e-01
-1.093466146417928941e+00,-1.096775774357521271e+00,-1.105760958918619252e+00,-1.109301034102535333e+00,-1.103500195685265917e+00,-1.117020605021200153e+00,-1.099865973605012481e+00,-1.087317228620710230e+00,-1.102890849983579669e+00,-1.102703404651619534e+00
8.661833756268420004e-01,9.296199991485668557e-01,8.661084367938802764e-01,9.303670778108946715e-01,8.661695017959324394e-01,8.661323960411104750e-01,8.660896353002970338e-01,8.661905237152203174e-01,9.301300231366501636e-01,9.299915356173394931e-01
-1.335151663040651471e+00,-8.853653853594797840e-02,-1.336492207559053069e+00,-7.603934717668027476e-02,-1.335336378015004266e+00,-1.335987856702963272e+00,-1.336793297396955404e+00,-1.334824900331020192e+00,-7.993191011237663068e-02,-8.231471919485468247e-02
-5.832829886154881072e-01,-5.837270029246643954e-01,-5.852413355021258701e-01,-5.859173133011025270e-01,-5.848746015405552612e-01,-5.871281986437731915e-01,-5.842551132855526852e-01,-5.822794312185743948e-01,-5.848699461739326200e-01,-5.847811389172448138e-01
-1.427792834450368531e+00,-1.431554079043348970e+00,-1.443936531153858116e+00,-1.449002652996288498e+00,-1.441082334666180298e+00,-1.459069987076967001e+00,-1.436048027739140087e+00,-1.419625984194206270e+00,-1.440693511338892341e+00,-1.439982982148136692e+00
7.143502338646917638e-01,9.120211606861560183e-01,7.141957336822998270e-01,9.141020710692527862e-01,7.143514629721912090e-01,7.142779863712022115e-01,7.141377441527692049e-01,7.143764391322350304e-01,9.134403638863521913e-01,9.130535761356627367e-01
-1.899034054712758879e+00,-2.201679654877822800e-01,-1.900303178147662697e+00,-2.034436152653273933e-01,-1.898992509750586422e+00,-1.899606230917378014e+00,-1.900763150701790138e+00,-1.898739006861077439e+00,-2.087265702716913918e-01,-2.118665525671351302e-01
-7.260475558652554895e-01,-7.264806479866855460e-01,-7.293943368305935149e-01,-7.307494454632821324e-01,-7.288496794215926222e-01,-7.327731880861060310e-01,-7.276573694575902973e-01,-7.242868732459725178e-01,-7.290726744634938861e-01,-7.286202491167977913e-01
-1.825668868095639219e+00,-1.828255479344110812e+00,-1.845253629004238727e+00,-1.852859580178236154e+00,-1.842186035476620409e+00,-1.864750338062051593e+00,-1.835258183103995355e+00,-1.815456490152500324e+00,-1.843235019489994242e+00,-1.840601439668220651e+00
5.121437452136938795e-01,8.818047846459844408e-01,5.122293715638124301e-01,8.855337488416745728e-01,5.123597531657234638e-01,5.124575313881736260e-01,5.120468338436893196e-01,5.120880303038863879e-01,8.842872867970494877e-01,8.836383399349205803e-01
-2.585810319525601919e+00,-3.869831487480854260e-01,-2.585302832417164076e+00,-3.654789081590912314e-01,-2.584518880378610106e+00,-2.583987015951922928e+00,-2.586353986165517593e+00,-2.586102527071733270e+00,-3.726418581276120801e-01,-3.764047624053701302e-01
-8.816632185787146581e-01,-8.814974732631770671e-01,-8.859582397262935061e-01,-8.882092976000057760e-01,-8.854091356160403992e-01,-8.906877180419445761e-01,-8.835943917328304975e-01,-8.792931468407830797e-01,-8.862618761537268686e-01,-8.850107498763524205e-01
-2.202772480889361617e+00,-2.202000725283314697e+00,-2.223254127418115011e+00,-2.233773659820705859e+00,-2.220728206373958180e+00,-2.245617245239600823e+00,-2.212112129567101348e+00,-2.191557523106576255e+00,-2.224588016223651543e+00,-2.218630070741173910e+00
2.808856281356295614e-01,8.417375670742774929e-01,2.821211658001179234e-01,8.472462152563051685e-01,2.819359027125492578e-01,2.829483585084290875e-01,2.814978229894968265e-01,2.803900916501339546e-01,8.452403095090599283e-01,8.444075275123604785e-01
-3.273507353947041842e+00,-5.691513936994715417e-01,-3.267605167953180345e+00,-5.431586710003888374e-01,-3.268462707785053212e+00,-3.263725995977443617e+00,-3.270552790664873477e+00,-3.275863284554918486e+00,-5.526043571096741491e-01,-5.565469751523293152e-01
-1.011140048660162716e+00,-1.010106404733775554e+00,-1.015367828117640814e+00,-1.018209217590013260e+00,-1.014993078424507811e+00,-1.020503655614521055e+00,-1.012884989458828322e+00,-1.008671646488764617e+00,-1.016536548991692879e+00,-1.014492444618519285e+00
-2.418375553773125297e+00,-2.414092446679547699e+00,-2.435872558586936520e+00,-2.447496982995378545e+00,-2.434390026661645834e+00,-2.457002703073158045e+00,-2.425696975247074505e+00,-2.408236856331532394e+00,-2.440618741539377634e+00,-2.432160708192879106e+00
8.074262111065633185e-02,8.033331182884768662e-01,8.430262290586021390e-02,8.105229906865497602e-01,8.357135954118136145e-02,8.674271199306327063e-02,8.267535159751293605e-02,7.921832001273496071e-02,8.077235200528728454e-01,8.067837394760157821e-01
-3.738282402676716742e+00,-7.208822021345135944e-01,-3.723532129308563476e+00,-6.913848973695144728e-01,-3.726516226269057874e+00,-3.713548681778421123e+00,-3.730225367886171650e+00,-3.744588754923412921e+00,-7.028548026602138288e-01,-7.067184217630162468e-01
-1.083567687384231482e+00,-1.082166045959994660e+00,-1.087040934941288395e+00,-1.089765836906906094e+00,-1.086823459874460163e+00,-1.091562873994522453e+00,-1.084917172906896488e+00,-1.081452999184116637e+00,-1.088548185491156950e+00,-1.086351881018567722e+00
-2.406963370114771017e+00,-2.401742808533690265e+00,-2.419853733079537772e+00,-2.429887447487999452e+00,-2.419092016861942973e+00,-2.436560158627999684e+00,-2.412045332786097340e+00,-2.399173350457882936e+00,-2.425383637955852212e+00,-2.417227231384627029e+00
-3.528930317359318947e-02,7.790850858379133603e-01,-2.924345584602587589e-02,7.876522771343226204e-01,-3.038342221682280297e-02,-2.455608397422294475e-02,-3.212679108468664835e-02,-3.807165897989582548e-02,7.842983253190161097e-01,7.832097885942896909e-01
-3.856049933922617967e+00,-8.081852277948645691e-01,-3.833584376638686564e+00,-7.766333891424240798e-01,-3.837750785523902142e+00,-3.816341048207853692e+00,-3.844225722382469623e+00,-3.866361113852361253e+00,-7.889708772809929105e-01,-7.929869600618741909e-01
-1.105643736095206719e+00,-1.104436256979707043e+00,-1.108394654739239371e+00,-1.110615536351593935e+00,-1.108219755057479716e+00,-1.112026870226100250e+00,-1.106718612913628830e+00,-1.103950823211248711e+00,-1.109678600392012493e+00,-1.107842345826561159e+00
-2.240651744357621045e+00,-2.236536851385458657e+00,-2.249972936278779478e+00,-2.257452612339264419e+00,-2.249407151172861941e+00,-2.262236495381150903e+00,-2.244347522989659449e+00,-2.234954115758432724e+00,-2.254282529454172401e+00,-2.248050461544576883e+00
-7.195043772228509882e-02,7.707114067189649864e-01,-6.431211060650612876e-02,7.801795697383240302e-01,-6.557060016518415080e-02,-5.778280812212059636e-02,-6.814595163702250047e-02,-7.565448490362391976e-02,7.766016706671237113e-01,7.753189457045672750e-01
-3.720993559676877283e+00,-8.409458677615517797e-01,-3.695071625429329210e+00,-8.090899764334825717e-01,-3.699252091523522523e+00,-3.673119714190979490e+00,-3.707989643841893113e+00,-3.733511800019943649e+00,-8.211118522003107989e-01,-8.254364509427096763e-01
-1.100399324055045591e+00,-1.099562829830254440e+00,-1.102685747546779726e+00,-1.104408338950283675e+00,-1.102489576634278157e+00,-1.105609544286068946e+00,-1.101344654981545990e+00,-1.099013389113333794e+00,-1.103581077711359493e+00,-1.102201048425466290e+00
-2.016648239786932528e+00,-2.014011335329842556e+00,-2.023791276069894618e+00,-2.029146010397492095e+00,-2.023192197900511857e+00,-2.032900896081692554e+00,-2.019641770683020532e+00,-2.012341616168419556e+00,-2.026563462716818087e+00,-2.022239631667943627e+00
-6.289726692770562788e-02,7.727590772586917511e-01,-5.456546019427784000e-02,7.826740782147125763e-01,-5.577431636435295492e-02,-4.695033242500647186e-02,-5.891634282779838194e-02,-6.708103893095031245e-02,7.790886507409857664e-01,7.776373597968851969e-01
-3.481240758272437397e+00,-8.462282397087718122e-01,-3.455159702232414087e+00,-8.154601175883723352e-01,-3.458839060579782743e+00,-3.431546060965867007e+00,-3.468673129517245712e+00,-3.494264790706731016e+00,-8.265689549930010926e-01,-8.310834417598741419e-01
-1.084299294821537529e+00,-1.083788993333643536e+00,-1.086311492572841431e+00,-1.087665370831405687e+00,-1.086081806231806279e+00,-1.088757598328494725e+00,-1.085188013076961555e+00,-1.083109339403247162e+00,-1.086871145182582099e+00,-1.085857484448179422e+00
-1.788026148003950322e+00,-1.786526954450412985e+00,-1.793851384211845312e+00,-1.797754081367812118e+00,-1.793191698464559281e+00,-1.800919118421060894e+00,-1.790630486229698004e+00,-1.784593882405113074e+00,-1.795456583992350863e+00,-1.792508975567520979e+00
-3.387798179137804788e-02,7.801957706820771277e-01,-2.537302533893433590e-02,7.902491071445095772e-01,-2.648293098966237463e-02,-1.724277035828940263e-02,-2.994146965853437814e-02,-3.824762605743643740e-02,7.867518449858886820e-01,7.851860335169469352e-01
-3.222804124612919541e+00,-8.422715206740223337e-01,-3.198123502847763699e+00,-8.133587233958129437e-01,-3.201231355755226993e+00,-3.174761930895853013e+00,-3.211267015629300836e+00,-3.235398100541145627e+00,-8.233984510545804270e-01,-8.279139981725757158e-01
-1.065200855805269020e+00,-1.064924403211863657e+00,-1.067043226820813207e+00,-1.068147455599522511e+00,-1.066786767964905680e+00,-1.069175958941914528e+00,-1.066059740275942191e+00,-1.064136190257783054e+00,-1.067363486356048163e+00,-1.066605446408449342e+00
-1.573477694163259777e+00,-1.572714763892922418e+00,-1.578429794613919857e+00,-1.581386674761933619e+00,-1.577740346765466484e+00,-1.584155014884903512e+00,-1.575812212521775280e+00,-1.570621763356293998e+00,-1.579281645070330198e+00,-1.577231182357847095e+00
2.270498778186434696e-03,7.902359598662813678e-01,1.070495560234992899e-02,8.002500303154049810e-01,9.692897368875769137e-03,1.901546325831328030e-02,6.083660526430372667e-03,-2.128887471523316366e-03,7.968720213015119125e-01,7.952399385079438332e-01
-2.978192500740727944e+00,-8.370366734894537641e-01,-2.955458512982308328e+00,-8.102979467775179856e-01,-2.958069488611773767e+00,-2.933291818966475617e+00,-2.967797495032331145e+00,-2.989955776612843508e+00,-8.192991707646370969e-01,-8.236703264117679613e-01
-1.046230836898476513e+00,-1.046109430654501793e+00,-1.047957612550402873e+00,-1.048895648060884422e+00,-1.047684022084534261e+00,-1.049879589873258912e+00,-1.047067813977111683e+00,-1.045250460472077592e+00,-1.048119031188246897e+00,-1.047531335257007479e+00
-1.376879371146703779e+00,-1.376558379390040221e+00,-1.381188231786110832e+00,-1.383520945400682933e+00,-1.380502142274766975e+00,-1.385980523425837108e+00,-1.378990109188003244e+00,-1.374434504449393746e+00,-1.381585676809955032e+00,-1.380106713088223636e+00
4.023412881734118873e-02,8.016228818781365728e-01,4.849502871907260260e-02,8.115019912995605766e-01,4.756622950685974321e-02,5.680436266190269645e-02,4.390479234237062295e-02,3.588163257407934320e-02,8.082475351616082992e-01,8.065840150534904218e-01
-2.755471110049272809e+00,-8.331004928701948309e-01,-2.734792997890368671e+00,-8.086162126423152019e-01,-2.737000035439146828e+00,-2.714224546013441763e+00,-2.746165179446899973e+00,-2.766266957938260163e+00,-8.166636508243965142e-01,-8.208003020425760354e-01
-1.028479242081128620e+00,-1.028457041869036415e+00,-1.030119484445143785e+00,-1.030945469505383905e+00,-1.029836672212898208e+00,-1.031893339892260952e+00,-1.029295941145217830e+00,-1.027559386536639030e+00,-1.030178720930646330e+00,-1.029703489716820908e+00
-1.197314972735345373e+00,-1.197247071135114416e+00,-1.201108408446500020e+00,-1.203012609309507042e+00,-1.200448998029161496e+00,-1.205209374459851324e+00,-1.199223426236966761e+00,-1.195186440885315005e+00,-1.201242276009183874e+00,-1.200131257671681606e+00
7.810287874541342601e-02,8.138733502885848736e-01,8.615081287398951293e-02,8.235672588602886979e-01,8.529013347070261986e-02,9.436260129550202991e-02,8.163331973720999724e-02,7.383365223021590151e-02,8.204312260782723465e-01,8.187597631122169872e-01
-2.554182976469236976e+00,-8.308698387902186955e-01,-2.535505895474767346e+00,-8.086086144141017007e-01,-2.537386392985770289e+00,-2.516674756396378498e+00,-2.545873151203209783e+00,-2.563990149087032488e+00,-8.157921684061294476e-01,-8.196445160964108689e-01
-1.012253714587690423e+00,-1.012293599539666689e+00,-1.013824036269536100e+00,-1.014572439561935546e+00,-1.013537612565893253e+00,-1.015488485985151401e+00,-1.013050074300210879e+00,-1.011380171942804829e+00,-1.013818655239957289e+00,-1.013418179352278292e+00
-1.032825506964411888e+00,-1.032895405620598117e+00,-1.036181934619198497e+00,-1.037776697517471147e+00,-1.035563283107204580e+00,-1.039739370843472344e+00,-1.034545457489711939e+00,-1.030955640234089143e+00,-1.036168667648099673e+00,-1.035301289435529126e+00
1.153611586056598193e-01,8.268621389769279517e-01,1.231844740944557093e-01,8.363451651039041090e-01,1.223795092848551230e-01,1.312478553140054849e-01,1.187599777386935396e-01,1.111917802693705992e-01,8.333198903274483538e-01,8.316560294309341961e-01
-2.371651818459818095e+00,-8.300249345023212877e-01,-2.354866850909491216e+00,-8.099058872113229501e-01,-2.356479245939640421e+00,-2.337786793089198678e+00,-2.364245364907346936e+00,-2.380497062275958697e+00,-8.163066283060750328e-01,-8.198505800500454077e-01
-9.975966022785900389e-01,-9.976744780999085016e-01,-9.991072590662214425e-01,-9.998000866924590113e-01,-9.988209819051568905e-01,-1.000686848531258777e+00,-9.983723599967309070e-01,-9.967605209194019267e-01,-9.990616500886022600e-01,-9.987116209696357272e-01
-8.815755866930283791e-01,-8.817144774698019161e-01,-8.845482229852571487e-01,-8.859074473740053968e-01,-8.839778838669642980e-01,-8.876570894841691040e-01,-8.831184972192164251e-01,-8.799267048669372482e-01,-8.844575516092217926e-01,-8.837579053484676539e-01
1.520234600163027916e-01,8.406252560410026886e-01,1.596224964488561215e-01,8.498852558524699896e-01,1.588637790913061953e-01,1.675112633701880405e-01,1.553002136815675172e-01,1.479606436256123425e-01,8.469629936635378886e-01,8.453169642489289926e-01
-2.205113066885542761e+00,-8.300867887658900379e-01,-2.190098244840073871e+00,-8.120079000454218932e-01,-2.191485834049267556e+00,-2.174723664877990181e+00,-2.198527480961724567e+00,-2.213042207571983777e+00,-8.176961144369263579e-01,-8.209234836408479952e-01
-9.844868284195238406e-01,-9.845872031845309680e-01,-9.859446924330329542e-01,-9.865961662780483588e-01,-9.856610082593459943e-01,-9.874554787845580828e-01,-9.852419285250395564e-01,-9.836824292454077190e-01,-9.858745865954162690e-01,-9.855593117015823967e-01
-7.421137078883934812e-01,-7.422811815981137373e-01,-7.447421093114433566e-01,-7.459130837553166193e-01,-7.442234234614800714e-01,-7.474669531714080994e-01,-7.434903482499906069e-01,-7.406593022662426584e-01,-7.446153084636590869e-01,-7.440365418764071093e-01
1.882783095797406769e-01,8.552700819674549093e-01,1.956586505491337835e-01,8.643027953945903175e-01,1.949390806391175512e-01,2.033604565465270686e-01,1.914418804258304352e-01,1.843236608149427802e-01,8.614764225496043260e-01,8.598548874811917653e-01
-2.052302436922182949e+00,-8.306220174384284505e-01,-2.038936794321204449e+00,-8.144725992357403355e-01,-2.040132081029850664e+00,-2.025193741097152778e+00,-2.046465910275990119e+00,-2.059368263437328928e+00,-8.195093117166203367e-01,-8.224218201798553229e-01
-9.729141125747657881e-01,-9.730270824815518971e-01,-9.743241992880387059e-01,-9.749436774781817805e-01,-9.740446656987683527e-01,-9.757770886424446122e-01,-9.736487751516530453e-01,-9.721374143378904709e-01,-9.742397230915225137e-01,-9.739490031631319322e-01
-6.133504249182275547e-01,-6.135232332306632674e-01,-6.156663018157316758e-01,-6.166805132031866199e-01,-6.151999811242543359e-01,-6.180537431327786102e-01,-6.145713129362777583e-01,-6.120704507782650516e-01,-6.155274668975928565e-01,-6.150401465470760609e-01
2.243450202216928369e-01,8.709337297491311913e-01,2.315146995108411376e-01,8.797399178251739116e-01,2.308289043044100541e-01,2.390254498584045428e-01,2.274033509799835984e-01,2.204973096026743018e-01,8.770029778014952759e-01,8.754101387214967556e-01
-1.911524709877461481e+00,-8.313072223131923177e-01,-1.899692275235983052e+00,-8.169733304512563077e-01,-1.900720362394623830e+00,-1.887493254376387153e+00,-1.906374172908505527e+00,-1.917781977516555880e+00,-8.214124059679120959e-01,-8.240180672832255748e-01
-9.629024067223745931e-01,-9.630216917802003618e-01,-9.642687123152021700e-01,-9.648625046010090855e-01,-9.639942901466254099e-01,-9.656714660447898169e-01,-9.636171080046180837e-01,-9.621504862309014916e-01,-9.641763701503544004e-01,-9.639035092207036692e-01
-4.944678380334728285e-01,-4.946330665177032238e-01,-4.964981449564779270e-01,-4.973775961057537165e-01,-4.960832807103460196e-01,-4.985839910795000218e-01,-4.955433291028345510e-01,-4.933461137065061619e-01,-4.963610141141853171e-01,-4.959461881995514965e-01
2.604172617355993147e-01,8.877621687082770663e-01,2.673857053231750713e-01,8.963461977115638746e-01,2.667295069612872771e-01,2.747066260437621699e-01,2.633775462730215677e-01,2.566734982934427145e-01,8.936927204427363991e-01,8.921310055961250152e-01
-1.781570846904662275e+00,-8.319417617488554795e-01,-1.771161147307722006e+00,-8.193085934331713061e-01,-1.772042114556004577e+00,-1.760412389934328248e+00,-1.777049839873661163e+00,-1.787074254275584639e+00,-8.231985533193753035e-01,-8.255094510422790188e-01
-9.545131975164202753e-01,-9.546348789921602629e-01,-9.558391915057951049e-01,-9.564116981764472225e-01,-9.555704358296125411e-01,-9.571976674635249704e-01,-9.552086410405609129e-01,-9.537837413590756208e-01,-9.557431366197829403e-01,-9.554836772758753538e-01
-3.848274874520415390e-01,-3.849784257667424603e-01,-3.865961342047092297e-01,-3.873570696582326889e-01,-3.862308224693600800e-01,-3.884095148189345981e-01,-3.857677684877697244e-01,-3.838502175308264874e-01,-3.864682017474772024e-01,-3.861132558898919820e-01
2.966402012574963498e-01,9.058970744156503718e-01,3.034179334767412306e-01,9.142662608878731056e-01,3.027879399596176691e-01,3.105540494098537607e-01,2.995091985272014257e-01,2.929961153861274648e-01,9.116905233376060291e-01,9.101610126306464155e-01
-1.661608676351351788e+00,-8.324434594044212155e-01,-1.652516249251863245e+00,-8.213965403219678496e-01,-1.653266748188771507e+00,-1.643121462423327017e+00,-1.657665650760338893e+00,-1.666412049836836884e+00,-8.247819172765661344e-01,-8.268127874088155860e-01
-9.478403801974425447e-01,-9.479620895142818471e-01,-9.491293158222038340e-01,-9.496837532160236073e-01,-9.488664955070557072e-01,-9.504482601531909491e-01,-9.485174797723984197e-01,-9.471314005548854276e-01,-9.490321640525077873e-01,-9.487830783876463059e-01
-2.838939380701290816e-01,-2.840275733967311811e-01,-2.854227554539384148e-01,-2.860778763760771226e-01,-2.851044823747526102e-01,-2.869885554146548445e-01,-2.847089977329989585e-01,-2.830488623271593118e-01,-2.853077595818070966e-01,-2.850039281838798733e-01
3.330978642924514177e-01,9.254633718774293305e-01,3.396965477539507505e-01,9.336277372873459379e-01,3.390898415661198206e-01,3.466559217239202906e-01,3.358822199095823913e-01,3.295480919451200252e-01,9.311240238832838578e-01,9.296267082318223629e-01
-1.551085401722489765e+00,-8.328402996753645482e-01,-1.543209224631951093e+00,-8.232662550672366075e-01,-1.543843526159779378e+00,-1.535071704342745758e+00,-1.547672526078896604e+00,-1.555241333143426719e+00,-8.261885212519384236e-01,-8.279557997290433180e-01
-9.430003221970145733e-01,-9.431207159821679564e-01,-9.442554438088300861e-01,-9.447943152590368987e-01,-9.439986107339153332e-01,-9.455390123118470047e-01,-9.436601998634542854e-01,-9.423099677644590777e-01,-9.441587958045887241e-01,-9.439179620251599845e-01
-1.911754754566600267e-01,-1.912909614186527885e-01,-1.924847527501463984e-01,-1.930445376159139192e-01,-1.922106332663939265e-01,-1.938250431391092543e-01,-1.918750666780345837e-01,-1.904513803441007513e-01,-1.923841878776990366e-01,-1.921250534210953431e-01
3.697991724098358413e-01,9.465523737906150759e-01,3.762317866373511843e-01,9.545246249453438470e-01,3.756456792598444339e-01,3.830251800173217758e-01,3.725057151132539768e-01,3.663372841996946905e-01,9.520870050795816608e-01,9.506209395309070942e-01
-1.449649989443063225e+00,-8.332625905797479415e-01,-1.442893125597667581e+00,-8.250498423414049931e-01,-1.443423794964146634e+00,-1.435917127322722031e+00,-1.446722386997997045e+00,-1.453209606186562253e+00,-8.275479930471077994e-01,-8.290691340856746194e-01
-9.401167196586420749e-01,-9.402351341245647198e-01,-9.413414059286160374e-01,-9.418668142202402116e-01,-9.410904261345525157e-01,-9.425935182003888357e-01,-9.407607172780870775e-01,-9.394431430613836564e-01,-9.412461827147391435e-01,-9.410120414650029463e-01
-1.061791757956196403e-01,-1.062768902004779248e-01,-1.072879381786498304e-01,-1.077614253724628601e-01,-1.070548667945320637e-01,-1.084228011247851259e-01,-1.067727713635213960e-01,-1.055656241398341411e-01,-1.072019792222595469e-01,-1.069825671470548828e-01
4.066549733563031288e-01,9.691950380979075241e-01,4.129360371767152316e-01,9.769906705932657198e-01,4.123678600202648203e-01,4.195768051501724272e-01,4.092909830414295236e-01,4.032734221458929569e-01,9.746127951509824250e-01,9.731761826279801131e-01
-1.357093606247290252e+00,-8.339364700716689338e-01,-1.351363134123822807e+00,-8.269760008343846058e-01,-1.351801453928941132e+00,-1.345454933060485470e+00,-1.354608929834806075e+00,-1.360106340448734574e+00,-8.290868730951980181e-01,-8.303798260135626386e-01
-9.392969525993968283e-01,-9.394131671091827673e-01,-9.404948118871991891e-01,-9.410086716583259125e-01,-9.402493630676626024e-01,-9.417193977150236650e-01,-9.399266553963459003e-01,-9.386382122238150494e-01,-9.404014692844465673e-01,-9.401727935092931698e-01
-2.837741661060048937e-02,-2.845837722323601993e-02,-2.930353715138363235e-02,-2.969877822553639024e-02,-2.910828749335434007e-02,-3.025151398283369708e-02,-2.887415546172135417e-02,-2.786461349802046850e-02,-2.923160723273983408e-02,-2.904784399651592908e-02
4.434381691432416894e-01,9.933175850267156326e-01,4.495839477916585558e-01,1.000955040684049058e+00,4.490308521195515157e-01,4.560880546447843575e-01,4.460116212840995464e-01,4.401281984773980360e-01,9.986299559110631829e-01,9.972201857416019832e-01
-1.273303262608693309e+00,-8.351777227534643577e-01,-1.268510475728435338e+00,-8.293639591226421581e-01,-1.268866695500293851e+00,-1.263579327001429720e+00,-1.271221525025862276e+00,-1.275816567219238973e+00,-8.311223487256085285e-01,-8.322051269146877317e-01
-9.405932590695194051e-01,-9.407073197317848967e-01,-9.417681769143858572e-01,-9.422723623296765938e-01,-9.415277087377902365e-01,-9.429693467033748444e-01,-9.412105301821372949e-01,-9.399472430871219641e-01,-9.416768392332350857e-01,-9.414525757935157113e-01
4.281587079423149200e-02,4.275037031592146541e-02,4.205566775927259415e-02,4.173135994826711326e-02,4.221637054357625651e-02,4.127736827004283016e-02,4.240724900460434571e-02,4.323712386239725314e-02,4.211454673282829381e-02,4.226615141310220702e-02
4.797159239082239290e-01,1.018667108839045321e+00,4.857445605141674783e-01,1.026167919285138286e+00,4.852032979101649768e-01,4.921306240019884259e-01,4.822357133254898676e-01,4.764674704530100224e-01,1.023887899146011637e+00,1.022501558940678068e+00
-1.198222562736610541e+00,-8.373830963850539266e-01,-1.194283400409037466e+00,-8.326149239585208806e-01,-1.194566861411879621e+00,-1.190242499990883607e+00,-1.196506161009439850e+00,-1.200281557541653221e+00,-8.340535479561773657e-01,-8.349438500080977876e-01
-9.439368431685611904e-01,-9.440489067058811523e-01,-9.450929642568164368e-01,-9.455894120930171676e-01,-9.448566083750419287e-01,-9.462751141028715729e-01,-9.445438688193742438e-01,-9.433012106814980813e-01,-9.450035014058968397e-01,-9.447826576726984227e-01
1.080587702624888763e-01,1.080073857247309949e-01,1.074489764955607607e-01,1.071889097886852826e-01,1.075783924291354582e-01,1.068244258166606564e-01,1.077300045627491848e-01,1.083970616059847375e-01,1.074959652265223969e-01,1.076184957734119818e-01
5.147367512681961799e-01,1.044686809146389006e+00,5.206682286201801402e-01,1.052075626219642679e+00,5.201348785471230363e-01,5.269574871219939727e-01,5.172128883869873128e-01,5.115383827460695532e-01,1.049832033720599966e+00,1.048464914018703231e+00
-1.131811680519216434e+00,-8.410135152316409179e-01,-1.128647341011263183e+00,-8.371954174836900853e-01,-1.128866502276267614e+00,-1.125414829959463736e+00,-1.130425569989814694e+00,-1.133458727145706391e+00,-8.383447561885171151e-01,-8.390596147786363312e-01
-9.490244526705697847e-01,-9.491346103778789400e-01,-9.501660541847093411e-01,-9.506568306497429344e-01,-9.499324574299221613e-01,-9.513338941555544714e-01,-9.496237969590540784e-01,-9.483965943307106627e-01,-9.500781153012488600e-01,-9.498596734332651614e-01
1.680808126272443637e-01,1.680422812048067427e-01,1.676072430155006177e-01,1.674053120683460794e-01,1.677085451952328998e-01,1.671218419231309260e-01,1.678242167246718486e-01,1.683440646237605587e-01,1.676435449851505499e-01,1.677397676833138063e-01
5.472453167724965484e-01,1.070307414299143112e+00,5.531010785794302498e-01,1.077611749279243414e+00,5.525706809482751058e-01,5.593171124909568359e-01,5.496890675771584078e-01,5.440842769434639514e-01,1.075394957298158927e+00,1.074042077612116453e+00
-1.073994791689631301e+00,-8.465583552226527697e-01,-1.071532466814198115e+00,-8.436016488384050493e-01,-1.071694838464049671e+00,-1.069032481998499318e+00,-1.072906778390854576e+00,-1.075269006849281395e+00,-8.444896926347631450e-01,-8.450451370431804055e-01
-9.551232518054406651e-01,-9.552312834230275440e-01,-9.562544239111528954e-01,-9.567417510094097244e-01,-9.560214597696065075e-01,-9.574128872206079111e-01,-9.557179162938977957e-01,-9.545002834765492494e-01,-9.561674328093028308e-01,-9.559502811594717819e-01
2.236580373955110446e-01,2.236312346486876712e-01,2.233079407027655505e-01,2.231586479038188131e-01,2.233841100717443018e-01,2.229485287312519270e-01,2.234666158940717406e-01,2.238534205201541671e-01,2.233347062237650560e-01,2.234070975611575083e-01
5.751838589454243422e-01,1.093601850523298724e+00,5.809857753853155948e-01,1.100851185527851328e+00,5.804518180664456350e-01,5.871536791112541565e-01,5.776077540131858701e-01,5.720463567456237630e-01,1.098650628809988872e+00,1.097306336785523806e+00
-1.024575391302964045e+00,-8.544600464343717894e-01,-1.022749028167200924e+00,-8.522841491339311348e-01,-1.022860996840104564e+00,-1.020912757509629065e+00,-1.023756515957060076e+00,-1.025512122097177903e+00,-8.529360734206952177e-01,-8.533468009241955698e-01
-9.607404411577490366e-01,-9.608454303793221296e-01,-9.618644254664632243e-01,-9.623506443261438115e-01,-9.616287190193629764e-01,-9.630183660212690011e-01,-9.613339119574388913e-01,-9.601192650444911880e-01,-9.617775385190809878e-01,-9.615604166947979703e-01
2.755420250989644160e-01,2.755259404452632399e-01,2.753041415305753081e-01,2.752026514768210474e-01,2.753577887722840067e-01,2.750591244221702869e-01,2.754096145198175472e-01,2.756758526354832206e-01,2.753223904316264847e-01,2.753731234960983820e-01
5.952250141633359526e-01,1.111226380496878718e+00,6.009931275324019717e-01,1.118450020448576110e+00,6.004468483596141493e-01,6.071375739185118636e-01,5.976425580962666517e-01,5.920970216405817554e-01,1.116254533226869627e+00,1.114912776896998858e+00
-9.830860502855246486e-01,-8.649604710528606688e-01,-9.818369661482426736e-01,-8.634940548140750405e-01,-9.819034723962337674e-01,-9.806035851174806917e-01,-9.825110274430566282e-01,-9.837163681692419059e-01,-8.639318572086838177e-01,-8.642109226445298109e-01
-9.630857679809392558e-01,-9.631854967808093360e-01,-9.642037181654299349e-01,-9.646911341727218980e-01,-9.639599211605224260e-01,-9.653572220327470976e-01,-9.636819979719621898e-01,-9.624632767691372326e-01,-9.641157477497172001e-01,-9.638972149901826603e-01
3.243017433043512421e-01,3.242953375901803659e-01,3.241662058478613773e-01,3.241084113619510099e-01,3.241992552656887128e-01,3.240256367823526329e-01,3.242231802369592297e-01,3.243793644727749337e-01,3.241767478502102229e-01,3.242076466287706626e-01
6.020846316796779618e-01,1.117560469928301270e+00,6.078327397762870454e-01,1.124783000626841334e+00,6.072622832521333835e-01,6.139739474496458405e-01,6.045093579138341999e-01,5.989536838791508222e-01,1.122581755481039778e+00,1.121236721358810806e+00
-9.485185164618369358e-01,-8.778023004750512559e-01,-9.477955244978774063e-01,-8.769839987837829698e-01,-9.478195294414168970e-01,-9.471127234153188246e-01,-9.481661494223786457e-01,-9.488688627132505493e-01,-8.772261722378534854e-01,-8.773847342426424056e-01
-9.572707632048191861e-01,-9.573608392824544122e-01,-9.583796341720363099e-01,-9.588701293687343918e-01,-9.581194913066343188e-01,-9.595346543990923571e-01,-9.578739465746008985e-01,-9.566443413100322868e-01,-9.582889648298301699e-01,-9.580674337119450268e-01
3.700103737371500667e-01,3.700122505498845693e-01,3.699682726161858670e-01,3.699508353828602214e-01,3.699814200666233233e-01,3.699237685101360862e-01,3.699816761339983495e-01,3.700361065279254569e-01,3.699716083834873603e-01,3.699840792376503096e-01
5.876439941997373406e-01,1.103523724394366745e+00,5.933717129699929149e-01,1.110756222513124447e+00,5.927614744446862982e-01,5.995177247726944936e-01,5.900871710409542059e-01,5.845028389539315139e-01,1.108540874992091974e+00,1.107188345051839162e+00
-9.188617854448350997e-01,-8.916863878904560670e-01,-9.186201836802564413e-01,-8.914643529145735990e-01,-9.186018784425687977e-01,-9.184436673898104253e-01,-9.187151606767738343e-01,-9.189540646647963440e-01,-8.915257714316288107e-01,-8.915729981363889056e-01
-9.353427197078130195e-01,-7.779284137578518221e-02,-9.364321629533073343e-01,-7.686778173532460290e-02,-9.361438329045995710e-01,-9.375860929783844666e-01,-9.359565102986350249e-01,-9.347113255572240265e-01,-7.714264827156624982e-02,-7.732117289185630460e-02
4.116976044707141291e-01,-1.237260015338033370e-01,4.117399554853857779e-01,-1.227628392972738014e-01,4.117318582643765823e-01,4.117842318144692149e-01,4.117160909065152863e-01,4.116748082586078605e-01,-1.230391380213520236e-01,-1.232297808459627275e-01
5.402188047782325864e-01,3.238477227801561664e-01,5.458988150348144108e-01,-6.414184307495472970e-01,5.452300940372755145e-01,5.520320733522819934e-01,5.426846019781774721e-01,5.370721157643789656e-01,6.796157849839270515e-01,3.072550583272189995e-01
-8.904048771641199789e-01,-9.461092180346341030e-01,-8.906032356890900559e-01,7.671912386718112709e-01,-8.905391239245629142e-01,-8.908940370877176385e-01,-8.904508806468481863e-01,-8.902575958860227123e-01,7.335682550388074041e-01,-9.516272007106234554e-01
-8.857758734689600288e-01,-1.977193056407630101e-01,-8.868249086312546270e-01,-8.875297856620117942e-02,-8.864940937005019173e-01,-8.879668833412164286e-01,-8.864013463679287774e-01,-8.851421124050631306e-01,6.488599927713412097e-02,-2.066057720726041935e-01
4.465808451557596315e-01,-8.691522780617746413e-01,4.466967882303234938e-01,-1.070388417468351311e-01,4.466632567879382232e-01,4.468224895469002367e-01,4.466449483439116075e-01,4.465123485324165031e-01,-6.479775585760738643e-02,-8.716735203125722808e-01
4.451019763846508215e-01,8.515216556778305579e-01,4.506632386562591797e-01,-5.579967294308901815e-01,4.499188509740646991e-01,4.567206188707239600e-01,4.475786258491440961e-01,4.419770702636753312e-01,6.770350536154716714e-01,8.500303928230465988e-01
-8.569710771561234175e-01,-5.243194349932931431e-01,-8.575646178154635590e-01,7.513011700825915629e-01,-8.574472075295387352e-01,-8.582825418865144274e-01,-8.571983306269425062e-01,-8.566025038560750593e-01,7.359507702121761419e-01,-5.267336435781344584e-01
-7.951429827417990648e-01,-3.472467098303829158e-01,-7.961193627323159827e-01,-1.062629541378031645e-01,-7.957353611958981610e-01,-7.972261271401330784e-01,-7.957744789148905040e-01,-7.945163564599376782e-01,7.139230511791216927e-01,-3.564872627997489607e-01
4.694917860995432290e-01,-7.742460914223393553e-01,4.696665004142805411e-01,-9.067644374721840761e-02,4.696008319849744872e-01,4.698640946289449616e-01,4.696000150126389272e-01,4.693810108435142459e-01,-7.830963548484021208e-02,-7.758818710926488338e-01
2.887619552055492589e-01,7.477098847345791111e-01,2.940763370391082376e-01,-4.185420504535615760e-01,2.932530008362597140e-01,2.999278836053239639e-01,2.912089841872106399e-01,2.857216982280609829e-01,4.361765254761881261e-01,7.457908505139408950e-01
-8.098644453830615708e-01,-5.375326237491364623e-01,-8.107952095363973877e-01,7.221743001219622649e-01,-8.106152602408018826e-01,-8.118873997106195173e-01,-8.102584601637519146e-01,-8.092986779632105332e-01,8.998611218535447209e-01,-5.396101328873552649e-01
-6.544997811047754688e-01,-5.442389370214754107e-01,-6.553670081203974984e-01,-1.279470594067158851e-01,-6.549357309924680459e-01,-6.564016958579969030e-01,-6.551192684744537864e-01,-6.538998329541951815e-01,6.781817802830661934e-01,-5.537511074623883145e-01
4.737241781915154104e-01,-6.633077430585097023e-01,4.739384792318925288e-01,-7.302128341909801257e-02,4.738350583883410572e-01,4.741937602393219153e-01,4.738726309719206720e-01,4.735771020953305488e-01,-1.203361125473235982e-01,-6.640955910106846050e-01
6.900916525810962820e-02,5.900695693361120986e-01,7.389942159005064015e-02,-2.191422439654796273e-01,7.302722600242983475e-02,7.934458158580082188e-02,7.134729337416828576e-02,6.615770851707000744e-02,6.644605715856326533e-01,5.876147132690966446e-01
-7.401865757565283532e-01,-5.308028814789459426e-01,-7.413752527096957312e-01,6.714793902127813574e-01,-7.411290265907467534e-01,-7.427633435357730018e-01,-7.407222068010856919e-01,-7.394613049694270801e-01,7.686020663696100375e-01,-5.325054650894013308e-01
-4.699069884973821054e-01,-7.617461260778556342e-01,-4.706399182779132939e-01,-1.499801126516372152e-01,-4.701960597620782889e-01,-4.715591902515074985e-01,-4.704823333812733765e-01,-4.693620895055399256e-01,6.169065316324701120e-01,-7.712915385527745471e-01
4.547115214799640204e-01,-5.356727890181662843e-01,4.549457251549536840e-01,-5.426666221946531421e-02,4.548072103679973721e-01,4.552391044545364696e-01,4.548907602762217728e-01,4.545384447242005743e-01,-1.508996735232851771e-01,-5.356882918009089334e-01
-1.926451572250909572e-01,3.872180746589701794e-01,-1.883586049502474213e-01,2.264935540647847190e-02,-1.892064675717818056e-01,-1.835488826205150525e-01,-1.905246697662886790e-01,-1.951810624725280885e-01,9.155569650226469403e-01,3.842123578377439341e-01
-6.445388977412310760e-01,-4.995790087749206188e-01,-6.458888523812112981e-01,5.955245015189576385e-01,-6.455883235293133904e-01,-6.474667978534067725e-01,-6.451750097989396027e-01,-6.437085242932834017e-01,6.183632808832598693e-01,-5.008736067275271209e-01
-2.674761670693108773e-01,-9.569685197974525659e-01,-2.680736448697998431e-01,-1.673611926663270411e-01,-2.676725654957872180e-01,-2.688440805154996838e-01,-2.679712981284602114e-01,-2.670137291743989727e-01,5.345570328086048928e-01,-9.662144297678744165e-01
4.150702166268916415e-01,-4.002492579359999691e-01,4.153111084746817228e-01,-3.563680132203367323e-02,4.151528695517426870e-01,4.156213870972238489e-01,4.152651334507821979e-01,4.148847414567534142e-01,-1.688330853327699443e-01,-3.996151702050381171e-01
-4.513363973496896664e-01,1.690396890940197849e-01,-4.477652008499671821e-01,2.667892147070907161e-01,-4.484984379502401919e-01,-4.437599612086436940e-01,-4.495313504751653477e-01,-4.534559053473905532e-01,1.139725561319050229e+00,1.655913443325111312e-01
-5.304282634457913037e-01,-4.473141387943174729e-01,-5.318478692240231620e-01,5.005651923431623240e-01,-5.315225571449146980e-01,-5.335038397567085644e-01,-5.311139893929387457e-01,-5.295535443705292611e-01,4.595908449714916078e-01,-4.481991467378987903e-01
-8.175238659884268011e-02,-1.094701498038854082e+00,-8.223320792779376109e-02,-1.768276848810835522e-01,-8.191999396203059058e-02,-8.284597643564750591e-02,-8.214563751790748825e-02,-8.138553614741897424e-02,4.445232183091264444e-01,-1.103359887321879507e+00
3.654034738774839530e-01,-2.709903231817076819e-01,3.656482669189258794e-01,-1.862571249794830325e-02,3.654923567864774014e-01,3.659599103141241705e-01,3.655987327225020955e-01,3.652176902967764760e-01,-1.771478705673255327e-01,-2.698417619402514456e-01
-6.616775105424250736e-01,-2.704961674660930071e-02,-6.588249204282067284e-01,4.706983768990487538e-01,-6.593869644453187462e-01,-6.556599726907481607e-01,-6.602280606081487591e-01,-6.633516182103477155e-01,1.296483493274140919e+00,-3.075289335401806823e-02
-4.138370071144673035e-01,-3.858066894414592385e-01,-4.152681835560927404e-01,4.011996571195246553e-01,-4.149506191568732016e-01,-4.169231164004811307e-01,-4.145307486615484316e-01,-4.129632800113683389e-01,3.084322706391954272e-01,-3.863188470772740968e-01
6.422633784871002727e-02,-1.166678883735972061e+00,6.383796966165974918e-02,-5.406906867491739765e-02,6.405104653722655528e-02,6.336709152614417029e-02,6.393338645102784878e-02,6.450310638186861067e-02,3.610540419374321242e-01,-1.174609126255324654e+00
3.186487760210801046e-01,-1.571384744413888979e-01,3.189035773024458398e-01,2.156389763465735576e-01,3.187673892875715342e-01,3.192121845875332542e-01,3.188355497887670476e-01,3.184683254442031708e-01,-1.822402798697540238e-01,-1.555647422965257265e-01
-8.033229700411366192e-01,-1.776028428982278917e-01,-8.011034142183854900e-01,-6.518579680930222109e-01,-8.014948428808530423e-01,-7.986876126775138696e-01,-8.022023063437837553e-01,-8.045961294048680212e-01,1.376814914905609255e+00,-1.813790249660686693e-01
-3.091899348279567583e-01,-3.286824611725333578e-01,-3.106233645244978470e-01,7.583410772427118252e-01,-3.103311263052990210e-01,-3.122577622713282874e-01,-3.098763632524892953e-01,-3.083303962422816458e-01,1.753895437432216320e-01,-3.288753072750644768e-01
1.667916159460876568e-01,-1.187548456058132640e+00,1.664756864803563774e-01,-1.882619956802386585e-01,1.666037327154234471e-01,1.661186466177277388e-01,1.665813982054732134e-01,1.669952181653995282e-01,9.177504966630226635e-01,-1.194753881271349405e+00
2.841418440715888782e-01,-5.783059623846241448e-02,2.844192037265129147e-01,9.404315867844921240e-01,2.843105639300262943e-01,2.847322524416128764e-01,2.843200480195758328e-01,2.839646001773276085e-01,-2.529345936036316855e-01,-5.583147104013168327e-02
-8.834500937057651049e-01,-2.804635714079150022e-01,-8.817410111704249154e-01,-9.987848397978559278e-01,-8.819992063782001734e-01,-8.799234637663313485e-01,-8.825942615318215223e-01,-8.844033695111438442e-01,3.117570437653572890e-01,-2.841909666527433487e-01
-2.219802753969396802e-01,-2.850320633031059314e-01,-2.234547087210804195e-01,-4.928330132987518430e-02,-2.231851922921606890e-01,-2.251106257118354048e-01,-2.226740115934161268e-01,-2.211139046085695836e-01,9.501618523507903147e-01,-2.849447382354921010e-01
2.348886046511600434e-01,-1.178202892617272513e+00,2.346313898539574838e-01,5.196798048864004205e-02,2.346992853493577447e-01,2.343606180547794515e-01,2.347397594673939214e-01,2.350376073015237877e-01,8.357109131117739231e-01,-1.184762425112326101e+00
2.666372761739526087e-01,3.660482762321869837e-02,2.669565312994305883e-01,9.408649857869864075e-01,2.668765108426540689e-01,2.672919912455489766e-01,2.668139087988360969e-01,2.664545879353689140e-01,-3.213740023094633358e-01,3.914306090721408199e-02
-9.214981791245999698e-01,-3.464813671491079883e-01,-9.201844430263050878e-01,-9.910864873780359519e-01,-9.203526430002154646e-01,-9.188199733354627252e-01,-9.208409355689877174e-01,-9.222111170997716600e-01,5.443407471248356000e-01,-3.501011760722858579e-01
-1.489792434677273125e-01,-2.585793835185657974e-01,-1.505776437114318134e-01,3.015073454016397453e-02,-1.503127729872863472e-01,-1.523508960292100367e-01,-1.497210967146954119e-01,-1.480554685453311370e-01,9.111011097941424941e-01,-2.582133475495834163e-01
2.807988022613663870e-01,-1.153968786790776413e+00,2.805927628831590415e-01,2.254487040027665645e-01,2.806232660715636262e-01,2.803882446777105075e-01,2.806938115978415138e-01,2.809076076564316904e-01,7.638212577244130053e-01,-1.159965256727513827e+00
2.687463808455855530e-01,1.419074536661398267e-01,2.691368122639772320e-01,1.015756562194417789e+00,2.690843931932963007e-01,2.695232543003897585e-01,2.689337719921279790e-01,2.685439316937263121e-01,-4.210159637059347482e-01,1.452371821085491621e-01
-9.354389762697241650e-01,-3.892343977039993685e-01,-9.344371395140763648e-01,-9.708183435289796659e-01,-9.345471301566439237e-01,-9.334213094193799520e-01,-9.349316289267012303e-01,-9.359689879849597549e-01,7.049878034689185391e-01,-3.927256204768543868e-01
-8.160580816192257447e-02,-2.503485685006363592e-01,-8.345976297199093896e-02,1.186731280637199487e-01,-8.317038077082418435e-02,-8.550081564514801225e-02,-8.246200582959264946e-02,-8.054485961754374868e-02,9.408165177422337377e-01,-2.496516577293547146e-01
3.153383658390520594e-01,-1.121126559317503046e+00,3.151828311943201677e-01,3.653542503166695155e-01,3.151929761132465924e-01,3.150347346919569191e-01,3.152661441880347248e-01,3.154152094323317002e-01,6.962243845665809783e-01,-1.126593190371316888e+00
2.936059090178987363e-01,2.792511666892887323e-01,2.941119232631883018e-01,1.189492230432545927e+00,2.940869713045349831e-01,2.945915623141582840e-01,2.938218629742732624e-01,2.933627886460374312e-01,-5.748183434878111342e-01,2.838075930404170277e-01
-9.363885228349985157e-01,-4.199712532813756338e-01,-9.356577000816261869e-01,-9.432867313133463938e-01,-9.357254488627544387e-01,-9.349394528387003911e-01,-9.360071091984714098e-01,-9.367637426494666020e-01,8.289894021279227143e-01,-4.233216451245205292e-01
-8.071685151000859704e-03,-2.613495929083390901e-01,-1.037816441274402868e-02,2.340767731130656837e-01,-1.002404067299940416e-02,-1.290844300621908636e-02,-9.140245779451952601e-03,-6.756524147429304739e-03,1.054462879733828018e+00,-2.601991743387053191e-01
3.469880166842402858e-01,-1.077621522970804158e+00,3.468909633756507294e-01,5.021752403430337353e-01,3.468926670148613778e-01,3.468007074711760285e-01,3.469442137817292937e-01,3.470345526045491291e-01,6.218769546775951840e-01,-1.082501852384329943e+00
3.464896055067666625e-01,4.763455859361573896e-01,3.471772118051560385e-01,1.498007762991281133e+00,3.471811956637925745e-01,3.478114558138281631e-01,3.467595063369531272e-01,3.461756926646415433e-01,-8.140863394424735500e-01,4.828126179015560515e-01
-9.285062189638876307e-01,-4.468274350035579823e-01,-9.280549295888399497e-01,-9.067850956542331531e-01,-9.280815842099217061e-01,-9.276418526129408537e-01,-9.282538623808402889e-01,-9.287230350574907645e-01,9.455065281322502235e-01,-4.500090186865280395e-01
8.629278004187759810e-02,-2.940538542828047275e-01,8.324390243439021286e-02,3.996443350445950671e-01,8.371709610352603970e-02,7.990276186753650367e-02,8.486981919902432392e-02,8.803147823171876551e-02,1.275834292225803024e+00,-2.922342864304030563e-01
3.825975231928604448e-01,-1.014771904822297177e+00,3.825778423749518486e-01,6.650477046280218740e-01,3.825793053428208634e-01,3.825591662848739638e-01,3.825845095750259328e-01,3.826085610728544029e-01,5.253678233173856293e-01,-1.018886363727733668e+00
4.351079228765168394e-01,7.679839686928290332e-01,4.360706061324108873e-01,1.990169029900578535e+00,4.361049516015294003e-01,4.369462438863097042e-01,4.354681047402344518e-01,4.346804705464988872e-01,-1.179299615539494139e+00,7.773652043058252303e-01
-9.105665049386557630e-01,-4.756859979554496354e-01,-9.104600345580964316e-01,-8.540312861998151650e-01,-9.104339164294122932e-01,-9.104239695318157022e-01,-9.104752596508806084e-01,-9.105871362760025178e-01,1.079594007377655540e+00,-4.786357450514054923e-01
2.192030295232592629e-01,-3.526340232361637739e-01,2.149982502264320416e-01,6.446086405480500048e-01,2.156615378722575027e-01,2.103918790003563577e-01,2.172264360724219523e-01,2.216033940382212963e-01,1.638490684705966816e+00,-3.498113660553082704e-01
4.280552994231152097e-01,-9.193418505721693279e-01,4.281443081457164124e-01,8.827249871717479657e-01,4.281504697179169261e-01,4.282241816833053938e-01,4.280824585739086419e-01,4.280184280085603254e-01,3.881131751352590586e-01,-9.223642968867657999e-01
5.680846022504952852e-01,1.192589910846842738e+00,5.694439489521561093e-01,2.720309978359621184e+00,5.695053202879413190e-01,5.706758727875440584e-01,5.685855790352559724e-01,5.674859034291956927e-01,-1.715272454443906636e+00,1.206238007021557035e+00
-8.777460733761341949e-01,-5.110387023515492455e-01,-8.781128623344266471e-01,-7.739116677050459359e-01,-8.780118319836847096e-01,-8.785948060710004892e-01,-8.778780802453305387e-01,-8.774966004712145828e-01,1.254023756940461531e+00,-5.136449887324778807e-01
4.101560471291690879e-01,-4.418029405436039725e-01,4.042424879109310920e-01,1.001253760184665609e+00,4.051805530946184231e-01,3.977691779935908500e-01,4.073653106357557618e-01,4.135315488310946086e-01,2.179849998694565194e+00,-4.375111485621935303e-01
4.880377775922065675e-01,-7.770802926800368660e-01,4.882776830040000959e-01,1.180441260782343793e+00,4.882890084806732478e-01,4.884952637144223675e-01,4.881216528735140558e-01,4.879336157234843707e-01,1.919004671430080966e-01,-7.785438264633972594e-01
7.506809835328595026e-01,1.780413157343577968e+00,7.525741369046399232e-01,3.725938834362691576e+00,7.526462830694153894e-01,7.542973560033775504e-01,7.513876226409819115e-01,7.498406270850526134e-01,-2.455623944049941887e+00,1.799931454005305076e+00
-8.237708798837135582e-01,-5.560855416632421999e-01,-8.247997434945287809e-01,-6.544555087596705123e-01,-8.245957106648906798e-01,-8.260046790172910214e-01,-8.242146692012746190e-01,-8.231446960335467855e-01,1.487674798576514856e+00,-5.581856424635084357e-01
6.754997888390822380e-01,-5.637642845728546570e-01,6.672180713486945969e-01,1.495001721674576345e+00,6.685138347836755424e-01,6.581695972873641276e-01,6.715950025243001553e-01,6.802159462592688444e-01,2.924168868901014129e+00,-5.574319385581191222e-01
5.644725486326276354e-01,-5.791856879169001715e-01,5.649089705332286382e-01,1.570471376794392970e+00,5.649189933016306453e-01,5.653096863901743152e-01,5.646354279024137224e-01,5.642771572041315187e-01,-7.347564241235174376e-02,-5.785502134784152872e-01
9.777091812794246328e-01,2.531428190324730654e+00,9.802557940706143613e-01,4.989163878902684424e+00,9.803010019331269698e-01,9.825985865136376285e-01,9.786930040035477507e-01,9.765555697836110216e-01,-3.394700301265725528e+00,2.558347662719669291e+00
-7.441393061552494803e-01,-6.118563778701036071e-01,-7.460537332025999335e-01,-4.882664143484721220e-01,-7.457215043750157202e-01,-7.482201936404715426e-01,-7.449947206974903979e-01,-7.430139124010287643e-01,1.788940814791391221e+00,-6.132556233804898893e-01
1.018600823869457273e+00,-7.134093783962207613e-01,1.007307006543060712e+00,2.125847704740531974e+00,1.009010554201489773e+00,9.950074832506831113e-01,1.013307856642664317e+00,1.025000432908897308e+00,3.853805219012836680e+00,-7.044632819126565026e-01
6.543543207466688827e-01,-3.307599155536614099e-01,6.550222852777214388e-01,2.039189640843758866e+00,6.550163521839618141e-01,6.556453772436550143e-01,6.546194783504399872e-01,6.540451114368334151e-01,-4.000438426456111585e-01,-3.275590510659460719e-01
1.227054167608109037e+00,3.391701588616431451e+00,1.230307459778437584e+00,6.399241667365529018e+00,1.230266816013158460e+00,1.233345893671496052e+00,1.228373798435610231e+00,1.225537111196151274e+00,-4.458752550149262639e+00,3.426938304645853250e+00
-6.402260910351321721e-01,-6.758922110614780099e-01,-6.432263135996767467e-01,-2.796251196418433893e-01,-6.427555984620365592e-01,-6.465617450337408645e-01,-6.415750485994797803e-01,-6.384973794067977382e-01,2.146526208917994172e+00,-6.764124681423056007e-01
1.418609587725052190e+00,-8.742669293022966581e-01,1.403891775216019822e+00,2.848504462115701852e+00,1.405985023278142343e+00,1.387934591096239068e+00,1.411783697393932169e+00,1.426888815867884519e+00,4.882241402620631554e+00,-8.623196467736661264e-01
7.490303192280776123e-01,-5.531384882245032886e-02,7.499394546407367468e-01,1.489363675714797108e-01,7.498982352054757161e-01,7.508026861204371016e-01,7.494139279672153986e-01,7.485943709398149570e-01,1.298811819329122041e-01,-4.933490073343976823e-02
1.461189850464545081e+00,4.251590390215143067e+00,1.465097911968885835e+00,9.750952402368650018e-01,1.464909632390893890e+00,1.468811833215821316e+00,1.462864084735804093e+00,1.459306237741363255e+00,-3.620122858563323831e-02,4.294926151956400595e+00
-5.217646003989765413e-01,-7.419860982514766556e-01,-5.259523299745937353e-01,-9.846055274053773232e-01,-5.253556283391119797e-01,-5.305529448596946196e-01,-5.236378217386148393e-01,-5.193879104012983916e-01,6.713245266683155466e-01,-7.415307115599254484e-01
1.828285210242005965e+00,-1.020178428988698816e+00,1.810187447544499229e+00,1.747911765587117916e-01,1.812573081380309592e+00,1.790667479609494350e+00,1.820002480372708620e+00,1.838377074632765007e+00,7.411635311411121085e-01,-1.005225629369547846e+00
8.369712967797934278e-01,2.117320069354958756e-01,8.381003542680822704e-01,2.093727140885970894e-01,8.380080685449784461e-01,8.391912392567877355e-01,8.374750276884976863e-01,8.364114417336201424e-01,7.913140722185559861e-01,-2.711268596846127532e-01
1.640727892845899483e+00,4.983107548998860103e+00,1.645137240864110950e+00,1.127733334861797054e+00,1.644766040913359761e+00,1.649400365711804817e+00,1.642718429684234760e+00,1.638532818007089054e+00,1.765490272512870162e-01,9.436292538165297339e-02
-4.044051693385172230e-01,-8.022732087431856396e-01,-4.097350443242434581e-01,-9.686955088023512239e-01,-4.090437452251999284e-01,-4.155386654132622315e-01,-4.067662645550071399e-01,-4.014176552458200153e-01,2.358380301516960487e-01,2.582377369905352604e-01
2.189592353760022814e+00,-1.124964678990797662e+00,2.168686860770533631e+00,2.968786065157345555e-01,2.171220035830774275e+00,2.146257494320412906e+00,2.180157430455188727e+00,2.201145322585178032e+00,9.717923767627361098e-01,-9.660813998799516744e-01
9.087881599668752308e-01,-2.536468257589852837e-01,9.100931268490971560e-01,2.600591268425065938e-01,9.099444622526152715e-01,9.113732956060182078e-01,9.093979739014134145e-01,9.081222909185797665e-01,7.964795521312368898e-01,-2.658335640719928783e-01
1.741589926595746851e+00,9.355023470502782379e-02,1.746292952521110164e+00,1.229411110716268629e+00,1.745746555515803600e+00,1.750909234474096854e+00,1.743809564594847927e+00,1.739182203411108629e+00,1.253115940634544068e-01,1.284189682938234600e-01
-3.030097404075330347e-01,2.788286020804219278e-01,-3.093037026368540832e-01,-9.516154285706349691e-01,-3.085549337154755989e-01,-3.161110552436969812e-01,-3.057687721792365920e-01,-2.995171384191919750e-01,2.793045357101545667e-01,2.132315295479352002e-01
2.458882911232757262e+00,-9.603408825317590880e-01,2.436113208496978544e+00,4.142814468001121408e-01,2.438654309999877867e+00,2.411800516811342110e+00,2.448737189986488705e+00,2.471363362692367893e+00,1.054472612801581333e+00,-1.091881343792307391e+00
9.605269705382598611e-01,-2.501185322789279408e-01,9.619559976645503108e-01,2.975175788683245837e-01,9.617563984497902174e-01,9.633748642766716275e-01,9.612188229045419696e-01,9.597813364926572888e-01,7.983880515473836814e-01,-2.611957884693365539e-01
1.761879983133299410e+00,1.201819529929466085e-01,1.766672624889565002e+00,1.275915779495824465e+00,1.765992757245828049e+00,1.771433656440961846e+00,1.764221114858037565e+00,1.759371827525270549e+00,6.502190374700794750e-02,1.580170625446193355e-01
-2.260279699452256152e-01,2.483735135247773229e-01,-2.330394417986705879e-01,-9.364160838826214306e-01,-2.322643861073689642e-01,-2.405851199793272999e-01,-2.290728843508173795e-01,-2.221672515606486487e-01,3.112855856702179125e-01,1.788727641046261863e-01
2.621487408500946525e+00,-1.037371761130083669e+00,2.597889005405948915e+00,5.177225079153506826e-01,2.600338153924647511e+00,2.572791303832090648e+00,2.611082360335557961e+00,2.634334612435678125e+00,1.089583122026781314e+00,-1.170662760160634752e+00
9.932950176162748113e-01,-2.473932711547705832e-01,9.948005563231318016e-01,3.218580557305904533e-01,9.945614545724386080e-01,9.963087439970691461e-01,9.940427069039255992e-01,9.924965575686890418e-01,7.984104170034965753e-01,-2.577191230911141662e-01
1.715723784432364063e+00,1.427413879889858628e-01,1.720441852341096700e+00,1.274889000060021038e+00,1.719682290507582589e+00,1.725170564887914981e+00,1.718086796203779132e+00,1.713214495401950366e+00,1.171771607099761359e-03,1.821628601680729820e-01
-1.746976430406475544e-01,2.278211913765827434e-01,-1.821795122855221494e-01,-9.248955405874157432e-01,-1.813992959299685070e-01,-1.902028596027872664e-01,-1.779224180208894557e-01,-1.706013119510425557e-01,3.319762585272972299e-01,1.558461563930476357e-01
2.687638433965724438e+00,-1.076471888812976951e+00,2.664111040465297453e+00,6.034152085386284003e-01,2.666411984058896678e+00,2.639166515820435155e+00,2.677347410280974671e+00,2.700379587925842095e+00,1.084026315561718690e+00,-1.206498832756070172e+00
1.010857581663346272e+00,-2.456495770709965776e-01,1.012401940421707724e+00,3.352589247085314139e-01,1.012135707634250759e+00,1.013958770006908150e+00,1.011638192330731822e+00,1.010029132175205513e+00,7.977380262079510898e-01,-2.555447706913395733e-01
1.622773300328361312e+00,1.611907269682952282e-01,1.627302076889478366e+00,1.238824915760932788e+00,1.626511327471914292e+00,1.631869665959228000e+00,1.625081504069230798e+00,1.620337159033972352e+00,-6.218248060125318444e-02,2.011026282438548862e-01
-1.457002539287199638e-01,2.160769950205878864e-01,-1.534454133252113051e-01,-9.176282704004993240e-01,-1.526725497297985457e-01,-1.617307256812680061e-01,-1.490192468446587537e-01,-1.414769008732738587e-01,3.433162880959456098e-01,1.427755493720312407e-01
2.679346176557699355e+00,-1.085658066914883424e+00,2.656555794350558664e+00,6.718128049710245797e-01,2.658683582832251258e+00,2.632450039776843553e+00,2.669435241376175938e+00,2.691639223753656385e+00,1.048722221276443989e+00,-1.208881055776660496e+00
1.017467866179246894e+00,-2.448749678587334722e-01,1.019023728566617715e+00,3.404500986640180415e-01,1.018740852971806055e+00,1.020599015555562650e+00,1.018263796969697488e+00,1.016626661277267640e+00,7.971987469584040920e-01,-2.545967320083934449e-01
1.500959804724246949e+00,1.760385856596378140e-01,1.505227749640025259e+00,1.179806549139970073e+00,1.504442016977355800e+00,1.509551131673168678e+00,1.503161501379802534e+00,1.498645806958542437e+00,-1.226531109942710362e-01,2.156583031762157043e-01
-1.341636847582524106e-01,2.113527192222870998e-01,-1.420166330662653298e-01,-9.144363816523551902e-01,-1.412579890927979087e-01,-1.504033062915135777e-01,-1.375141438652948134e-01,-1.298936358383010192e-01,3.476872088012227802e-01,1.375536385842800469e-01
2.619543314306654658e+00,-1.073644383041748140e+00,2.597926241951117099e+00,7.254257479092333094e-01,2.599873848346396787e+00,2.575103380355609151e+00,2.610181079367680290e+00,2.631168624952568535e+00,9.941176540025586927e-01,-1.187871803211869803e+00
1.016756341885983961e+00,-2.449735760018334207e-01,1.018304999592306137e+00,3.398689496305268842e-01,1.018013307286495195e+00,1.019877779816304342e+00,1.017555114725034571e+00,1.015914473259631468e+00,7.972931930256571542e-01,-2.547164354215734061e-01
1.363817464708224403e+00,1.879450013590011903e-01,1.367785056856080761e+00,1.107301300220558948e+00,1.367028279132469049e+00,1.371816518930705220e+00,1.365881530350655293e+00,1.361654440959356505e+00,-1.791055432268344461e-01,2.267539253385935927e-01
-1.354820527253498552e-01,2.119024209335510500e-01,-1.433338788856525214e-01,-9.148390419331884349e-01,-1.425930735391982562e-01,-1.517100718171812135e-01,-1.388207379240622708e-01,-1.312209953650463057e-01,3.471976740057549637e-01,1.381616628489384102e-01
2.526987870213840193e+00,-1.047719646905745261e+00,2.506799102807440338e+00,7.672149944649560016e-01,2.508568506559880174e+00,2.485515396569721425e+00,2.518269232749974940e+00,2.537819999176743835e+00,9.283435300222409037e-01,-1.151779093426733569e+00
1.011443385168554476e+00,-2.458338311254982811e-01,1.012972512010945625e+00,3.353918318421427180e-01,1.012677434665490317e+00,1.014528851158599032e+00,1.012236595146635443e+00,1.010608942902746055e+00,7.983004267974722623e-01,-2.557413704693066170e-01
1.220548703032023674e+00,1.975199486620557443e-01,1.224198163689718122e+00,1.027949346563223454e+00,1.223484757498360942e+00,1.227914558289354030e+00,1.222458765795340074e+00,1.218551254096355896e+00,-2.311579599283186681e-01,2.351950502839368906e-01
-1.459955843136827858e-01,2.163154336712166670e-01,-1.537734384955400102e-01,-9.183225510717342166e-01,-1.530523177958765801e-01,-1.620646611459858888e-01,-1.492938944025330728e-01,-1.417804880586505389e-01,3.434631194461197912e-01,1.429843121332214917e-01
2.415279857697365973e+00,-1.013255283706322674e+00,2.396646876183037733e+00,7.998161120543483271e-01,2.398244267042378031e+00,2.377027587313822909e+00,2.407249189165006964e+00,2.425258588465158738e+00,8.570721488921040354e-01,-1.106668411258208806e+00
