9.592724076485665829e-01,9.592640406467398684e-01,9.592680989864603713e-01,9.592550108639655848e-01,9.592567909726652520e-01,9.592674513729370078e-01,9.592709486376174155e-01,9.592797820926035612e-01,9.592462203538361099e-01,9.592651596369071720e-01
-4.808892968182339467e-01,-4.808936898528926585e-01,-4.808929955992184424e-01,-4.808872891193239907e-01,-4.808940045549620068e-01,-4.808871425290409674e-01,-4.808872082936849757e-01,-4.808934058998703964e-01,-4.808873502702284974e-01,-4.808935518043847557e-01
5.177939384831458103e-01,-3.619256296938997974e-01,5.178055857336621992e-01,-3.619007482172953427e-01,5.178282455544862550e-01,5.178014577484675307e-01,5.177948005836399137e-01,5.177835566128058398e-01,-3.618843047569008653e-01,-3.619275860806510092e-01
8.875609713778640497e-01,9.527246110907472421e-01,8.875600950790709653e-01,9.527225827996856911e-01,8.875582270807744756e-01,8.875603900577375693e-01,8.875609333053149363e-01,8.875618242076613873e-01,9.527212229817861866e-01,9.527247344935468876e-01
8.891464627591969538e-01,8.891393357197667768e-01,8.891663271311793793e-01,8.891424049037558452e-01,8.891567020150714651e-01,8.891980604158669088e-01,8.891606689732041158e-01,8.891478329989390694e-01,8.891309478070196226e-01,8.891466381057175905e-01
-5.100380479044138715e-01,-5.100416681365308458e-01,-5.100448238908312781e-01,-5.100369028725854070e-01,-5.100450215873414406e-01,-5.100443205615183828e-01,-5.100383263497444419e-01,-5.100414578399188326e-01,-5.100359822415424516e-01,-5.100425758521378583e-01
6.242015433566653337e-01,-2.384757932585426787e-01,6.241756438598063950e-01,-2.384711398289970086e-01,6.241952675004451834e-01,6.241235866179729586e-01,6.241790426369654421e-01,6.241995871068430901e-01,-2.384501962383665519e-01,-2.384885891589145213e-01
7.739207957553069228e-01,8.978941240785466293e-01,7.739247686379359115e-01,8.978935288879611454e-01,7.739215571813268246e-01,7.739327720591324677e-01,7.739241809700405650e-01,7.739209879683509596e-01,8.978904950890077563e-01,8.978960562162181525e-01
7.844479414008944662e-01,7.844695580474622121e-01,7.845770117173412883e-01,7.845619223332125358e-01,7.846049762121513060e-01,7.847536289893213279e-01,7.845394242394764239e-01,7.843898097719271822e-01,7.845770818404749214e-01,7.844992711885145908e-01
-5.261536327520334178e-01,-5.261624952068332250e-01,-5.261852863752046749e-01,-5.261780356049412521e-01,-5.261923842152980146e-01,-5.262193342921361872e-01,-5.261716402698626283e-01,-5.261437187434688800e-01,-5.261824637853055320e-01,-5.261689419823789571e-01
7.546283639677890953e-01,-7.332822866987465105e-02,7.544656350928186095e-01,-7.346335554344948782e-02,7.544377003572926288e-01,7.542348226701900415e-01,7.545102130327225876e-01,7.546998039462762264e-01,-7.348473353122586538e-02,-7.337627579506258990e-02
6.554490415197991027e-01,8.301771207860048074e-01,6.554845117544165767e-01,8.302072208963864330e-01,6.554896702531078923e-01,6.555356478480928173e-01,6.554745728743659461e-01,6.554330376771172473e-01,8.302125684621067814e-01,8.301878374030944308e-01
6.466558125846735283e-01,6.467499725426182344e-01,6.470306191391971273e-01,6.470598237910094586e-01,6.471496737746614825e-01,6.475367615040575897e-01,6.469286511250601501e-01,6.464470660686794101e-01,6.471533671414201327e-01,6.468275860214647288e-01
-5.263778770653164685e-01,-5.264081014139140313e-01,-5.264884220946618454e-01,-5.264932675523659178e-01,-5.265222083504792483e-01,-5.266303571976579390e-01,-5.264536925028127090e-01,-5.263201462658272378e-01,-5.265219908159664008e-01,-5.264306822756081861e-01
8.938639770955790764e-01,1.221814091918674988e-01,8.934543552015565826e-01,1.217394848217273201e-01,8.933338991267516516e-01,8.928954355684239896e-01,8.935647651432265803e-01,8.940859696428647974e-01,1.216066086244920047e-01,1.220658371896863326e-01
5.318921122689445058e-01,7.473000800695881463e-01,5.320092411543025923e-01,7.474284563578525997e-01,5.320415583156011818e-01,5.321713681277921992e-01,5.319771174967249383e-01,5.318275187760693745e-01,7.474683833698950730e-01,7.473339543937850271e-01
4.866001985015189768e-01,4.868139033744086075e-01,4.873670414269414830e-01,4.874684637323808412e-01,4.876194920597440308e-01,4.883912915021741963e-01,4.871685312037414284e-01,4.861470122698493546e-01,4.876955124793367347e-01,4.869625197519110715e-01
-5.110889677136296605e-01,-5.111678392635023993e-01,-5.113682307903459900e-01,-5.114018675942186842e-01,-5.114566972069299888e-01,-5.117368124670914620e-01,-5.112906993692610813e-01,-5.109265818400072767e-01,-5.114871361273740646e-01,-5.112224590325004092e-01
1.021325600719564353e+00,3.262068834780886273e-01,1.020614266092856104e+00,3.253317004366864662e-01,1.020389628186666231e+00,1.019659647864517904e+00,1.020799685663295264e+00,1.021735854492949347e+00,3.250297145150513600e-01,3.260025031196877587e-01
4.070099634695709678e-01,6.520809307618586903e-01,4.072659500160373813e-01,6.524002255190074484e-01,4.073430046129401516e-01,4.076139517796920630e-01,4.071981889406162125e-01,4.068602461018025473e-01,6.525128666417384649e-01,6.521562607545088319e-01
3.220513965050539884e-01,3.224164597785111885e-01,3.233068559719686763e-01,3.234630889897415207e-01,3.236835983441236353e-01,3.249409995598028233e-01,3.229900973561034561e-01,3.213109024228731347e-01,3.238521861212533270e-01,3.226408528820416399e-01
-4.850257714134281750e-01,-4.851887606211131576e-01,-4.855897795935171790e-01,-4.856575623980203815e-01,-4.857524623946793962e-01,-4.863238509944916577e-01,-4.854411772004850745e-01,-4.846940249656134792e-01,-4.858373369041890100e-01,-4.852912421482870053e-01
1.118646903811075566e+00,5.132779777503524432e-01,1.117679800573580184e+00,5.119755485141236351e-01,1.117390779522958288e+00,1.116411174431949593e+00,1.117927027754725744e+00,1.119207580991041340e+00,5.114948276079858136e-01,5.129921477984127343e-01
2.868652918417068376e-01,5.521058624311858676e-01,2.872971974516710936e-01,5.526952786523960937e-01,2.874205706192617393e-01,2.878708531549128979e-01,2.871851690763056464e-01,2.866117350170802047e-01,5.529167161353830684e-01,5.522365897545790103e-01
1.706386219974497798e-01,1.711597827066143884e-01,1.723902543931407905e-01,1.725244181932713561e-01,1.728175376561072452e-01,1.745731044609847293e-01,1.719500979786624528e-01,1.696485108838912959e-01,1.730607254531093264e-01,1.714404572612299726e-01
-4.561305288931284396e-01,-4.564178741513550408e-01,-4.571099230501131094e-01,-4.571838130037014780e-01,-4.573379616679647541e-01,-4.583366706121713152e-01,-4.568558027441146363e-01,-4.555756617552755849e-01,-4.574920193757388009e-01,-4.565780536596356076e-01
1.177154083029867460e+00,6.645528733978882663e-01,1.176069768300854523e+00,6.629740080051407247e-01,1.175782391051059417e+00,1.174688799794426419e+00,1.176345681842246638e+00,1.177767435789390804e+00,6.623604303348471500e-01,6.642205609284672629e-01
1.762527018469753903e-01,4.564728488058532596e-01,1.768568426235965496e-01,4.573649092277720651e-01,1.770093318071921384e-01,1.776361420918186607e-01,1.767008820073761588e-01,1.759067909409401942e-01,4.577169618228307257e-01,4.566626578022784377e-01
4.334067336054288344e-02,4.399546977633089773e-02,4.550676803945871707e-02,4.551540618727310805e-02,4.587906317556650349e-02,4.805359297815263442e-02,4.495601613754870995e-02,4.220065258990030044e-02,4.614971466339252981e-02,4.429856930979744756e-02
-4.330774745336162246e-01,-4.335348077908264819e-01,-4.346188415311413866e-01,-4.346255544603498944e-01,-4.348669315514518963e-01,-4.364465189050889538e-01,-4.342162323582025585e-01,-4.322624572937900922e-01,-4.350897725590698872e-01,-4.337557523674088200e-01
1.199395616057176150e+00,7.736473231561870056e-01,1.198372339303227951e+00,7.720073907629899645e-01,1.198129486547920175e+00,1.197099761511736693e+00,1.198633373845972239e+00,1.199957957614867343e+00,7.713365325759711233e-01,7.733119152895977511e-01
7.566741692513073714e-02,3.719301446856510540e-01,7.639384643954588716e-02,3.731128499258007380e-01,7.655687440372525854e-02,7.730970592754961290e-02,7.620573738173050393e-02,7.526316739497661279e-02,3.736034189896049185e-01,3.721747667123481151e-01
-5.739375450597488520e-02,-5.664680141097771376e-02,-5.495570517192628623e-02,-5.515106690655053462e-02,-5.472589696909668788e-02,-5.227656259005701578e-02,-5.558929002716612999e-02,-5.856616121360636029e-02,-5.448023932696621774e-02,-5.635421080179679743e-02
-4.235560130612562313e-01,-4.242414854410069269e-01,-4.258448012305967589e-01,-4.256642072309207436e-01,-4.260350660138766399e-01,-4.283891334571890974e-01,-4.252350182694057401e-01,-4.224487201379907853e-01,-4.263129982449367361e-01,-4.245240685032783956e-01
1.194714948971999924e+00,8.450410932424955446e-01,1.193907857201246925e+00,8.435225835689919016e-01,1.193703362628094178e+00,1.192893628712853982e+00,1.194112656411441264e+00,1.195162133585897291e+00,8.428666955783944426e-01,8.447355861911214348e-01
-1.968070629924875692e-02,3.009490814876309983e-01,-1.892424536786981026e-02,3.023991694072854508e-01,-1.874344956409619567e-02,-1.795932214711373764e-02,-1.911941426399541011e-02,-2.010572376532561434e-02,3.030334114773985399e-01,3.012442112869341271e-01
-1.355883081364566978e-01,-1.348009372985439491e-01,-1.330511300794314788e-01,-1.334724476221192391e-01,-1.330035907580224275e-01,-1.304585116599620565e-01,-1.337292314966497253e-01,-1.366908830501797900e-01,-1.328227935858231901e-01,-1.345424628130732492e-01
-4.342228442447171877e-01,-4.352209795643958712e-01,-4.375283597765077248e-01,-4.369854098103860829e-01,-4.375512721575800512e-01,-4.409577409258610969e-01,-4.366227315884219085e-01,-4.327763467311950829e-01,-4.378599064014721542e-01,-4.355693472370646413e-01
1.173203484532811425e+00,8.884924051838517522e-01,1.172702420270124168e+00,8.871996388212851636e-01,1.172495551940959890e+00,1.171995542290625414e+00,1.172822543533343254e+00,1.173521917554836591e+00,8.866103258379136598e-01,8.882336864314659408e-01
-1.194554970771303376e-01,2.419695686186171812e-01,-1.188031187461814214e-01,2.436912591984031762e-01,-1.185459624149843294e-01,-1.178682942552370105e-01,-1.189628129461948736e-01,-1.198772093676993000e-01,2.444850315679900910e-01,2.423182337546910814e-01
-1.986129255817054018e-01,-1.978448843194371143e-01,-1.961714651686135014e-01,-1.967757250585280282e-01,-1.962929282392202046e-01,-1.938566754722984009e-01,-1.968448247866256828e-01,-1.995669280000433865e-01,-1.961976198183982278e-01,-1.976349844462803318e-01
-4.718210152596786777e-01,-4.732611020768346388e-01,-4.765557202605640308e-01,-4.753947347413777780e-01,-4.762576665028270262e-01,-4.811363046335198623e-01,-4.752146763966817455e-01,-4.699566459008229224e-01,-4.765587183698390961e-01,-4.736855858799712826e-01
1.141449440686073569e+00,9.138756626214661338e-01,1.141263917598452693e+00,9.128464803051575815e-01,1.141015423220170355e+00,1.140831392834410263e+00,1.141290468851031026e+00,1.141660823617848708e+00,9.123552155952376896e-01,9.136692909793169282e-01
-2.377202086055107411e-01,1.905481645247097122e-01,-2.373592957553501970e-01,1.926025617935398504e-01,-2.368906555583114859e-01,-2.365084854948459880e-01,-2.374136704605965265e-01,-2.381405009379577442e-01,1.935934565295427401e-01,1.909652511989377577e-01
-2.549288929925698222e-01,-2.542536892161400552e-01,-2.528183110276981949e-01,-2.534937041711539107e-01,-2.530447182821421448e-01,-2.509626828819203626e-01,-2.534184962546093267e-01,-2.556711636395743170e-01,-2.530341884955727427e-01,-2.541012067225476567e-01
-5.445708254027550321e-01,-5.466449912578923431e-01,-5.513486106893041860e-01,-5.491994390905632351e-01,-5.505121869414792979e-01,-5.574802141928314470e-01,-5.493592612484313742e-01,-5.421666682618409006e-01,-5.507459197212217772e-01,-5.471627420333158298e-01
1.100807435640378085e+00,9.283576438401280884e-01,1.100866628573188066e+00,9.276011936177280814e-01,1.100576445870230957e+00,1.100632069286879400e+00,1.100815921826030497e+00,1.100944510884601879e+00,9.272290022838689527e-01,9.282055140837374152e-01
-3.930048838952718837e-01,1.403416099874767731e-01,-3.931902799159830986e-01,1.428696932081281457e-01,-3.922722057181879385e-01,-3.924338001943472043e-01,-3.930285356431642563e-01,-3.934645462478825739e-01,1.441268802853844511e-01,1.408573014448973870e-01
-3.130977821962670493e-01,-3.126117249827254363e-01,-3.116227479128723110e-01,-3.121827770622220832e-01,-3.118402341983727566e-01,-3.104236712734021464e-01,-3.120502486882468784e-01,-3.135689625665225022e-01,-3.118905735342289987e-01,-3.125228065771863406e-01
-6.631851695368804478e-01,-6.661579755517730295e-01,-6.728548109230880758e-01,-6.692250639628257725e-01,-6.711967528049558318e-01,-6.811020408765896539e-01,-6.699190245897858054e-01,-6.600630087764545184e-01,-6.712824746932430919e-01,-6.667955109661667379e-01
1.047422218136257799e+00,9.356839900364268825e-01,1.047582939852577777e+00,9.352198995646561208e-01,1.047319355020053910e+00,1.047468866468835857e+00,1.047502500613059606e+00,1.047504950007097868e+00,9.349894069439922406e-01,9.355909980202110621e-01
-6.086463916691706721e-01,8.363036703013564110e-02,-6.096850543675907952e-01,8.687526865708566914e-02,-6.079713033457307958e-01,-6.089634047201940570e-01,-6.091524413663554904e-01,-6.092369311828822465e-01,8.851076465955316774e-02,8.429429436040729307e-02
-3.816387714298916656e-01,-3.814658571716408875e-01,-3.811907327104643306e-01,-3.813827597889954957e-01,-3.812454537406317345e-01,-3.808867246696274744e-01,-3.813092929129984210e-01,-3.817699199838606727e-01,-3.813135080158521206e-01,-3.814472570871770274e-01
-8.410746541692180056e-01,-8.452712983664204538e-01,-8.546921470629329498e-01,-8.490474472734106381e-01,-8.519246091549157462e-01,-8.658298887319826331e-01,-8.504473641611679513e-01,-8.369687232631514151e-01,-8.517952565035751267e-01,-8.460780233783989912e-01
9.730486770755489845e-01,9.366264224197681232e-01,9.731224390543160574e-01,9.365150341344932183e-01,9.730267890152768384e-01,9.730876101381646937e-01,9.730891891601717303e-01,9.730679662519275963e-01,9.364621817478459009e-01,9.366055456831521298e-01
-9.126465933218119719e-01,1.156954592216304090e-02,-9.148001840761746939e-01,1.589062102425277401e-02,-9.119150645176119507e-01,-9.139756480660728988e-01,-9.137377694420508734e-01,-9.134978395667450179e-01,1.807043452121161187e-02,1.245401994404565782e-02
-4.691026550820284191e-01,-4.693872388490190617e-01,-4.701421370313463299e-01,-4.697043704579560996e-01,-4.698840701192128488e-01,-4.710454839420664674e-01,-4.697929228837964821e-01,-4.687923401650723187e-01,-4.699316589486174922e-01,-4.694554773913944268e-01
-1.092762694880710095e+00,-1.098510515426409428e+00,-1.111427809248286991e+00,-1.103455636563565490e+00,-1.107451775727141596e+00,-1.126509950037462904e+00,-1.105540790335008738e+00,-1.087253978881865146e+00,-1.107160504988256244e+00,-1.099595708233163327e+00
8.661671350611676035e-01,9.297890844411670352e-01,8.659907440834052617e-01,9.301455271235506972e-01,8.662237183333119095e-01,8.660420100627104212e-01,8.660828821784500864e-01,8.660910454491430599e-01,9.303283749504077660e-01,9.298638617788684835e-01
-1.335364461394886071e+00,-8.542731612858948942e-02,-1.338586455735369496e+00,-7.957812770986369411e-02,-1.334398652779893890e+00,-1.337506578016904868e+00,-1.336968626066147081e+00,-1.336564560594354134e+00,-7.663338221202715961e-02,-8.423220764820159301e-02
-5.831807318742292523e-01,-5.840517554123586530e-01,-5.861349499620585046e-01,-5.849500333648413042e-01,-5.855294176308483145e-01,-5.886614281540343274e-01,-5.851934947056680603e-01,-5.822609039004438269e-01,-5.855840368166067567e-01,-5.842530737579370026e-01
-1.426833055992887456e+00,-1.434290301811383062e+00,-1.451177358891515334e+00,-1.441362557611938877e+00,-1.446485377355517743e+00,-1.471495218567421048e+00,-1.443590937156532972e+00,-1.419288915233595905e+00,-1.446411357208025938e+00,-1.435882495509875456e+00
7.143140003221049028e-01,9.125173727992318407e-01,7.139141891717984967e-01,9.134957494908175768e-01,7.144928226844777797e-01,7.140793643754200781e-01,7.141267579423584699e-01,7.141311505411910288e-01,9.139942651987159605e-01,9.127182190604324896e-01
-1.899305093445009751e+00,-2.160445903072847895e-01,-1.902618340998193824e+00,-2.082366092316826622e-01,-1.897841344867015057e+00,-1.901207425812147855e+00,-1.900878655361058156e+00,-1.900746667648980370e+00,-2.042832347269040449e-01,-2.144568269100514679e-01
-7.258421289422127831e-01,-7.273101852212240370e-01,-7.307869645674531789e-01,-7.291598853680980596e-01,-7.300990950975475569e-01,-7.353446459884758202e-01,-7.293000659857984402e-01,-7.240878007652451487e-01,-7.303388820883685018e-01,-7.277372094878173936e-01
-1.824395458804886072e+00,-1.833155100237618074e+00,-1.853319830489358777e+00,-1.843768387978867995e+00,-1.849498309663146323e+00,-1.879665484001242781e+00,-1.844735219908009372e+00,-1.814170611788411103e+00,-1.850535887546925329e+00,-1.835601662903122211e+00
5.120866065161110425e-01,8.826749952544900024e-01,5.120471959252212990e-01,8.844052931032386766e-01,5.125600255145434936e-01,5.124125327260282692e-01,5.121172419559929523e-01,5.118451339089596930e-01,8.853029172419899506e-01,8.830250762175682055e-01
-2.586142758224798222e+00,-3.818672777047037448e-01,-2.586373253948360151e+00,-3.719306492186152391e-01,-2.583352011125367831e+00,-2.584250525149366151e+00,-2.585961664247832914e+00,-2.587529972539444056e+00,-3.667881994301268600e-01,-3.798662625796581094e-01
-8.813545620822600402e-01,-8.831499254735428739e-01,-8.874727594405295017e-01,-8.862596394111584841e-01,-8.872960975053700849e-01,-8.939112344995028270e-01,-8.858173762072840685e-01,-8.787027847110119305e-01,-8.880092533536619870e-01,-8.838838354745668369e-01
-2.201257157567854339e+00,-2.209920928169932353e+00,-2.230417647818832005e+00,-2.224613566023881273e+00,-2.229725376097733136e+00,-2.260906753323354668e+00,-2.222608064943924600e+00,-2.188657504626808858e+00,-2.232847737281070888e+00,-2.213375168848827901e+00
2.807885695466292297e-01,8.429478148579501173e-01,2.826882999573906430e-01,8.454537890859378235e-01,2.822304852459407432e-01,2.837947587925712112e-01,2.819547905762579409e-01,2.804410039942278332e-01,8.468016188622889961e-01,8.434470232290641745e-01
-3.273991983341566492e+00,-5.633603292289196540e-01,-3.264917088784488275e+00,-5.515733922165418912e-01,-3.267057341649876268e+00,-3.259724976551169551e+00,-3.268398364116784194e+00,-3.275648792986112223e+00,-5.452358377773388609e-01,-5.610180761995221532e-01
-1.010788878483711573e+00,-1.012438522456595713e+00,-1.016539544714899046e+00,-1.016391538801572958e+00,-1.017192169263391621e+00,-1.023591190119877314e+00,-1.015219970401774807e+00,-1.007693607425613536e+00,-1.018404934908650805e+00,-1.013384795655410064e+00
-2.416897934970833273e+00,-2.423780688885233570e+00,-2.440681347455843753e+00,-2.440059909107122671e+00,-2.443490934302647410e+00,-2.469734530622160751e+00,-2.435282346904760864e+00,-2.404130294195875095e+00,-2.448304998426949375e+00,-2.427659231346418700e+00
8.054234161331996766e-02,8.048250952289481841e-01,8.619514882124634791e-02,8.080398247133940837e-01,8.428611435890115411e-02,8.937328056259785658e-02,8.404168197667136186e-02,7.961474190067868717e-02,8.098279478896717176e-01,8.054613484119069744e-01
-3.739152863268688343e+00,-7.146887954602336723e-01,-3.715728782283663989e+00,-7.015367863979294905e-01,-3.723555833618568123e+00,-3.702726731992476594e+00,-3.724610797749692281e+00,-3.742998846030063831e+00,-6.942164216863311310e-01,-7.120895011128054453e-01
-1.083252539117514068e+00,-1.084529165665128358e+00,-1.087807377130608932e+00,-1.088338230936509277e+00,-1.088849294374660603e+00,-1.094051050334220676e+00,-1.086932372791964418e+00,-1.080400415915052870e+00,-1.090175249051908768e+00,-1.085445581658731173e+00
-2.405780873051063917e+00,-2.410545876186406034e+00,-2.422671380019309595e+00,-2.424641497889914010e+00,-2.426613739533460379e+00,-2.445772159233805532e+00,-2.419470839436353327e+00,-2.395226020793811639e+00,-2.431395046409702498e+00,-2.413919255324953550e+00
-3.564583020056159846e-02,7.808519226554296866e-01,-2.625211471191046808e-02,7.846697568225067254e-01,-2.887620789156265799e-02,-2.009661448760990954e-02,-2.962678650151562287e-02,-3.770948703070489683e-02,7.868124380129007944e-01,7.816151970175932995e-01
-3.857427005202025416e+00,-8.016079440301168146e-01,-3.822520734659295094e+00,-7.875836224752417181e-01,-3.832155498062379984e+00,-3.799871597439369975e+00,-3.835006716829620910e+00,-3.865085703037496767e+00,-7.797067265620001297e-01,-7.988073293214810189e-01
-1.105392764356748714e+00,-1.106386095062684927e+00,-1.108971649227329825e+00,-1.109499965323386128e+00,-1.109868869776601707e+00,-1.113994201013380758e+00,-1.108335462196684107e+00,-1.103077468126162808e+00,-1.110983343740749252e+00,-1.107131033458875091e+00
-2.239794203646315207e+00,-2.243172282663614236e+00,-2.251910415244582353e+00,-2.253706213236035705e+00,-2.255001736249481414e+00,-2.268893734261562489e+00,-2.249791806289815899e+00,-2.231965623091461737e+00,-2.258688236872227417e+00,-2.245677823174996313e+00
-7.244476322253695644e-02,7.727246380285572869e-01,-6.087054277354629617e-02,7.769715920236144324e-01,-6.328592140086974904e-02,-5.221764087186284153e-02,-6.479492874309054906e-02,-7.564285811581350494e-02,7.793326501404113094e-01,7.735886387703858613e-01
-3.722728020712481989e+00,-8.341015920725346477e-01,-3.683452865996481584e+00,-8.198478215727523777e-01,-3.691509567798928693e+00,-3.654347132693713363e+00,-3.696709234886943918e+00,-3.733553172685434074e+00,-8.119200308597074311e-01,-8.312053637757729208e-01
-1.100202805203589040e+00,-1.101047003998114171e+00,-1.103229125338146766e+00,-1.103466557565253803e+00,-1.103802620831599191e+00,-1.107263699650041122e+00,-1.102663693125107036e+00,-1.098368492914076011e+00,-1.104638719677244030e+00,-1.101616622860509320e+00
-2.016029833969805285e+00,-2.018672582917516056e+00,-2.025477343933403507e+00,-2.026227208571203420e+00,-2.027303428961705123e+00,-2.038067124531772301e+00,-2.023741554004867105e+00,-2.010305083491394029e+00,-2.029859169388036122e+00,-2.020440177841505758e+00
-6.347801540398941011e-02,7.749446602301733877e-01,-5.110518428422522463e-02,7.794296203488861874e-01,-5.296241611661873377e-02,-4.094699077105373730e-02,-5.510669633982528959e-02,-6.745488673032518090e-02,7.818890464521393024e-01,7.758717326183501850e-01
-3.483116260147422150e+00,-8.393746983665441030e-01,-3.444393572795342973e+00,-8.254910113451953135e-01,-3.450052553301591551e+00,-3.412872266496789653e+00,-3.456854158185259429e+00,-3.495520736122941674e+00,-8.178773780753832989e-01,-8.365090806953497937e-01
-1.084140595819700126e+00,-1.084910915439456280e+00,-1.086873357091631576e+00,-1.086814547983570023e+00,-1.087155653896358487e+00,-1.090235880176933403e+00,-1.086313102394071750e+00,-1.082648622723025200e+00,-1.087765973356987104e+00,-1.085348464625995657e+00
-1.787563556633295470e+00,-1.789795827129674111e+00,-1.795470440263249312e+00,-1.795308756155350460e+00,-1.796310850123493230e+00,-1.805201066920230968e+00,-1.793874943505944231e+00,-1.783243145830454957e+00,-1.798042375935150261e+00,-1.791054881096338924e+00
-3.450261054786213366e-02,7.824784190242431992e-01,-2.205899309030903352e-02,7.870585120520879885e-01,-2.337891906223949282e-02,-1.116581103916660517e-02,-2.594178008927834275e-02,-3.891593253019145354e-02,7.895405211016708336e-01,7.834368831393788701e-01
-3.224673301262362735e+00,-8.356356004873672916e-01,-3.188574018955595335e+00,-8.224962883514400636e-01,-3.192242583895598784e+00,-3.157246147168067285e+00,-3.199775063294236332e+00,-3.237424600079170656e+00,-8.153785635794987829e-01,-8.328908270741791631e-01
-1.065067230157937583e+00,-1.065795818737789613e+00,-1.067628081713389188e+00,-1.067349308648330108e+00,-1.067700237429513033e+00,-1.070548149788433934e+00,-1.067059368406372499e+00,-1.063804194900419331e+00,-1.068152680166067903e+00,-1.066142999131531433e+00
-1.573116030004531485e+00,-1.575075154414171008e+00,-1.579996881369050810e+00,-1.579255795218542202e+00,-1.580206594806830456e+00,-1.587847797355208979e+00,-1.578491695573958298e+00,-1.569715608497220138e+00,-1.581400340682722394e+00,-1.576003414076558862e+00
1.628362633972729734e-03,7.925605080324503726e-01,1.383815884512667321e-02,7.971475292655533229e-01,1.293338825139509971e-02,2.500535807059991317e-02,1.012661219315082531e-02,-2.992542510827603253e-03,7.996111730805737228e-01,7.935292931308319808e-01
-2.979978159070396426e+00,-8.307594855134148304e-01,-2.947081140347693307e+00,-8.185431798714534191e-01,-2.949355907515046393e+00,-2.917264207978752744e+00,-2.957019024304297972e+00,-2.992370293985939789e+00,-8.119866620722328010e-01,-8.281846960373122624e-01
-1.046114018390533973e+00,-1.046813469314464173e+00,-1.048556834711369401e+00,-1.048133496723537172e+00,-1.048489714378172177e+00,-1.051179516384072921e+00,-1.047982780813726977e+00,-1.045004205260643193e+00,-1.048837209091816769e+00,-1.047100209703531792e+00
-1.376585760897522492e+00,-1.378331159122927474e+00,-1.382680199832773793e+00,-1.381631512078965285e+00,-1.382523660035969160e+00,-1.389229843528155817e+00,-1.381269064310148842e+00,-1.373808381223433850e+00,-1.383376411820851137e+00,-1.379043435750421542e+00
3.958939615894983832e-02,8.039534525809781673e-01,5.145767445421965680e-02,8.084968589607025580e-01,5.085077088499537212e-02,6.264483221210123687e-02,4.791662534236388465e-02,3.489753064872011534e-02,8.109213875897347545e-01,8.049197078905877545e-01
-2.757137885690970069e+00,-8.272553684053119971e-01,-2.727444060395045167e+00,-8.160254486865805568e-01,-2.728800172566181015e+00,-2.699719679773800340e+00,-2.736242834279698055e+00,-2.768815359430330414e+00,-8.100389529436502478e-01,-8.248726776244246217e-01
-1.028374067849124662e+00,-1.029049360179652206e+00,-1.030723575849615381e+00,-1.030211791443723213e+00,-1.030567920222745570e+00,-1.033138031311446436e+00,-1.030150398186410188e+00,-1.027369571931913805e+00,-1.030846573435492131e+00,-1.029295402919165880e+00
-1.197069863052143024e+00,-1.198631316316027373e+00,-1.202503287842786373e+00,-1.201326802737409549e+00,-1.202151117785072776e+00,-1.208094141461079962e+00,-1.201197374084753910e+00,-1.194737297633375439e+00,-1.202786208051418448e+00,-1.199198177408803634e+00
7.746378870445355669e-02,8.161874602084073782e-01,8.896367356014731054e-02,8.206589579784421273e-01,8.856540533142193139e-02,1.000335703409785393e-01,8.557728522362034740e-02,7.278000722136634959e-02,8.230342042079324960e-01,8.171435280951120372e-01
-2.555717040574328802e+00,-8.254883233941867626e-01,-2.529043490499205404e+00,-8.152491796649051770e-01,-2.529807538431918079e+00,-2.503625134421567644e+00,-2.536839114609723111e+00,-2.566518216986592105e+00,-8.098173431634920760e-01,-8.233048012129736692e-01
-1.012156944764225353e+00,-1.012810283925550836e+00,-1.014425665525665377e+00,-1.013863488886577624e+00,-1.014215432395903838e+00,-1.016687204076149431e+00,-1.013858682028454528e+00,-1.011227639310618542e+00,-1.014448802628729718e+00,-1.013028365927556740e+00
-1.032616966551908044e+00,-1.034012923494583847e+00,-1.037466328523360737e+00,-1.036271377050747233e+00,-1.037022756359788023e+00,-1.042307880978883272e+00,-1.036272846193974306e+00,-1.030620522801375838e+00,-1.037515352246642486e+00,-1.034477560744328617e+00
1.147322488098562604e-01,8.291458072406969748e-01,1.258676398689493325e-01,8.335297452028679333e-01,1.256148806891505543e-01,1.367465373362114489e-01,1.226183486846918191e-01,1.101020454027153705e-01,8.358509822194677419e-01,8.300871383790736635e-01
-2.373050017603617778e+00,-8.251145624818906343e-01,-2.349173708366822488e+00,-8.158417887213291753e-01,-2.349559862939716748e+00,-2.326096693249786629e+00,-2.356083784341862053e+00,-2.382915317817643874e+00,-8.109397374805586978e-01,-8.231292767505097308e-01
-9.975061619370073629e-01,-9.981388000335328359e-01,-9.997014280364980854e-01,-9.991136929805225497e-01,-9.994587859609673774e-01,-1.001845141464565714e+00,-9.991443423706127813e-01,-9.966328778008755052e-01,-9.996620390467128026e-01,-9.983371441284005776e-01
-8.813960439484880283e-01,-8.826403409151547530e-01,-8.857163182427033599e-01,-8.845660220582588495e-01,-8.852433011052803780e-01,-8.899427272653781529e-01,-8.846374065093633998e-01,-8.796672330573600540e-01,-8.856390366652090451e-01,-8.830295750844090463e-01
1.514072015805867644e-01,8.428698389995519236e-01,1.621926530314253545e-01,8.471578494456775132e-01,1.620417495271820607e-01,1.728416661867672455e-01,1.590650231627210864e-01,1.468566139545828264e-01,8.494232187599806139e-01,8.437937574145139008e-01
-2.206377547557894836e+00,-8.256413706701583033e-01,-2.185081362756945644e+00,-8.172965941394740863e-01,-2.185228314664109828e+00,-2.164294697503091225e+00,-2.191202074702290670e+00,-2.215300989923682629e+00,-8.128961032247272733e-01,-8.238491085475241338e-01
-9.844013512749120176e-01,-9.850142532556447339e-01,-9.865282364308386454e-01,-9.859308284318633042e-01,-9.862675283155176720e-01,-9.885770403275498941e-01,-9.859833332778143999e-01,-9.835716485807652898e-01,-9.864504120118604558e-01,-9.851982228848478185e-01
-7.419581277726630120e-01,-7.430624975065853732e-01,-7.457933752376224579e-01,-7.447221691552388112e-01,-7.453269058052800489e-01,-7.494953051901389607e-01,-7.448273145871447953e-01,-7.404518988527940548e-01,-7.456536731015681596e-01,-7.433933936304040202e-01
1.876759820030605708e-01,8.574703730158937942e-01,1.981290788339935827e-01,8.616584860496763199e-01,1.980499390761543133e-01,2.085291417274775239e-01,1.951103763782967848e-01,1.832195009004811970e-01,8.638677405500215789e-01,8.583753772258836401e-01
-2.053438016978546887e+00,-8.266273460495678904e-01,-2.034522012248028755e+00,-8.191653267768168600e-01,-2.034519620609539281e+00,-2.015932430393580166e+00,-2.039932002903226849e+00,-2.061442168506534500e+00,-8.152372679405792688e-01,-8.250205351919683849e-01
-9.728326676653998861e-01,-9.734267546377676217e-01,-9.748952674983331068e-01,-9.742981740618845699e-01,-9.746257356611576217e-01,-9.768646590318418310e-01,-9.743637613512703410e-01,-9.720382617008083148e-01,-9.747945332236408467e-01,-9.735999036980345078e-01
-6.132152805882210567e-01,-6.141903332129996507e-01,-6.166035754520243772e-01,-6.156284670367596634e-01,-6.161638762621209908e-01,-6.198460273597522496e-01,-6.157461258744161281e-01,-6.119004448574830723e-01,-6.164389520535610290e-01,-6.144741022078696879e-01
2.237571802204768590e-01,8.730868439390705449e-01,2.338959866076942284e-01,8.771739516761675182e-01,2.338677581026503416e-01,2.440399330137467682e-01,2.309757612417843997e-01,2.194021626416123860e-01,8.793278513522508888e-01,8.739722156277939247e-01
-1.912537574340730018e+00,-8.277442609675357277e-01,-1.895818973134453911e+00,-8.211163174971830570e-01,-1.895725758554469786e+00,-1.879312357706495629e+00,-1.900583939089892871e+00,-1.919660464525319021e+00,-8.176315724204846758e-01,-8.263139787694810945e-01
-9.628243321837822721e-01,-9.634005740231431636e-01,-9.648263720902173768e-01,-9.642357122059740382e-01,-9.645539422225721804e-01,-9.667273028998440987e-01,-9.643087049924567999e-01,-9.620595148600759039e-01,-9.647127215763587893e-01,-9.635653076761324654e-01
-4.943505201129299031e-01,-4.952061527719247014e-01,-4.973263092563328658e-01,-4.964538285783393623e-01,-4.969240458603148003e-01,-5.001588165144312814e-01,-4.965717189307420343e-01,-4.932042159536457193e-01,-4.971583492911046953e-01,-4.954504568954505861e-01
2.598439967779354598e-01,8.898668921540202614e-01,2.696865195623098788e-01,8.938539416921719161e-01,2.696946201972586499e-01,2.795748859407619635e-01,2.668559830915768205e-01,2.555931409714388147e-01,8.959539732338602791e-01,8.907324773034708265e-01
-1.782467880614717837e+00,-8.287884927717761308e-01,-1.767778186104735250e+00,-8.229442280296620504e-01,-1.767632484829061656e+00,-1.753230306743727374e+00,-1.771954607091797085e+00,-1.788755980750294183e+00,-8.198740066720265895e-01,-8.275250231076133334e-01
-9.544379973481204038e-01,-9.549974532441761754e-01,-9.563831577642546433e-01,-9.558024956961125307e-01,-9.561115867050204997e-01,-9.582238153500794997e-01,-9.558792130949936849e-01,-9.536986523496773227e-01,-9.562629960266980644e-01,-9.551554464701774716e-01
-3.847259588542972786e-01,-3.854715371953897352e-01,-3.873212615890457289e-01,-3.865516980460177998e-01,-3.869613074402193376e-01,-3.897838299021937347e-01,-3.866629497148246775e-01,-3.837304088552599413e-01,-3.871619461343789870e-01,-3.856818632500316757e-01
2.960812675750851275e-01,9.079534878151797050e-01,3.056456870289175343e-01,9.118430726959664279e-01,3.056798026565898940e-01,3.152844986167248065e-01,3.028971369011294601e-01,2.919340043263513595e-01,9.138913313729083443e-01,9.087995749636541554e-01
-1.662397105158652799e+00,-8.296760234113260690e-01,-1.649579126048072775e+00,-8.245642843099351138e-01,-1.649406166796165918e+00,-1.636861289171346323e+00,-1.653216945059284404e+00,-1.667901408016857268e+00,-8.218802427141632672e-01,-8.285691901982459306e-01
-9.477676589293246856e-01,-9.483115001733655181e-01,-9.496597763410011828e-01,-9.490909630480377501e-01,-9.493913857600875250e-01,-9.514467214095632119e-01,-9.491690220105222231e-01,-9.470506336643090828e-01,-9.495371638189429309e-01,-9.484639659098016429e-01
-2.838065301346467395e-01,-2.844509676618115490e-01,-2.860515626679834833e-01,-2.853815480750931943e-01,-2.857352852568190160e-01,-2.881781713480414675e-01,-2.854825676827262848e-01,-2.829471224009655894e-01,-2.859070855053144622e-01,-2.846314511586329754e-01
3.325527620085296787e-01,9.274726379355960892e-01,3.418579240962891230e-01,9.312688132048025924e-01,3.419106559077539909e-01,3.512575652008449456e-01,3.391842725683810178e-01,3.285060277444690202e-01,9.332679663547036597e-01,9.282998917340168354e-01
-1.551772583954051266e+00,-8.304337587903264373e-01,-1.540678171998219437e+00,-8.260032677499056231e-01,-1.540494588428371170e+00,-1.529660446938207796e+00,-1.543822602625196438e+00,-1.556546284883123077e+00,-8.236775856760573111e-01,-8.294731502722212380e-01
-9.429297432475191032e-01,-9.434592684742761914e-01,-9.447729518862617581e-01,-9.442166616243126143e-01,-9.445090939255352813e-01,-9.465118676803122577e-01,-9.442945344720332645e-01,-9.422324380455988635e-01,-9.446504028307223244e-01,-9.436071313559935003e-01
-1.911007675467088218e-01,-1.916525512122670694e-01,-1.930242505206030135e-01,-1.924483451933597933e-01,-1.927509069479773907e-01,-1.948449170649824702e-01,-1.925375271374095698e-01,-1.903649184660076710e-01,-1.928973378998187771e-01,-1.918064727286302174e-01
3.692671865356768057e-01,9.485166244754389409e-01,3.783331536289172847e-01,9.522248513631553779e-01,3.783990901676719254e-01,3.875078468076521565e-01,3.757275646899708166e-01,3.653158352812133636e-01,9.541781411699736815e-01,9.493260505458109844e-01
-1.450243280088106657e+00,-8.311914925238931273e-01,-1.440731892113256363e+00,-8.273913561754785428e-01,-1.440548626556465095e+00,-1.431285201301060850e+00,-1.443424573967228675e+00,-1.454340289395083641e+00,-8.253968357789832622e-01,-8.303666332553196749e-01
-9.400479795621073942e-01,-9.405646227848308838e-01,-9.418468189829996007e-01,-9.413028910347950307e-01,-9.415881653548352492e-01,-9.435430217951624732e-01,-9.413796290859789417e-01,-9.393680709952962893e-01,-9.417258143284068517e-01,-9.407086322867467265e-01
-1.061159253574701228e-01,-1.065831076840580982e-01,-1.077451981798119990e-01,-1.072568776098401927e-01,-1.075127931377059254e-01,-1.092871735913281822e-01,-1.073338223175596406e-01,-1.054924134791752621e-01,-1.076365261071515200e-01,-1.067131905723619906e-01
4.061351976456432644e-01,9.711173228619207620e-01,4.149837731221513448e-01,9.747444902747992579e-01,4.150588324654816974e-01,4.239514051619916457e-01,4.124393977486725538e-01,4.022721981747663933e-01,9.766557503634796245e-01,9.719102488282508334e-01
-1.357600255298779812e+00,-8.321753085858568655e-01,-1.349538244250072294e+00,-8.289554995347210298e-01,-1.349362435521256565e+00,-1.341535951084525502e+00,-1.351817930463856232e+00,-1.361074138400834022e+00,-8.272657048559921567e-01,-8.314758078789263873e-01
-9.392297673864972163e-01,-9.397350933758731317e-01,-9.409892611654966377e-01,-9.404569184261978299e-01,-9.407359701646194061e-01,-9.426480596529798195e-01,-9.405319888948293627e-01,-9.385650156850858794e-01,-9.408705755693178574e-01,-9.398758962623686708e-01
-2.832452026634969811e-02,-2.871468819461975297e-02,-2.968552725857032115e-02,-2.927780848704063243e-02,-2.949134592985348802e-02,-3.097395177164657953e-02,-2.934284654339483489e-02,-2.780311033919269370e-02,-2.959459120331543736e-02,-2.882327425332595339e-02
4.429295247276214820e-01,9.952018534245418158e-01,4.515847025248206359e-01,9.987563423644818528e-01,4.516656363476959646e-01,4.603668379539274658e-01,4.490945099494000337e-01,4.391460322642755654e-01,1.000630007339930794e+00,9.959799143347879413e-01
-1.273730328375774157e+00,-8.337013467533325173e-01,-1.266990825919882768e+00,-8.310132027462057147e-01,-1.266827047454632371e+00,-1.260310135901829831e+00,-1.268893740017883909e+00,-1.276633458225251649e+00,-8.296026426293140466e-01,-8.331170380188511748e-01
-9.405273622974782421e-01,-9.410230375359268651e-01,-9.422530580942547473e-01,-9.417310509738775481e-01,-9.420048479433237310e-01,-9.438800109390331761e-01,-9.418042595464951594e-01,-9.398754730083359599e-01,-9.421369621311391773e-01,-9.411612202470162059e-01
4.285939708984063540e-02,4.253916948838112888e-02,4.174221035370283966e-02,4.207635894177837177e-02,4.190126464200466527e-02,4.068399513970317322e-02,4.202245867176281069e-02,4.328814735328429669e-02,4.181655938406808604e-02,4.245002000097292116e-02
4.792171839599653205e-01,1.020518204026641618e+00,4.877054635719155762e-01,1.024009965076227990e+00,4.877894408947260341e-01,4.963274235329078188e-01,4.852621840764938521e-01,4.755025512308799218e-01,1.025851047442189801e+00,1.021283319472453766e+00
-1.198576831134969156e+00,-8.361670967515418829e-01,-1.193040093273518343e+00,-8.339638570078222735e-01,-1.192891166984476836e+00,-1.187563425175669707e+00,-1.194600055632673463e+00,-1.200959636270587660e+00,-8.328082064039886712e-01,-8.356881743561141995e-01
-9.438719984426572340e-01,-9.443597158343853826e-01,-9.455699410731709387e-01,-9.450566531420464544e-01,-9.453260773614561296e-01,-9.471710350168127679e-01,-9.451281442984965642e-01,-9.432305220320327255e-01,-9.454563141291620898e-01,-9.444958202383657575e-01
1.080938000798112864e-01,1.078370072452104200e-01,1.071976531702419078e-01,1.074650324667056067e-01,1.073248343111368186e-01,1.063480164857568411e-01,1.074212471661513957e-01,1.084386153128235886e-01,1.072568753035326727e-01,1.077654622320924210e-01
5.142465861798102278e-01,1.046510442732010215e+00,5.225970420874785916e-01,1.049951046403866828e+00,5.226812405688193719e-01,5.310879111706613420e-01,5.201932665915336429e-01,5.105883790394752930e-01,1.051765040129146733e+00,1.047264767432615873e+00
-1.132099587552133579e+00,-8.400346041404754827e-01,-1.127653690542806064e+00,-8.382719898910242495e-01,-1.127521211992557504e+00,-1.123270090094774298e+00,-1.128902091557303367e+00,-1.134009833476833817e+00,-8.373483390430627171e-01,-8.396517591763880128e-01
-9.489604879356391409e-01,-9.494418061483709259e-01,-9.506370668461199269e-01,-9.501306161980340725e-01,-9.503962520712939677e-01,-9.522188105332616281e-01,-9.502009620841951332e-01,-9.483267524197880327e-01,-9.505254384248640331e-01,-9.495763149905561695e-01
1.681081135885406641e-01,1.679088703421344198e-01,1.674120944395212640e-01,1.676190751946629587e-01,1.675106449558353139e-01,1.667511776352225694e-01,1.675842571863448149e-01,1.683769979327613409e-01,1.674577480953567676e-01,1.678532995905049341e-01
5.467623823101882552e-01,1.072110074592071083e+00,5.550062686988672667e-01,1.075512663597782081e+00,5.550873981012577341e-01,5.633986148736380706e-01,5.526347988009849832e-01,5.431464936152539114e-01,1.077305303072456644e+00,1.072855892138546485e+00
-1.074222351612442949e+00,-8.457947421690301670e-01,-1.070764127297480606e+00,-8.444315788756331376e-01,-1.070648776316604156e+00,-1.067370740861171008e+00,-1.071729817032839316e+00,-1.075704427294497112e+00,-8.437186915847585400e-01,-8.454992932078959633e-01
-9.550601291411460192e-01,-9.555361587227334530e-01,-9.567216894338759214e-01,-9.562200675548312434e-01,-9.564818211047105834e-01,-9.582910825151275125e-01,-9.562904771782857472e-01,-9.544312144337416814e-01,-9.566112130786639245e-01,-9.556694383742179166e-01
2.236782789213878075e-01,2.235313460394503515e-01,2.231635476854232636e-01,2.233159248697091370e-01,2.232365382427518030e-01,2.226734222942839125e-01,2.232889188447579887e-01,2.238784605513062242e-01,2.231971423508211927e-01,2.234903064746427970e-01
5.747069641859430256e-01,1.095390557592136105e+00,5.828764346918247075e-01,1.098769564006064181e+00,5.829501044814987543e-01,5.912053528223701893e-01,5.805310541864299179e-01,5.711179905348137131e-01,1.100546312732312071e+00,1.096130065025250344e+00
-1.024748139858524087e+00,-8.538918019519896596e-01,-1.022184207461865446e+00,-8.528906661652680965e-01,-1.022085869742603181e+00,-1.019687774258916546e+00,-1.022893384545152440e+00,-1.025842351930725593e+00,-8.523692112372821539e-01,-8.536758085911415606e-01
-9.606783844580566445e-01,-9.611492105627453819e-01,-9.623304041455377211e-01,-9.618317149024320223e-01,-9.620881473746810686e-01,-9.638946809612801703e-01,-9.619044173964763633e-01,-9.600511692749830184e-01,-9.622197588648414568e-01,-9.612813872354516453e-01
2.755558007454564917e-01,2.754565405355766661e-01,2.752057291768258973e-01,2.753086246802177173e-01,2.752558530197941611e-01,2.748706040517396865e-01,2.752884208118380194e-01,2.756936430997637966e-01,2.752286024574712719e-01,2.754287564345148653e-01
5.947534277731156838e-01,1.113008129324796203e+00,6.028786000357879704e-01,1.116378489875793578e+00,6.029384344938321094e-01,6.111793514715000430e-01,6.005555528282617850e-01,5.911756161977725910e-01,1.118143545556469887e+00,1.113743024411369520e+00
-9.832090238497765977e-01,-8.645698455023240747e-01,-9.814566761892337121e-01,-8.638976868999990177e-01,-9.813743551559900302e-01,-9.797748940743085111e-01,-9.819329017428926054e-01,-9.839509475009629025e-01,-8.635503715148651338e-01,-8.644261772164382185e-01
-9.630254781002743902e-01,-9.634891659863755731e-01,-9.646709903260280994e-01,-9.641738879288123121e-01,-9.644211133562407001e-01,-9.662369308757560171e-01,-9.642527498923434415e-01,-9.623968318196403082e-01,-9.645582065030531282e-01,-9.636198995763475272e-01
3.243096266660701055e-01,3.242538069286566849e-01,3.241097468369363854e-01,3.241675798813669074e-01,3.241389981858276981e-01,3.239161567702335542e-01,3.241535672919678146e-01,3.243905291808564240e-01,3.241229289421557747e-01,3.242381220909000827e-01
6.016186090026389710e-01,1.119341081487325029e+00,6.097216571563571774e-01,1.122716446642247012e+00,6.097581039176113160e-01,6.180245856666507498e-01,6.074222458651921119e-01,5.980379376027163962e-01,1.124470932876515006e+00,1.120071816755455307e+00
-9.485963071489469378e-01,-8.775739174599480608e-01,-9.475837845345373989e-01,-8.772025308261512944e-01,-9.475152370222410525e-01,-9.466461879162338944e-01,-9.478483338015661896e-01,-9.490163352906656469e-01,-8.770139973249854171e-01,-8.774962222195229478e-01
-9.572137392056834226e-01,-9.576647891078515773e-01,-9.588505671335794123e-01,-9.583550349362018883e-01,-9.585850924158438868e-01,-9.604229894560358805e-01,-9.584463986135173252e-01,-9.565810094630037286e-01,-9.587328136381797483e-01,-9.577929102612310341e-01
3.700130368933285951e-01,3.699963492080404204e-01,3.699505665802061971e-01,3.699671476042117324e-01,3.699597159305431093e-01,3.698874116252283684e-01,3.699595512450644108e-01,3.700413689821011598e-01,3.699545988128356000e-01,3.699916170556594164e-01
5.871856052767577827e-01,1.105305656495118694e+00,5.952699123157321193e-01,1.108694703749599775e+00,5.952689197527285536e-01,6.035904379527096131e-01,5.930046467815008882e-01,5.835939589748214695e-01,1.110433643704334949e+00,1.106030192830126824e+00
-9.188987387367827386e-01,-8.916071392715041455e-01,-9.185639969954273454e-01,-8.915131949577825843e-01,-9.185050075132451530e-01,-9.183115465897789820e-01,-9.186368910342317395e-01,-9.190221601101612459e-01,-8.914694346931086866e-01,-8.915896119359244532e-01
-9.352916260626048528e-01,-7.755557990085776288e-02,-9.369081289243874622e-01,-7.712107126673889423e-02,-9.366157630828459979e-01,-9.384869399177776517e-01,-9.365301418317441007e-01,-9.346537030795553092e-01,-7.690505092465799164e-02,-7.746300255437638116e-02
4.116960277627950138e-01,-1.234736280591447188e-01,4.117586132508293528e-01,-1.230205279313909272e-01,4.117464433844995608e-01,4.118167799806686791e-01,4.117380168203645385e-01,4.116751961798983395e-01,-1.227954363810406235e-01,-1.233750574145860701e-01
5.397730263786983951e-01,3.238026607282804559e-01,5.478053229413981651e-01,-6.414350575586201808e-01,5.477477803038139914e-01,5.561260320837980720e-01,5.455995287586382636e-01,5.361758298514672783e-01,6.796098242666893663e-01,3.072817363681075720e-01
-8.904055129596758489e-01,-9.461246413159770663e-01,-8.906919692776941178e-01,7.671773373443520061e-01,-8.906352969219827331e-01,-8.910737894960057970e-01,-8.905941135943772347e-01,-8.902537898625796364e-01,7.335737773122752436e-01,-9.516185866693654960e-01
-8.857346515972114309e-01,-1.975700357180449895e-01,-8.873046665078745399e-01,-8.902884101314949283e-02,-8.869720148955385630e-01,-8.888797732989781597e-01,-8.869718165933737630e-01,-8.850940211912600164e-01,6.507420616306158756e-02,-2.066908546799278712e-01
4.465765927897258347e-01,-8.693038035335092228e-01,4.467499462276365296e-01,-1.072569554735839925e-01,4.467125200221333525e-01,4.469210204635887251e-01,4.467076307714399341e-01,4.465094561697868780e-01,-6.495260794169432916e-02,-8.715782128690192643e-01
4.446776021779509369e-01,8.517135023948763095e-01,4.525635392541208502e-01,-5.580260227620446045e-01,4.524279313473229536e-01,4.608065015741613646e-01,4.504624065089916085e-01,4.411059371486273362e-01,6.770348280718379019e-01,8.499061024837073486e-01
-8.569407432070645925e-01,-5.240077383381405163e-01,-8.577881395383255558e-01,7.512909068440508653e-01,-8.577227040719005435e-01,-8.587529735942992515e-01,-8.575446864706858241e-01,-8.565350799575961460e-01,7.359509777001026487e-01,-5.269341675778423939e-01
-7.951159862053811533e-01,-3.471262193862545420e-01,-7.965963162867296665e-01,-1.065713408568741832e-01,-7.962138401108056485e-01,-7.981406245079657458e-01,-7.963312739926815542e-01,-7.944819786762304936e-01,7.140334066086886367e-01,-3.565353837800766534e-01
4.694871344908487787e-01,-7.743943351694829724e-01,4.697519543129637376e-01,-9.085464832768108678e-02,4.696830201254024173e-01,4.700254136858615928e-01,4.696992725976868455e-01,4.693771071847152587e-01,-7.821517296865015956e-02,-7.757926622703293917e-01
2.883710966314630419e-01,7.479535657388122205e-01,2.959336863040237242e-01,-4.185872312817476848e-01,2.957060319088922196e-01,3.039288129680683959e-01,2.940008543530647778e-01,2.848961908366660634e-01,4.360477955900037839e-01,7.456464215425905318e-01
-8.098099113906780389e-01,-5.372636904285903459e-01,-8.111400918182556374e-01,7.221697292881007479e-01,-8.110521748880868964e-01,-8.126205884407138313e-01,-8.107837302000440172e-01,-8.091780827675819632e-01,8.999235078389153930e-01,-5.397854424882236879e-01
-6.544892044834520473e-01,-5.441596916598604450e-01,-6.558262279704596409e-01,-1.282943008576735988e-01,-6.554007533444957678e-01,-6.572904676065270957e-01,-6.556443193724896812e-01,-6.538812092597940939e-01,6.783160165465188518e-01,-5.537561913879720521e-01
4.737216090994347262e-01,-6.634480891973905115e-01,4.740520336656417477e-01,-7.315812595302791099e-02,4.739465836827266854e-01,4.744110366867811956e-01,4.740019800914110903e-01,4.735746126674250656e-01,-1.202603511514625245e-01,-6.640174896896058332e-01
6.866378920079477255e-02,5.903794132046192855e-01,7.564984016961609492e-02,-2.192029051080145174e-01,7.534179900761506232e-02,8.312423563830934059e-02,7.395137935051801503e-02,6.540329797918084664e-02,6.643428427439556083e-01,5.874418814098962827e-01
-7.401157726325819919e-01,-5.305812723055238767e-01,-7.418195619021691334e-01,6.714823231613357146e-01,-7.416986428452676527e-01,-7.437132534364114811e-01,-7.413898975272462666e-01,-7.393008029021888028e-01,7.686687770043350021e-01,-5.326546568314708407e-01
-4.699096988746965797e-01,-7.617173362317382068e-01,-4.710585328944194572e-01,-1.503645530431518829e-01,-4.706245776867384878e-01,-4.723770827426018171e-01,-4.709526960228335724e-01,-4.693561159429208152e-01,6.170650425897101776e-01,-7.712560248591575629e-01
4.547123115946209992e-01,-5.357998521106195344e-01,4.550795385399338255e-01,-5.436127216272586271e-02,4.549407225012735423e-01,4.554980278547787198e-01,4.550406403465168670e-01,4.545385708534067648e-01,-1.508439582111656130e-01,-5.356246181715300647e-01
-1.929388618276767775e-01,3.875979470777196623e-01,-1.867960168107589136e-01,2.257965908567169389e-02,-1.871345568674367688e-01,-1.801655278062261056e-01,-1.882202141730117129e-01,-1.958420408979659744e-01,9.154599934306417719e-01,3.840042135509235677e-01
-6.444591222417649368e-01,-4.994091555613973665e-01,-6.463994662984493544e-01,5.955350063912222547e-01,-6.462477240706083759e-01,-6.485629371372474417e-01,-6.459347079957160620e-01,-6.435226821504278494e-01,6.184310638227654700e-01,-5.009945130974327032e-01
-2.674838731681379311e-01,-9.569916440126803314e-01,-2.684286637701413514e-01,-1.677715294088449605e-01,-2.680399621476377003e-01,-2.695429051380722196e-01,-2.683675060023348324e-01,-2.670124613304197259e-01,5.347341821315961807e-01,-9.661488362842397537e-01
4.150731793624377608e-01,-4.003588151599057898e-01,4.154542860992614939e-01,-3.569078410767645426e-02,4.152974885428706298e-01,4.159006171500046478e-01,4.154244448681941870e-01,4.148862740107936986e-01,-1.687971964315478357e-01,-3.995659243979616804e-01
-4.515807254046316221e-01,1.694783473942798879e-01,-4.464573265518042566e-01,2.667210638449039051e-01,-4.467557861614683823e-01,-4.409202616244545236e-01,-4.476112899361729403e-01,-4.540129014699322285e-01,1.139657090795207051e+00,1.653460062205196757e-01
-5.303438938998709107e-01,-4.471971017834902584e-01,-5.323864864162778376e-01,5.005808008207547344e-01,-5.322222727096195261e-01,-5.346636153756582077e-01,-5.319115066692158278e-01,-5.293546101358466149e-01,4.596556051115517905e-01,-4.482893345338106461e-01
-8.175668827815590900e-02,-1.094769385007252405e+00,-8.251299509573858937e-02,-1.772470776248212532e-01,-8.221237682658755208e-02,-8.339879906533020915e-02,-8.246060458385939818e-02,-8.138113744923211601e-02,4.447095800384808784e-01,-1.103276442259180090e+00
3.654055383053676498e-01,-2.710810287505710514e-01,3.657907870164506803e-01,-1.864339627971877550e-02,3.656375566505256636e-01,3.662387623635507961e-01,3.657586756469931588e-01,3.652176274924476274e-01,-1.771296714813829498e-01,-2.698044741363012644e-01
-6.618797511955327728e-01,-2.657457170785401668e-02,-6.577932771370147425e-01,4.706403533094241087e-01,-6.580024570900941949e-01,-6.534143035715390679e-01,-6.587126793915603074e-01,-6.638078547150885189e-01,1.296444957464201853e+00,-3.102950018809080834e-02
-4.137489553278853038e-01,-3.857388473356637149e-01,-4.158054253340966455e-01,4.012166933155143500e-01,-4.156525871842718933e-01,-4.180822942732122516e-01,-4.153270483522174539e-01,-4.127580059339872598e-01,3.084910421111479728e-01,-3.863772714701161348e-01
6.422930063057745442e-02,-1.166779632453523341e+00,6.362950620577810523e-02,-5.408180856720012919e-02,6.383144520810689337e-02,6.295543757300429977e-02,6.369298850065026329e-02,6.451399575590421875e-02,3.612407908444723592e-01,-1.174516197390906402e+00
3.186468297256071502e-01,-1.572119351846225921e-01,3.190405003642898252e-01,2.157242420098179347e-01,3.189075426289172954e-01,3.194795667959429708e-01,3.189929049101604130e-01,3.184636623988098547e-01,-1.822368341052268970e-01,-1.555368399710971850e-01
-8.034904323495239975e-01,-1.771148284766008163e-01,-8.003214335829151871e-01,-6.518710630779077642e-01,-8.004356785424275866e-01,-7.969814464332499737e-01,-8.010489118671629827e-01,-8.049639169459928967e-01,1.376801521486033408e+00,-1.816752209765823967e-01
-3.090967492312788334e-01,-3.286577387123145733e-01,-3.111501031084930036e-01,7.583298208046934663e-01,-3.110232806102078418e-01,-3.133955644955826458e-01,-3.106611839854378498e-01,-3.081190959580654698e-01,1.754419342644968627e-01,-3.289028622190603990e-01
1.668011986366188526e-01,-1.187670417328228201e+00,1.663249302287235221e-01,-1.882383197191651591e-01,1.664439391330360674e-01,1.658223708841953803e-01,1.664013258364743786e-01,1.670117005063020965e-01,9.178218737292798135e-01,-1.194655477357512652e+00
2.841336715012154901e-01,-5.789004043439888170e-02,2.845518130353729136e-01,9.404252934939513198e-01,2.844464001078969018e-01,2.849894194813745729e-01,2.844778158851824501e-01,2.839531708657261344e-01,-2.528074698804492759e-01,-5.581183690033172939e-02
-8.835884146673166351e-01,-2.799793577215614615e-01,-8.811576576600189670e-01,-9.987874360351706171e-01,-8.812005461315862709e-01,-8.786477162695753851e-01,-8.817298484460734942e-01,-8.846981686875263762e-01,3.115999946835464329e-01,-2.844946480286382751e-01
-2.218788404837089556e-01,-2.850458607932007671e-01,-2.239836325612165058e-01,-4.923065730101569559e-02,-2.238838075384304016e-01,-2.262536860261548377e-01,-2.234671226980639580e-01,-2.208907376389461774e-01,9.502133672566460687e-01,-2.849427140558375426e-01
2.349021704082385753e-01,-1.178337423247018734e+00,2.345232120834098155e-01,5.200468229219462613e-02,2.345840554762446684e-01,2.341497034990639992e-01,2.346053120223047239e-01,2.350570248154573161e-01,8.358106936993039415e-01,-1.184660278565565106e+00
2.666210895497426181e-01,3.655600697979750208e-02,2.670911856892398961e-01,9.408379549124322727e-01,2.670140471758030709e-01,2.675502711502486530e-01,2.669804814838361295e-01,2.664345231584073770e-01,-3.212516101053245476e-01,3.915365442438170640e-02
-9.216116888443106614e-01,-3.460098111789228770e-01,-9.197493081930090408e-01,-9.910753114049795087e-01,-9.197496773937711145e-01,-9.178657205594770163e-01,-9.201947020008693912e-01,-9.224472784570797446e-01,5.442058124464370650e-01,-3.504034255977554468e-01
-1.488643484165882158e-01,-2.586318705941005880e-01,-1.511400202210983201e-01,3.020216823945422874e-02,-1.510587317107418559e-01,-1.535664759647245858e-01,-1.505684007131877777e-01,-1.478083345654949698e-01,9.111561795462850277e-01,-2.581809080728466044e-01
2.808135352017679942e-01,-1.154110541199186990e+00,2.805153752714908966e-01,2.254910611158148226e-01,2.805403569891015136e-01,2.802386918001986138e-01,2.805939264657003607e-01,2.809272401899090554e-01,7.639402945929795186e-01,-1.159860616098768782e+00
2.687198355200490774e-01,1.418665740170004519e-01,2.692840159572290060e-01,1.015702407088665771e+00,2.692339406960210235e-01,2.698019093097397958e-01,2.691227062878596699e-01,2.685126265446837746e-01,-4.208878841174737984e-01,1.452358616233593303e-01
-9.355308449548033201e-01,-3.887792376265692407e-01,-9.341139250131221816e-01,-9.707964976992190520e-01,-9.340927812876151926e-01,-9.327096584602613261e-01,-9.344524855601842317e-01,-9.361571368999819232e-01,7.048693778549885991e-01,-3.930209018522098918e-01
-8.146900788966908447e-02,-2.504470856307385307e-01,-8.410480040237179600e-02,1.187254009998375548e-01,-8.402874591794487480e-02,-8.689543717340687812e-02,-8.343572302818418052e-02,-8.025404001286488842e-02,9.408789841216221861e-01,-2.495834728523182444e-01
3.153517463822194111e-01,-1.121272619242834168e+00,3.151293459182962220e-01,3.653953560351523300e-01,3.151349803702168106e-01,3.149319667153290814e-01,3.151949025462033593e-01,3.154326315966120564e-01,6.963586814422542126e-01,-1.126487786913999978e+00
2.935652034163848678e-01,2.792166260505910547e-01,2.942868099757094957e-01,1.189400744364565776e+00,2.942635494273724284e-01,2.949183870382013906e-01,2.940531492735914409e-01,2.933159488651719826e-01,-5.746719845150545236e-01,2.837889570119743188e-01
-9.364602436589197776e-01,-4.195348593791455860e-01,-9.354286473885770059e-01,-9.432564585154643577e-01,-9.353966220103866469e-01,-9.344316337104495718e-01,-9.356699570295144985e-01,-9.369090502308784485e-01,8.288835632497277839e-01,-4.236059996140607020e-01
-7.899630881374630764e-03,-2.615110952896809171e-01,-1.117772525504781567e-02,2.341325055379739339e-01,-1.109053261669204482e-02,-1.463805779498483783e-02,-1.034656707007095000e-02,-6.391701792822765404e-03,1.054539462824975793e+00,-2.600832235675814008e-01
3.469975616064223112e-01,-1.077770363729195102e+00,3.468595710074331984e-01,5.022081088168758312e-01,3.468573195068042625e-01,3.467399733558147457e-01,3.469013535676551130e-01,3.470472837382023168e-01,6.220266096755904250e-01,-1.082398372758319072e+00
3.464288052453030065e-01,4.763169996384873373e-01,3.474013740551218921e-01,1.497863338122433552e+00,3.474063499502508812e-01,3.482260885639771320e-01,3.470621784268407284e-01,3.461065840428430573e-01,-8.139057622320782226e-01,4.827682845963733871e-01
-9.285567004869453855e-01,-4.464141489953351027e-01,-9.279220926817551840e-01,-9.067477521277468311e-01,-9.278812932680505776e-01,-9.273422149839514184e-01,-9.280620580684174614e-01,-9.288236949369287343e-01,9.454117102476490286e-01,-4.502777858949564838e-01
8.652060308366094077e-02,-2.943080176241411605e-01,8.218622503446890160e-02,3.997072766139277977e-01,8.230392203456529665e-02,7.761318026694970229e-02,8.327686958418148433e-02,8.851575177954147666e-02,1.275935515446946278e+00,-2.920495260944618865e-01
3.826003633050397701e-01,-1.014922595924854898e+00,3.825718597256708153e-01,6.650643944866948543e-01,3.825695859705923185e-01,3.825455771584438946e-01,3.825758845874746017e-01,3.826135802326366409e-01,5.255363028258909219e-01,-1.018788612375215230e+00
4.350186834514703227e-01,7.679621631068134224e-01,4.363746224224665515e-01,1.989950386653380976e+00,4.364093413621025208e-01,4.375050281942408636e-01,4.358833368421232146e-01,4.345795684097876199e-01,-1.179064550310717774e+00,7.772839764266055163e-01
-9.105909947715776775e-01,-4.753048073464606338e-01,-9.104465089220934448e-01,-8.539871632721445227e-01,-9.103932177797484648e-01,-9.103826738125866402e-01,-9.104631218399541481e-01,-9.106327292176207289e-01,1.079511362822779708e+00,-4.788815357063809786e-01
2.195169277331990298e-01,-3.530265792412072279e-01,2.135371755336535338e-01,6.446846909313154184e-01,2.137069489353168872e-01,2.072269072528650224e-01,2.150296816480038176e-01,2.222728484674114380e-01,1.638632435966940415e+00,-3.495255485986879518e-01
4.280479648203473486e-01,-9.194935998573307012e-01,4.281723868140857592e-01,8.827163670777501414e-01,4.281748440620135043e-01,4.282731007109771282e-01,4.281204823210799093e-01,4.280119292756178195e-01,3.883067534186754877e-01,-9.222769084286738250e-01
5.679567965995271361e-01,1.192576561915416722e+00,5.698693172036424226e-01,2.719992770010640104e+00,5.699307644603669454e-01,5.714559371886667183e-01,5.691683929923120333e-01,5.673415283863884051e-01,-1.714958704538305678e+00,1.206107774482086281e+00
-8.777351541866511564e-01,-5.107050685814000790e-01,-8.782637668220625304e-01,-7.738596115835113531e-01,-8.781913044494716880e-01,-8.789098465855416098e-01,-8.781129863160638260e-01,-8.774666471545433666e-01,1.253957535768782439e+00,-5.138563200710880574e-01
4.105980809991614522e-01,-4.423972123168914972e-01,4.021873964466767259e-01,1.001352566104397157e+00,4.024286200643830136e-01,3.933152854504797791e-01,4.042779070508844552e-01,4.144753297182596219e-01,2.180055127044049357e+00,-4.370802463136597704e-01
4.880164981740226504e-01,-7.772324155577672311e-01,4.883536927949886919e-01,1.180398288510089877e+00,4.883613325316999432e-01,4.886322257312666340e-01,4.882249335816135072e-01,4.879113416161233729e-01,1.921272467390582050e-01,-7.784711282488154804e-01
7.505049841227988683e-01,1.780409602841880101e+00,7.531721698943740773e-01,3.725503157003730692e+00,7.532447341256621742e-01,7.553953625586385945e-01,7.522037882302148315e-01,7.496414603485683781e-01,-2.455206784655246555e+00,1.799744113672327117e+00
-8.237100768556118169e-01,-5.558216030396224694e-01,-8.251798545529785978e-01,-6.543923326347670377e-01,-8.250824395670178779e-01,-8.268165987297203534e-01,-8.247942692958125654e-01,-8.230086161294595248e-01,1.487632590731014393e+00,-5.583468843715680974e-01
6.761227520012854653e-01,-5.646368796369789500e-01,6.643479189845615807e-01,1.495138578589681355e+00,6.646670012696990204e-01,6.519477848242459794e-01,6.672807102482231079e-01,6.815425445792870907e-01,2.924467443405811995e+00,-5.568039832168201198e-01
5.644342636751294995e-01,-5.793380751082987112e-01,5.650504485258875942e-01,1.570388321280823174e+00,5.650569388944463034e-01,5.655677365478284369e-01,5.648261720148772813e-01,5.642355489432463456e-01,-7.320775111784658118e-02,-5.784940167879109030e-01
9.774800056008722260e-01,2.531433179938978206e+00,9.810800166498871988e-01,4.988606571143936463e+00,9.811268151320365893e-01,9.841173459816003888e-01,9.798069727770014614e-01,9.762953812241188523e-01,-3.394161848957266692e+00,2.558106757861851488e+00
-7.440103262714521382e-01,-6.116880886409905571e-01,-7.467368976045927198e-01,-4.881863803443348138e-01,-7.466151316966479490e-01,-7.496890105345326294e-01,-7.460320438229668394e-01,-7.427345571523874534e-01,1.788933013399395033e+00,-6.133492072374746584e-01
1.019460751522020203e+00,-7.146352693901323327e-01,1.003416856105487476e+00,2.126044350078849732e+00,1.003791266721620667e+00,9.865742956797467489e-01,1.007448173007821079e+00,1.026819612754480415e+00,3.854231096371392162e+00,-7.035895897960520173e-01
6.542980943774302505e-01,-3.309137695760494546e-01,6.552463522240361549e-01,2.039067976416806260e+00,6.552372043239909072e-01,6.560575444548886193e-01,6.549176581761967375e-01,6.539829671887442686e-01,-3.997300866548368914e-01,-3.275162922618521932e-01
1.226775751192956232e+00,3.391709098961521729e+00,1.231397643739382319e+00,6.398586935620281579e+00,1.231360328053865416e+00,1.235364488286821771e+00,1.229826964802664513e+00,1.225219824550729752e+00,-4.458091034585891954e+00,3.426664745944564494e+00
-6.400107656955993374e-01,-6.758425552446987172e-01,-6.442742841415869393e-01,-2.795203129101442308e-01,-6.441402114754662955e-01,-6.488210934767255633e-01,-6.431674533355619117e-01,-6.380399262732218135e-01,2.146563843736075672e+00,-6.764237044766475693e-01
1.419749615079724414e+00,-8.758937160058728466e-01,1.398868636118737907e+00,2.848785856950265760e+00,1.399236859414969558e+00,1.377046162686730302e+00,1.404190922972127220e+00,1.429277184623686248e+00,4.882823087105034432e+00,-8.611726656849707506e-01
7.489581366350863689e-01,-5.547189812209851745e-02,7.502567126994852398e-01,1.489607666404122732e-01,7.502126081943536473e-01,7.513902547710835655e-01,7.498296751635804558e-01,7.485138490282297052e-01,1.298882814642234318e-01,-4.929744143721109806e-02
1.460875791541702551e+00,4.251590241746524335e+00,1.466460700360155522e+00,9.750940600810402703e-01,1.466277252062020642e+00,1.471347781331880267e+00,1.464652162317763073e+00,1.458947103002913526e+00,-3.619771140634236994e-02,4.294654344133989277e+00
-5.214511167138735637e-01,-7.420664614011600602e-01,-5.273899661426036944e-01,-9.846022058497778673e-01,-5.272664723599906900e-01,-5.336565238986364923e-01,-5.258290794603751594e-01,-5.187323560056421590e-01,6.713237312743581819e-01,-7.414534392368268279e-01
1.829715230631819844e+00,-1.022200842954338107e+00,1.804079660114543904e+00,1.748098859783151215e-01,1.804354580711864608e+00,1.777429104603720944e+00,1.810728593429717259e+00,1.841339365729884880e+00,7.411642515852160384e-01,-1.003814917852952737e+00
8.368873466964502628e-01,2.115665022268931605e-01,8.385099986490418544e-01,2.094006194349333216e-01,8.384149351743718226e-01,8.399539285797519295e-01,8.380037304361678263e-01,8.363173205301086544e-01,7.913213283447664281e-01,-2.713657050811841831e-01
1.640396847510041445e+00,4.983090071755934325e+00,1.646736143159352572e+00,1.127744050353852501e+00,1.646370222030401731e+00,1.652388542019074036e+00,1.644784170883010210e+00,1.638153323511731374e+00,1.765691752990626862e-01,9.453929320951676152e-02
-4.039933887338782448e-01,-8.024782018926140958e-01,-4.115375650482357983e-01,-9.686900551198097675e-01,-4.114495289005257184e-01,-4.194328264100333770e-01,-4.095249428990399565e-01,-4.005680169133752910e-01,2.358137726925602085e-01,2.581497157671455711e-01
2.191277353220982604e+00,-1.127317808476361538e+00,2.161713686932104306e+00,2.969039877555878504e-01,2.161820140657228162e+00,2.131143852105501946e+00,2.169518031499415578e+00,2.204597397956120197e+00,9.717982633286095240e-01,-9.661049240374162128e-01
9.086971011913091978e-01,-2.533102099871673563e-01,9.105828910997250114e-01,2.600912593908729642e-01,9.104312176121690525e-01,9.122886477373908232e-01,9.100217689931384690e-01,9.080199797025476638e-01,7.964878402015304060e-01,-2.660629611475569534e-01
1.741258992104567582e+00,9.329652909879360134e-02,1.748057221127193861e+00,1.229434272616157786e+00,1.747515311291019335e+00,1.754217336547690742e+00,1.746058724741610391e+00,1.738802348606925285e+00,1.253337417166160428e-01,1.286371824532340225e-01
-3.025117005918731006e-01,2.789449534902332939e-01,-3.114057135308906377e-01,-9.516075427018968469e-01,-3.113690928938528391e-01,-3.206543604653395163e-01,-3.089991917537049937e-01,-2.985005867311348871e-01,2.792818080596622399e-01,2.131382365735513817e-01
2.460750677317334212e+00,-9.603070930292723073e-01,2.428599715621304167e+00,4.143136927688395033e-01,2.428507670239746119e+00,2.395514898732709064e+00,2.437220845853202977e+00,2.475153493126898141e+00,1.054485437887271448e+00,-1.091915795669222033e+00
9.604325651017596721e-01,-2.497908046878757893e-01,9.625068273104305794e-01,2.975537598928466032e-01,9.623037260418247918e-01,9.644070077896039761e-01,9.619131026453817679e-01,9.596752404055767238e-01,7.983970653618170932e-01,-2.614172953118870657e-01
1.761560919641277589e+00,1.198850507476245386e-01,1.768519241737812608e+00,1.275948905020297897e+00,1.767842319606774515e+00,1.774904149077488835e+00,1.766550659385187849e+00,1.759005489125157418e+00,6.504478287043498341e-02,1.582686673405795108e-01
-2.254633019081589418e-01,2.484922719671526226e-01,-2.353579555234129317e-01,-9.364058343214448632e-01,-2.353755643284543564e-01,-2.455980339890475872e-01,-2.326490603692455694e-01,-2.210241313532246843e-01,3.112643173800785368e-01,1.787744881459337742e-01
2.623450874570200320e+00,-1.037340391153597663e+00,2.590171954250249708e+00,5.177605045726952904e-01,2.589899349022933173e+00,2.556062492062704639e+00,2.599208103712559836e+00,2.638289080975024348e+00,1.089601906403023346e+00,-1.170705096071872120e+00
9.931997587717729115e-01,-2.470720169665019950e-01,9.953923850889492275e-01,3.218975370130369718e-01,9.951491934506254688e-01,9.974195528806193423e-01,9.947829369046178316e-01,9.923895939759351803e-01,7.984198622832899828e-01,-2.579348819482940591e-01
1.715423045346144315e+00,1.424117883712174570e-01,1.722295842536420984e+00,1.274928245821523642e+00,1.721537594562574824e+00,1.728660252856790924e+00,1.720407643627526628e+00,1.712869283511968765e+00,1.194334890813344985e-03,1.824386830084160360e-01
-1.740875110015626670e-01,2.279418268226372779e-01,-1.846352293159178315e-01,-9.248832843937311310e-01,-1.847001467571075251e-01,-1.955137023667775087e-01,-1.817213661717435869e-01,-1.693734659737341219e-01,3.319561627389599479e-01,1.557438085523184523e-01
2.689617444251610312e+00,-1.076445072135406189e+00,2.656471301403575680e+00,6.034570680709633317e-01,2.656063175580182012e+00,2.622602805315884744e+00,2.665556317647032269e+00,2.704343156627583955e+00,1.084049567692312754e+00,-1.206544546886620051e+00
1.010762950289555873e+00,-2.453323086829170274e-01,1.013017496580837395e+00,3.353008067368233869e-01,1.012746629616048555e+00,1.015115309941466926e+00,1.012403912555082552e+00,1.009923012074644078e+00,7.977476722126422004e-01,-2.557569532431304138e-01
1.622493755063649346e+00,1.608378503998317832e-01,1.629106533019894387e+00,1.238866585016363597e+00,1.628315808401449072e+00,1.635269530563068452e+00,1.627328068163519159e+00,1.620016394782967106e+00,-6.216094915699951068e-02,2.013945528690273823e-01
-1.450631682181083293e-01,2.161989894524196931e-01,-1.559739040325757997e-01,-9.176144836475474964e-01,-1.560752684948723545e-01,-1.671998771980533482e-01,-1.529395818010758357e-01,-1.402001612049485757e-01,3.432970179369845276e-01,1.426701959872246905e-01
2.681278904423855636e+00,-1.085637596855127285e+00,2.649194717752291428e+00,6.718565352459502371e-01,2.648700716956930989e+00,2.616487976914306124e+00,2.658048367314711946e+00,2.695494497956137714e+00,1.048748492640263930e+00,-1.208925871029265409e+00
1.017374705763607112e+00,-2.445594670989565678e-01,1.019649849886929083e+00,3.404935896382002003e-01,1.019361906915478455e+00,1.021776160451406623e+00,1.019039715841045357e+00,1.016522333917716736e+00,7.972084333104054732e-01,-2.548072427565778453e-01
1.500702346061045356e+00,1.756699715093440195e-01,1.506944685131904826e+00,1.179847796383465930e+00,1.506158174015008289e+00,1.512788281831538351e+00,1.505291063722334677e+00,1.498350445790182617e+00,-1.226330341171024962e-01,2.159599485419171350e-01
-1.335139256328912172e-01,2.114756605312854698e-01,-1.445705380577483878e-01,-9.144215239228755676e-01,-1.446976863564141125e-01,-1.559280297148825656e-01,-1.414805722106227681e-01,-1.285953066939127531e-01,3.476684508804132046e-01,1.374462044720690113e-01
2.621387846372310815e+00,-1.073631484414038662e+00,2.590972005757446350e+00,7.254696694686311176e-01,2.590433864328055780e+00,2.560021240784175145e+00,2.599405677396971814e+00,2.634837236826941265e+00,9.941457915347028385e-01,-1.187912479403669064e+00
1.016665132244780168e+00,-2.446579966374486381e-01,1.018932390843453106e+00,3.399134531756097255e-01,1.018635321105505698e+00,1.021057786322647987e+00,1.018330565638849938e+00,1.015812458457159728e+00,7.973028158500907736e-01,-2.549268284959957387e-01
1.363581993343399690e+00,1.875663089268977957e-01,1.369391836427092946e+00,1.107340216337951544e+00,1.368633925059345335e+00,1.374847447497000497e+00,1.367869293061793945e+00,1.361384273631579989e+00,-1.790871352244920167e-01,2.270606119555176605e-01
-1.348298068117227966e-01,2.120260305562606251e-01,-1.458805211771529442e-01,-9.148234909619049615e-01,-1.460247754148454313e-01,-1.572194025689978014e-01,-1.427809214862639509e-01,-1.299204099070012663e-01,3.471791797007554026e-01,1.380528287164659029e-01
2.528718777165597231e+00,-1.047714986885065036e+00,2.500324173047709042e+00,7.672578723558703961e-01,2.499772335238616527e+00,2.471470785443162566e+00,2.508224405620388175e+00,2.541255157391767217e+00,9.283727075277444785e-01,-1.151813525846144826e+00
1.011354400299181888e+00,-2.455166728572275581e-01,1.013594925080705922e+00,3.354369391392627575e-01,1.013294267182291541e+00,1.015699798063064874e+00,1.013004468444757222e+00,1.010509524373641055e+00,7.983099213490882917e-01,-2.559528794558215137e-01
1.220334627582960296e+00,1.971352896514393660e-01,1.225683093306930260e+00,1.027984777847971154e+00,1.224968539381162014e+00,1.230716702356199121e+00,1.224292461851855141e+00,1.218305519469791820e+00,-2.311413032518047916e-01,2.355034790995321203e-01
-1.453477588422481537e-01,2.164395553284013951e-01,-1.562912069026622663e-01,-9.183065888763671802e-01,-1.564461597510469482e-01,-1.675116113893114766e-01,-1.532130222834561240e-01,-1.404906947095403702e-01,3.434447024361139134e-01,1.428745234829642274e-01
2.416883624627980343e+00,-1.013259089164217031e+00,2.390685402152270989e+00,7.998571224739657870e-01,2.390140248007065260e+00,2.364095008353535032e+00,2.397992733111248054e+00,2.428436053415706564e+00,8.571018058885571111e-01,-1.106695414873998473e+00
