6.740333096708406302e-03,7.846829432545132654e-01,9.170923486376053591e-01,1.070439142031401003e+00,6.794606408676628906e-03,6.427400560978291377e-03,6.929215383566944553e-03,6.921743504992361462e-03,7.847075762811481781e-01,7.846967455275226655e-01
6.211497850222347239e-03,6.198253075412234470e-01,-9.786236033304576143e-01,8.310669526975688060e-01,6.261984708635648378e-03,5.923158374299408724e-03,6.385924514250462813e-03,6.379312740222797817e-03,6.198061038030648895e-01,6.198215674277576248e-01
9.990138617735647708e-01,6.198274563553051175e-01,1.055377201969623480e+00,-8.990748698870207889e-01,2.459419014184005547e-01,9.853362120896005383e-01,6.177087419759687004e-01,-2.377672035421501684e-01,-6.194646842341089421e-01,6.198221781568478139e-01
-4.439936918773793040e-02,-7.847381246939085786e-01,8.477404625938623761e-01,9.925126701840818466e-01,9.692845717985517640e-01,1.706239993228320651e-01,-7.864069621299559776e-01,9.713221694781528637e-01,7.850245250861500601e-01,-7.847422936639141255e-01
9.070752340956125259e-01,8.547987739845613886e-01,7.848520195336022853e-01,1.164172533388342590e+00,6.042342889981439091e-01,9.086088724541532269e-01,6.888104643911512337e-01,3.483300666587527128e-01,8.547892002857294669e-01,8.547411246799716533e-01
2.281967418774367706e-01,5.094975874058561560e-01,-9.622135713320870698e-01,6.818116841575946330e-01,7.465430800896493135e-01,3.276107809355500167e-01,-1.296601893788019155e-01,7.818042803130582641e-01,5.094831003213412535e-01,5.095037385401659513e-01
5.991659801559783283e-01,5.148112597840627247e-01,1.151328977535309273e+00,-7.652283629141114485e-01,-6.621058221381597164e-01,6.515573167152357570e-01,3.339554365736480124e-01,-7.306455451935059964e-01,-5.144633492425619847e-01,5.149116149470144288e-01
-8.006248361272123582e-01,-7.631015454639124007e-01,6.981690174871113541e-01,9.735923454459917137e-01,7.494103550730744079e-01,-7.585994088020646675e-01,-9.425888639183597206e-01,6.827569752766237121e-01,7.633442639097005600e-01,-7.631208216069390593e-01
9.351376303543376123e-01,9.344684398874085751e-01,6.004947517040375438e-01,1.270086917564716256e+00,7.300872516302913118e-01,9.544996594062176154e-01,6.554640495711221426e-01,4.842289871123913181e-01,9.342445261427962944e-01,9.341531287967083097e-01
1.408926654065289774e-01,3.993112996120118385e-01,-9.280360219662083798e-01,5.329805567565273350e-01,6.320934366075892097e-01,2.307977346536092267e-01,-1.672611996454360650e-01,6.825496150524088534e-01,3.993456350241991748e-01,3.993774404058359484e-01
4.461590829519477830e-01,3.695488601559448472e-01,1.260335684341466811e+00,-5.790461868572032156e-01,-5.174751654527813827e-01,5.056116874266023409e-01,1.590150964587483950e-01,-5.970411004758379159e-01,-3.695485438737280415e-01,3.701176297177686814e-01
-7.682005974795139691e-01,-7.280677899540477505e-01,5.487288445039451013e-01,9.369027693887772568e-01,7.264039472021336374e-01,-7.340018086330633018e-01,-8.774775732839277254e-01,6.710256564727081763e-01,7.283475884112652343e-01,-7.281953383522518086e-01
9.506185618419658034e-01,1.010745474349542761e+00,3.727973188435434460e-01,1.370760060569283123e+00,8.644835558276119380e-01,9.905834736467443724e-01,6.038973946489910594e-01,6.350824468268546630e-01,1.010140700246882073e+00,1.010009640961956334e+00
5.905961912912382344e-02,2.899942938510144952e-01,-8.726304890207540188e-01,3.856431817708732002e-01,5.127229795484050667e-01,1.380544482065807765e-01,-1.963241950694993299e-01,5.753874286874250954e-01,2.901545944538717059e-01,2.902022075143130819e-01
2.578312107443701540e-01,1.914893370567748443e-01,1.364821579717814037e+00,-3.495826831075556362e-01,-3.376038356116904393e-01,3.246641236476390247e-01,-4.992857046341619975e-02,-4.286193909724538842e-01,-1.923411968000786343e-01,1.930491657654279658e-01
-7.184691963055749309e-01,-6.769566492549815573e-01,4.004330520225810597e-01,8.789934737836698764e-01,6.862105674874509065e-01,-6.922942210408854491e-01,-7.954888151133223673e-01,6.423964988918366981e-01,6.774719085824522091e-01,-6.774060348068552395e-01
9.459073250493039708e-01,1.069009654707324453e+00,1.240556454008079068e-01,1.446877109437529674e+00,9.875236379306614465e-01,1.006831092042374420e+00,5.358715639568246702e-01,7.806640703045306662e-01,1.068023538479837997e+00,1.067866295513868691e+00
-1.501759778153782116e-02,1.847573398513556453e-01,-7.982331858554255755e-01,2.440917175316558718e-01,3.920554055898790025e-01,5.200265346991141124e-02,-2.161687601508041623e-01,4.636391402013738117e-01,1.851013686700590244e-01,1.851664033495216688e-01
5.288228058858718272e-02,-1.376267517912397676e-03,1.445097499741094582e+00,-9.943944518832389945e-02,-1.397644021209226151e-01,1.262186841841944629e-01,-2.700191368396870906e-01,-2.408255418986346985e-01,-7.675955466294807602e-04,1.617903501397647322e-03
-6.532977929766113911e-01,-6.115822076485051273e-01,2.576122549179983290e-01,8.021579065463049218e-01,6.303963555057843227e-01,-6.351508984158515947e-01,-6.993917511973151147e-01,5.980739645553021511e-01,6.126260714851172740e-01,-6.126631170885566968e-01
9.187246944139383364e-01,1.098926888803249957e+00,-1.162686415014604763e-01,1.485082670960982121e+00,1.081417663872999091e+00,9.983146026520269833e-01,4.579644975120542583e-01,9.011025572590080079e-01,1.097783219547117772e+00,1.097621051818486126e+00
-7.995190048324304910e-02,8.740743138441105231e-02,-7.133153249722764544e-01,1.132611831710407108e-01,2.759551089832174009e-01,-2.518158773872359105e-02,-2.282472153696402106e-01,3.535938356938960192e-01,8.790842587825455079e-02,8.798829300507561568e-02
-1.441991478016374506e-01,-1.857191424402391544e-01,1.487325795047675481e+00,1.417203719743989621e-01,5.266370473246729383e-02,-6.630104231486975974e-02,-4.738677953513522612e-01,-5.549630860719195757e-02,1.821892385624361288e-01,-1.811976488362626592e-01
-5.796729154407068707e-01,-5.385837854968210658e-01,1.253393511654903592e-01,7.149233026818726522e-01,5.655473675265693112e-01,-5.692430486397871414e-01,-5.972229578828877061e-01,5.441057599013143786e-01,5.404442088554558543e-01,-5.406069611289315846e-01
8.731418081516808538e-01,1.098775408121406283e+00,-3.233493641707533839e-01,1.483448615567340534e+00,1.137746519852991911e+00,9.672759558842508598e-01,3.789915079193636460e-01,9.849432105060704767e-01,1.097808583908165048e+00,1.097673799736420985e+00
-1.369771039069325735e-01,-4.517773904971802675e-04,-6.295773128958536136e-01,-4.957441029786584588e-03,1.690725048748853987e-01,-9.386318367614408797e-02,-2.362873560090640312e-01,2.511609619955076367e-01,7.662369618670428835e-05,1.596029833420217498e-04
-3.129664624095711556e-01,-3.422838210247900470e-01,1.489194569944857660e+00,3.490438543478209255e-01,2.195716136294778020e-01,-2.329306748311332220e-01,-6.406222967873266283e-01,1.078766580544956305e-01,3.377050957820771915e-01,-3.365721794510495579e-01
-5.071477452336283775e-01,-4.669399495315914028e-01,5.681544196915713947e-03,6.289835350476618014e-01,5.009783662332748522e-01,-5.039004412718471881e-01,-4.989298296814492772e-01,4.894154551717636026e-01,4.698009058228914125e-01,-4.701273451670487935e-01
8.169701850772855822e-01,1.074632314778384501e+00,-4.853823997994879957e-01,1.450170991293324052e+00,1.158970606239503987e+00,9.210409471206897347e-01,3.063366475255698829e-01,1.031937146193796506e+00,1.074096942386137066e+00,1.074035741090350049e+00
-1.905809671271942729e-01,-8.130532839719609162e-02,-5.576487989801346412e-01,-1.141319562692076489e-01,7.190177059039701279e-02,-1.579884975779030087e-01,-2.454856535358706793e-01,1.586938823724724223e-01,-8.093877896600902566e-02,-8.088472741660258925e-02
-4.439007001512774719e-01,-4.623949012717254448e-01,1.458743991247595684e+00,5.108274906061712750e-01,3.510210141380152860e-01,-3.639490583796916034e-01,-7.626227344670903907e-01,2.389585384233965382e-01,4.573561391323864300e-01,-4.560919817182466085e-01
-4.442380741932109300e-01,-4.044912838992940629e-01,-1.047979418079027225e-01,5.548678218874310009e-01,4.453169134110263605e-01,-4.476996571532023683e-01,-4.122140901950951397e-01,4.426505718238362697e-01,4.084242477175655250e-01,-4.089729521369011023e-01
7.577760560964206249e-01,1.035748759756474957e+00,-6.037676289743991731e-01,1.397435489471308356e+00,1.154149466174125838e+00,8.677844983173325089e-01,2.437240842671336283e-01,1.049639526858389793e+00,1.035708288199008065e+00,1.035771601110051732e+00
-2.481995405223298423e-01,-1.620265344818158371e-01,-5.046344220714646944e-01,-2.236444945382941307e-01,-2.017985916505345492e-02,-2.249751375819200594e-01,-2.616701836974094086e-01,7.374894578904118980e-02,-1.620097282971479091e-01,-1.620523171623909353e-01
-5.384318976568805981e-01,-5.478207954173035521e-01,1.408202149536375680e+00,6.286056680621403547e-01,4.476563568244486535e-01,-4.601726198294763259e-01,-8.440686735639210125e-01,3.374306344429631177e-01,5.428992010113906641e-01,-5.415367817766516545e-01
-3.963670078412780962e-01,-3.559669782153423445e-01,-2.154420214424141167e-01,4.994821335668943596e-01,4.044868183322661848e-01,-4.064842749038789504e-01,-3.403785556088722575e-01,4.102393575574367901e-01,3.610131302120409003e-01,-3.618669554854949122e-01
7.000155253903110886e-01,9.898047314315276957e-01,-6.879131632397162965e-01,1.335246044098105100e+00,1.133075807138275604e+00,8.130371450992261995e-01,1.910571731469661583e-01,1.047715453961541421e+00,9.901443068813128301e-01,9.903686845747169398e-01
-3.199121628413276186e-01,-2.534811039059474691e-01,-4.742855199669836486e-01,-3.481937107931885045e-01,-1.165129412334848652e-01,-3.053881992761771635e-01,-2.911633958379547527e-01,-1.057348773777643663e-02,-2.539591261107851383e-01,-2.542227253247332230e-01
-6.045100414851202197e-01,-6.063827544869306863e-01,1.347702477006680999e+00,7.118848277365025234e-01,5.167096966800609481e-01,-5.289179461871913457e-01,-8.951780540987364088e-01,4.095667654042044470e-01,6.019937280972958993e-01,-6.005894474482527112e-01
-3.659800498750676589e-01,-3.230963973571223669e-01,-3.410058405845186047e-01,4.662733276481181854e-01,3.817850386060301915e-01,-3.834708016184473212e-01,-2.825527542661012692e-01,3.964145523900160506e-01,3.293740806367784768e-01,-3.306512169331910500e-01
