-6.409722207446212350e-01,-2.971301885088544203e-01,-8.011627907275553628e-01,-7.708587322006374976e-01,6.882573556197872922e-01,-6.451602759382593089e-01,6.770890748703346507e-01,-1.004280066392096715e-01,1.215870332712529756e-01,9.552118788314490905e-01
7.675640769562553922e-01,-9.548369761779716969e-01,5.984464744266069225e-01,6.370061341855554060e-01,7.254666170371022460e-01,-7.640472618570587349e-01,7.359010699076571349e-01,-9.949443278306955296e-01,9.925807742145195123e-01,2.959227374489717399e-01
-7.675640769562553922e-01,-9.548369761779716969e-01,-5.984464744266069225e-01,-6.370061341855554060e-01,7.254666170371022460e-01,7.640472618570587349e-01,-7.359010699076571349e-01,9.949443278306955296e-01,-9.925807742145195123e-01,-2.959227374489717399e-01
-6.409722207446212350e-01,2.971301885088544203e-01,-8.011627907275553628e-01,-7.708587322006374976e-01,-6.882573556197872922e-01,-6.451602759382593089e-01,6.770890748703346507e-01,-1.004280066392096715e-01,1.215870332712529756e-01,9.552118788314490905e-01
-2.125374026720350806e-01,-1.666040148424658141e-01,-4.437356913811947301e-01,-4.121409619142202274e-01,-5.258920659153498711e-01,3.880222526186055121e-01,3.313646897988290485e-01,-8.559636552765191586e-02,8.234250899276000790e-02,5.031167394337373588e-01
9.771529319740207553e-01,-9.860238852271132615e-01,8.961577072114331743e-01,9.111200949997870779e-01,-8.505513123893732041e-01,9.216500048677824797e-01,9.435027516412053394e-01,-9.963298962735468445e-01,9.966040895023344781e-01,8.642184599402887857e-01
-9.771529319740207553e-01,-9.860238852271132615e-01,-8.961577072114331743e-01,-9.111200949997870779e-01,8.505513123893732041e-01,9.216500048677824797e-01,9.435027516412053394e-01,9.963298962735468445e-01,9.966040895023344781e-01,-8.642184599402887857e-01
-2.125374026720350806e-01,1.666040148424658141e-01,-4.437356913811947301e-01,-4.121409619142202274e-01,-5.258920659153498711e-01,-3.880222526186055121e-01,-3.313646897988290485e-01,-8.559636552765191586e-02,-8.234250899276000790e-02,5.031167394337373588e-01
-1.846933951708514543e-01,-4.535689005030697080e-02,-3.096154470169875106e-01,-2.925073317517315474e-01,-3.250112663780275191e-01,1.597310769600452651e-01,8.697791547184799410e-02,-6.980882713949130604e-03,-8.895424488485438597e-03,-8.003075456282074396e-02
9.827961893395108506e-01,-9.989708466842084356e-01,9.508618590355125688e-01,9.562632801020244377e-01,-9.457101441389696994e-01,9.871605659937920940e-01,9.962102399695417221e-01,-9.999756333413999387e-01,9.999604349288874205e-01,9.967923947964819620e-01
-9.827961893395108506e-01,-9.989708466842084356e-01,-9.508618590355125688e-01,-9.562632801020244377e-01,9.457101441389696994e-01,9.871605659937920940e-01,9.962102399695417221e-01,9.999756333413999387e-01,9.999604349288874205e-01,9.967923947964819620e-01
-1.846933951708514543e-01,4.535689005030697080e-02,-3.096154470169875106e-01,-2.925073317517315474e-01,-3.250112663780275191e-01,-1.597310769600452651e-01,-8.697791547184799410e-02,-6.980882713949130604e-03,8.895424488485438597e-03,8.003075456282074396e-02
-2.175084976999776265e-01,-8.173560898165652122e-02,-2.883437845445082637e-01,-2.767099077268753704e-01,-2.877305175380651461e-02,6.387997282610198557e-02,-1.113182884022290292e-01,9.011199420099250124e-02,-1.111499840005440720e-01,-2.536947430983159113e-01
9.760584272615541179e-01,9.966540474128411375e-01,9.575269510121112715e-01,9.609534988571424297e-01,-9.995859700359809308e-01,-9.979575888141419826e-01,9.937848050092124019e-01,-9.959316384677817657e-01,9.938036431089789513e-01,9.672843311685966894e-01
-9.760584272615541179e-01,-9.966540474128411375e-01,-9.575269510121112715e-01,-9.609534988571424297e-01,-9.995859700359809308e-01,-9.979575888141419826e-01,9.937848050092124019e-01,-9.959316384677817657e-01,9.938036431089789513e-01,9.672843311685966894e-01
-2.175084976999776265e-01,-8.173560898165652122e-02,-2.883437845445082637e-01,-2.767099077268753704e-01,2.877305175380651461e-02,-6.387997282610198557e-02,1.113182884022290292e-01,-9.011199420099250124e-02,1.111499840005440720e-01,2.536947430983159113e-01
-2.488938689861044662e-01,-1.871931449913374901e-01,-2.854972540372477385e-01,-2.773869177020842902e-01,2.159235173957255172e-01,2.196547911891515992e-01,-2.365068046433664584e-01,1.774414594421325209e-01,-1.962522742178402779e-01,-3.185481296490623726e-01
9.685307646023061379e-01,9.823231273202580605e-01,9.583795270857944359e-01,9.607582931662557169e-01,-9.764102798698187646e-01,-9.755776610335284982e-01,9.716298324760229699e-01,-9.841313573253553937e-01,9.805534380462522792e-01,9.479066879693824887e-01
-9.685307646023061379e-01,-9.823231273202580605e-01,-9.583795270857944359e-01,-9.607582931662557169e-01,9.764102798698187646e-01,-9.755776610335284982e-01,9.716298324760229699e-01,-9.841313573253553937e-01,9.805534380462522792e-01,9.479066879693824887e-01
-2.488938689861044662e-01,-1.871931449913374901e-01,-2.854972540372477385e-01,-2.773869177020842902e-01,2.159235173957255172e-01,-2.196547911891515992e-01,2.365068046433664584e-01,-1.774414594421325209e-01,1.962522742178402779e-01,3.185481296490623726e-01
-2.615444583904151243e-01,-2.481131594205210900e-01,-2.757333830660628204e-01,-2.704081106503191667e-01,3.131492442797531028e-01,2.890499234271055040e-01,-2.897851304676410389e-01,2.325430500995505634e-01,-2.453538804984046195e-01,-3.297130885639518172e-01
9.651914298652184421e-01,9.687310566521376565e-01,9.612341553767967950e-01,9.627457887181456453e-01,-9.497039279728285432e-01,-9.573140246370491768e-01,9.570917292296766687e-01,-9.725861040804552049e-01,9.694335837613502482e-01,9.440811825418509162e-01
9.651914298652184421e-01,-9.687310566521376565e-01,-9.612341553767967950e-01,-9.627457887181456453e-01,-9.497039279728285432e-01,-9.573140246370491768e-01,9.570917292296766687e-01,-9.725861040804552049e-01,9.694335837613502482e-01,9.440811825418509162e-01
2.615444583904151243e-01,-2.481131594205210900e-01,-2.757333830660628204e-01,-2.704081106503191667e-01,-3.131492442797531028e-01,-2.890499234271055040e-01,2.897851304676410389e-01,-2.325430500995505634e-01,2.453538804984046195e-01,3.297130885639518172e-01
-2.537781388950953176e-01,-2.657464343558288422e-01,-2.542031693590633412e-01,-2.510429896693068819e-01,3.255138342678136620e-01,-2.995483773172028519e-01,2.940964194542618482e-01,2.513046601000866742e-01,-2.582278552875600375e-01,-3.093849814851914459e-01
9.672624546724333250e-01,9.640429620235618779e-01,9.671508407109035144e-01,9.679759384085412366e-01,-9.455372777951519536e-01,9.540811127187409646e-01,-9.557757561605039198e-01,-9.679080368567978265e-01,9.660840412477512684e-01,9.509368713176535870e-01
9.672624546724333250e-01,-9.640429620235618779e-01,-9.671508407109035144e-01,-9.679759384085412366e-01,-9.455372777951519536e-01,9.540811127187409646e-01,9.557757561605039198e-01,-9.679080368567978265e-01,9.660840412477512684e-01,9.509368713176535870e-01
2.537781388950953176e-01,-2.657464343558288422e-01,-2.542031693590633412e-01,-2.510429896693068819e-01,-3.255138342678136620e-01,2.995483773172028519e-01,2.940964194542618482e-01,-2.513046601000866742e-01,2.582278552875600375e-01,3.093849814851914459e-01
-2.313404389169702868e-01,-2.541248482518547180e-01,-2.240481556740269720e-01,-2.224738997640682558e-01,2.997649508766138671e-01,-2.782442859043123828e-01,2.710838004230075593e-01,2.430490069158752486e-01,-2.456527489096967110e-01,-2.726491028181721732e-01
9.728728597929453548e-01,9.671714230171256643e-01,9.745780748298551455e-01,9.749386462356320893e-01,-9.540130891271574320e-01,9.605103421419258769e-01,-9.625557506701724053e-01,-9.700140103303699357e-01,9.693578941511279412e-01,9.621135414972838973e-01
9.728728597929453548e-01,-9.671714230171256643e-01,-9.745780748298551455e-01,-9.749386462356320893e-01,-9.540130891271574320e-01,9.605103421419258769e-01,9.625557506701724053e-01,-9.700140103303699357e-01,9.693578941511279412e-01,-9.621135414972838973e-01
2.313404389169702868e-01,-2.541248482518547180e-01,-2.240481556740269720e-01,-2.224738997640682558e-01,-2.997649508766138671e-01,2.782442859043123828e-01,2.710838004230075593e-01,-2.430490069158752486e-01,2.456527489096967110e-01,-2.726491028181721732e-01
-2.019047798859350262e-01,-2.279620585737596183e-01,-1.905937173124693518e-01,-1.901424957044656194e-01,-2.602564369678757039e-01,-2.437808096672181568e-01,2.366733355724870980e-01,2.203025565650607309e-01,2.201139651742044512e-01,2.307419864608160620e-01
9.794051561326457822e-01,9.736700158938930150e-01,9.816690047673983788e-01,9.817565030735865284e-01,9.655395315660492139e-01,9.698303546693080035e-01,-9.715892816560879330e-01,-9.754315883601976100e-01,-9.754741628230289008e-01,-9.730149719732561486e-01
9.794051561326457822e-01,-9.736700158938930150e-01,-9.816690047673983788e-01,-9.817565030735865284e-01,-9.655395315660492139e-01,9.698303546693080035e-01,9.715892816560879330e-01,-9.754315883601976100e-01,9.754741628230289008e-01,-9.730149719732561486e-01
2.019047798859350262e-01,-2.279620585737596183e-01,-1.905937173124693518e-01,-1.901424957044656194e-01,-2.602564369678757039e-01,2.437808096672181568e-01,2.366733355724870980e-01,-2.203025565650607309e-01,2.201139651742044512e-01,-2.307419864608160620e-01
-1.715475946409082408e-01,-1.978407639318219280e-01,-1.580405249100824416e-01,1.584218555768268921e-01,-2.196730265646516522e-01,2.073146059740857139e-01,2.007630916895070117e-01,1.930058233415284374e-01,1.910504712177197029e-01,-1.904416204136736845e-01
9.851758334291998986e-01,9.802341720868911201e-01,9.874326268086067726e-01,-9.873715185661346982e-01,9.755735550946047496e-01,-9.782743245888698702e-01,-9.796398220852757799e-01,-9.811976111651817822e-01,-9.815802144743378532e-01,9.816985225690288974e-01
9.851758334291998986e-01,-9.802341720868911201e-01,-9.874326268086067726e-01,-9.873715185661346982e-01,-9.755735550946047496e-01,-9.782743245888698702e-01,9.796398220852757799e-01,-9.811976111651817822e-01,9.815802144743378532e-01,9.816985225690288974e-01
1.715475946409082408e-01,-1.978407639318219280e-01,-1.580405249100824416e-01,-1.584218555768268921e-01,-2.196730265646516522e-01,-2.073146059740857139e-01,2.007630916895070117e-01,-1.930058233415284374e-01,1.910504712177197029e-01,1.904416204136736845e-01
-1.435932341553685931e-01,-1.694589141991658110e-01,-1.284450993352441173e-01,-1.295527966661799146e-01,-1.832014411473234516e-01,1.739393164770592082e-01,1.679215167230572459e-01,-1.669342339299190459e-01,1.637152832091010035e-01,1.542623905148708396e-01
9.896367935282122108e-01,9.855372526690404644e-01,9.917166210449227526e-01,9.915725252728473382e-01,9.830753948510480011e-01,-9.847563730098390922e-01,-9.858003673266854117e-01,9.859680327182170911e-01,-9.865076310114200275e-01,-9.880299159806031906e-01
9.896367935282122108e-01,9.855372526690404644e-01,9.917166210449227526e-01,9.915725252728473382e-01,-9.830753948510480011e-01,-9.847563730098390922e-01,9.858003673266854117e-01,-9.859680327182170911e-01,9.865076310114200275e-01,9.880299159806031906e-01
1.435932341553685931e-01,1.694589141991658110e-01,1.284450993352441173e-01,1.295527966661799146e-01,-1.832014411473234516e-01,-1.739393164770592082e-01,1.679215167230572459e-01,-1.669342339299190459e-01,1.637152832091010035e-01,1.542623905148708396e-01
-1.192752309347973466e-01,-1.449966108434829759e-01,-1.022996112044407824e-01,-1.042080443306931392e-01,-1.516013157709320824e-01,-1.448479697617960915e-01,1.391962762108309437e-01,-1.446361847912265297e-01,1.402457329511651862e-01,1.218953489186934414e-01
9.928612286142765031e-01,9.894321517132458332e-01,9.947536325882003760e-01,9.945555205702557577e-01,9.884417236521951811e-01,9.894539229574493833e-01,-9.902648113959404697e-01,9.894849033962257456e-01,-9.901167276584060817e-01,-9.925429582199403189e-01
9.928612286142765031e-01,9.894321517132458332e-01,9.947536325882003760e-01,9.945555205702557577e-01,-9.884417236521951811e-01,-9.894539229574493833e-01,9.902648113959404697e-01,-9.894849033962257456e-01,9.901167276584060817e-01,9.925429582199403189e-01
1.192752309347973466e-01,1.449966108434829759e-01,1.022996112044407824e-01,1.042080443306931392e-01,-1.516013157709320824e-01,-1.448479697617960915e-01,1.391962762108309437e-01,-1.446361847912265297e-01,1.402457329511651862e-01,1.218953489186934414e-01
-9.899472262698200131e-02,-1.250059018248543263e-01,-7.955961561495086820e-02,-8.255020999290772765e-02,-1.235965184364296449e-01,-1.194009309931470808e-01,1.139815947084048958e-01,-1.271802916526282023e-01,1.213834143603621935e-01,9.164099308595233251e-02
9.950879583695135810e-01,9.921559980713492433e-01,9.968301096792780980e-01,9.965869068125103869e-01,9.923325554623274591e-01,9.928461198383010666e-01,-9.934828614866635377e-01,9.918796163926106857e-01,-9.926056954895132733e-01,-9.957921110283107780e-01
9.950879583695135810e-01,9.921559980713492433e-01,9.968301096792780980e-01,9.965869068125103869e-01,-9.923325554623274591e-01,-9.928461198383010666e-01,9.934828614866635377e-01,-9.918796163926106857e-01,9.926056954895132733e-01,9.957921110283107780e-01
9.899472262698200131e-02,1.250059018248543263e-01,7.955961561495086820e-02,8.255020999290772765e-02,-1.235965184364296449e-01,-1.194009309931470808e-01,1.139815947084048958e-01,-1.271802916526282023e-01,1.213834143603621935e-01,9.164099308595233251e-02
-8.320426809243969268e-02,-1.097816858658439976e-01,-6.008038871354293847e-02,-6.479632048875572092e-02,-9.692909932535476170e-02,-9.617965771171169131e-02,9.095277366657568419e-02,-1.156507990534184904e-01,1.078178283332957149e-01,6.064347518435563023e-02
9.965325131530838876e-01,9.939557240885797951e-01,9.981935418004013183e-01,9.978985102960713505e-01,9.952912888717430073e-01,9.953639904288570373e-01,-9.958552068259504120e-01,9.932899338452521043e-01,-9.941706673873915712e-01,-9.981594907215803891e-01
9.965325131530838876e-01,9.939557240885797951e-01,9.981935418004013183e-01,9.978985102960713505e-01,-9.952912888717430073e-01,-9.953639904288570373e-01,9.958552068259504120e-01,-9.932899338452521043e-01,9.941706673873915712e-01,9.981594907215803891e-01
8.320426809243969268e-02,1.097816858658439976e-01,6.008038871354293847e-02,6.479632048875572092e-02,-9.692909932535476170e-02,-9.617965771171169131e-02,9.095277366657568419e-02,-1.156507990534184904e-01,1.078178283332957149e-01,6.064347518435563023e-02
-7.202233605093090463e-02,-9.968864542019159614e-02,-4.154015553087765655e-02,-4.978570650043390861e-02,-6.679418706818728013e-02,-7.173610784866529810e-02,6.663417675103180948e-02,-1.122848377750356869e-01,1.007930327329423226e-01,2.108297642794848201e-02
9.974030194007670325e-01,9.950186802137370723e-01,9.991368352125098440e-01,9.987599228184182998e-01,9.977667746391938319e-01,9.974236466169852378e-01,-9.977774734321840366e-01,9.936760615038655597e-01,-9.949074150655908833e-01,-9.997777293503483653e-01
9.974030194007670325e-01,9.950186802137370723e-01,9.991368352125098440e-01,9.987599228184182998e-01,-9.977667746391938319e-01,-9.974236466169852378e-01,9.977774734321840366e-01,-9.936760615038655597e-01,9.949074150655908833e-01,9.997777293503483653e-01
7.202233605093090463e-02,9.968864542019159614e-02,4.154015553087765655e-02,4.978570650043390861e-02,-6.679418706818728013e-02,-7.173610784866529810e-02,6.663417675103180948e-02,-1.122848377750356869e-01,1.007930327329423226e-01,2.108297642794848201e-02
-5.809824540028734469e-02,-9.279064330753458711e-02,6.897648191681198838e-03,-1.613715998331387291e-02,-1.199224313469880038e-02,-2.764758473090116186e-02,2.090257716284730713e-02,-1.242797281501991369e-01,1.022820600062755436e-01,-7.174985088825461266e-02
9.983108703612355583e-01,9.956856414122751131e-01,9.999762109417521527e-01,9.998697875561961546e-01,9.999280904668086389e-01,9.996177324650398210e-01,-9.997815172666232320e-01,9.922472218005513600e-01,-9.947554373819088580e-01,-9.974226581031301331e-01
9.983108703612355583e-01,9.956856414122751131e-01,9.999762109417521527e-01,9.998697875561961546e-01,-9.999280904668086389e-01,-9.996177324650398210e-01,9.997815172666232320e-01,-9.922472218005513600e-01,9.947554373819088580e-01,9.974226581031301331e-01
5.809824540028734469e-02,9.279064330753458711e-02,-6.897648191681198838e-03,1.613715998331387291e-02,-1.199224313469880038e-02,-2.764758473090116186e-02,2.090257716284730713e-02,-1.242797281501991369e-01,1.022820600062755436e-01,-7.174985088825461266e-02
9.877430689023757315e-01,8.665011754713669578e-01,9.835382494541387022e-01,9.878838710000065193e-01,3.626006656466689293e-01,5.006683487419905099e-01,-6.454333228799541411e-01,-9.802338295372317045e-01,9.964641359728098058e-01,7.787402009657763413e-01
1.560885320429286349e-01,4.991750323350911400e-01,1.807000604888905626e-01,1.551949013919026454e-01,9.319446106247907258e-01,8.656391884428340511e-01,-7.638166178580702015e-01,1.978424611421258916e-01,8.401919852010965306e-02,6.273465544655381088e-01
1.560885320429286349e-01,-4.991750323350911400e-01,-1.807000604888905626e-01,-1.551949013919026454e-01,-9.319446106247907258e-01,-8.656391884428340511e-01,7.638166178580702015e-01,1.978424611421258916e-01,8.401919852010965306e-02,-6.273465544655381088e-01
-9.877430689023757315e-01,8.665011754713669578e-01,9.835382494541387022e-01,9.878838710000065193e-01,3.626006656466689293e-01,5.006683487419905099e-01,-6.454333228799541411e-01,9.802338295372317045e-01,-9.964641359728098058e-01,7.787402009657763413e-01
9.918988950646113745e-01,9.899600921410891541e-01,9.911052711633022705e-01,9.920867306816278930e-01,-9.575794479940966664e-01,-9.745020750859889613e-01,-9.774076509422160441e-01,-9.940968601495461243e-01,9.922825718781981275e-01,9.689729794050564449e-01
1.270298467668247444e-01,1.413471470104937788e-01,1.330802069141650001e-01,1.255544455821417937e-01,-2.881693959797278493e-01,-2.243784875006998025e-01,-2.113629198313156099e-01,-1.084962333024209191e-01,1.239971674950220981e-01,2.471666749035721644e-01
1.270298467668247444e-01,-1.413471470104937788e-01,-1.330802069141650001e-01,-1.255544455821417937e-01,-2.881693959797278493e-01,-2.243784875006998025e-01,2.113629198313156099e-01,-1.084962333024209191e-01,1.239971674950220981e-01,2.471666749035721644e-01
-9.918988950646113745e-01,9.899600921410891541e-01,9.911052711633022705e-01,9.920867306816278930e-01,9.575794479940966664e-01,9.745020750859889613e-01,-9.774076509422160441e-01,9.940968601495461243e-01,-9.922825718781981275e-01,-9.689729794050564449e-01
9.891541037101897471e-01,9.873719750804894613e-01,9.889810907756534375e-01,9.895632528822868590e-01,-9.739362071801042076e-01,-9.802156494463817316e-01,-9.814583744877660720e-01,-9.898581995912295595e-01,9.888502548113931034e-01,9.777128169262555568e-01
1.468814457761475900e-01,1.584190103038562725e-01,1.480418930174791092e-01,1.440991621940504175e-01,-2.268220984464104362e-01,-1.979325152177076053e-01,-1.916754004765140462e-01,-1.420589479829044433e-01,1.489133088727899179e-01,2.099467732977245149e-01
1.468814457761475900e-01,-1.584190103038562725e-01,-1.480418930174791092e-01,-1.440991621940504175e-01,-2.268220984464104362e-01,-1.979325152177076053e-01,1.916754004765140462e-01,-1.420589479829044433e-01,1.489133088727899179e-01,2.099467732977245149e-01
-9.891541037101897471e-01,9.873719750804894613e-01,9.889810907756534375e-01,9.895632528822868590e-01,9.739362071801042076e-01,9.802156494463817316e-01,-9.814583744877660720e-01,9.898581995912295595e-01,-9.888502548113931034e-01,-9.777128169262555568e-01
9.845424077906720361e-01,9.828655219202049320e-01,9.845908384373953659e-01,9.850170301341054646e-01,-9.740163196966019621e-01,-9.780050016238104327e-01,-9.788762027660249387e-01,-9.847328311266527745e-01,9.840295874925056863e-01,9.765915565136318310e-01
1.751463595446574317e-01,1.843240782440614678e-01,1.748738998968883407e-01,1.724570971163178201e-01,-2.264778332744444567e-01,-2.085814392481037671e-01,-2.044538570395965926e-01,-1.740725460872187547e-01,1.780049744791668553e-01,2.151021425887751082e-01
1.751463595446574317e-01,-1.843240782440614678e-01,-1.748738998968883407e-01,-1.724570971163178201e-01,-2.264778332744444567e-01,2.085814392481037671e-01,2.044538570395965926e-01,-1.740725460872187547e-01,1.780049744791668553e-01,2.151021425887751082e-01
-9.845424077906720361e-01,9.828655219202049320e-01,9.845908384373953659e-01,9.850170301341054646e-01,9.740163196966019621e-01,-9.780050016238104327e-01,-9.788762027660249387e-01,9.847328311266527745e-01,-9.840295874925056863e-01,-9.765915565136318310e-01
9.783652004923923950e-01,9.768366401310298874e-01,9.785019647405610588e-01,9.788358830554944046e-01,-9.701651043309621469e-01,-9.731313848677332068e-01,-9.738203650790313581e-01,-9.783366637139504496e-01,9.778019493828129516e-01,9.722199769878280273e-01
2.068853171819612646e-01,2.139863979264126914e-01,2.062374965879429922e-01,2.046468031584425529e-01,-2.424451903802038732e-01,-2.302505326495642435e-01,-2.273189313659160216e-01,-2.070202222804735370e-01,2.095312572939201923e-01,2.340690418354958169e-01
2.068853171819612646e-01,-2.139863979264126914e-01,-2.062374965879429922e-01,-2.046468031584425529e-01,-2.424451903802038732e-01,2.302505326495642435e-01,2.273189313659160216e-01,-2.070202222804735370e-01,2.095312572939201923e-01,2.340690418354958169e-01
-9.783652004923923950e-01,9.768366401310298874e-01,9.785019647405610588e-01,9.788358830554944046e-01,9.701651043309621469e-01,-9.731313848677332068e-01,-9.738203650790313581e-01,9.783366637139504496e-01,-9.778019493828129516e-01,-9.722199769878280273e-01
9.708650290695980400e-01,9.695166031922577421e-01,9.710291729648392600e-01,9.712967407911829998e-01,-9.642377661478889195e-01,-9.665718401749328059e-01,-9.671358909695827455e-01,-9.707469880333678969e-01,9.703253976816722526e-01,9.659360020444665018e-01
2.396269920724464486e-01,2.450256234244624909e-01,2.389609701420302434e-01,2.378710603003770518e-01,-2.650387336487424195e-01,-2.563959394780744860e-01,-2.542600409000030370e-01,-2.401047380293538092e-01,2.418028589862094291e-01,2.587810656797606135e-01
2.396269920724464486e-01,-2.450256234244624909e-01,-2.389609701420302434e-01,-2.378710603003770518e-01,-2.650387336487424195e-01,2.563959394780744860e-01,2.542600409000030370e-01,-2.401047380293538092e-01,2.418028589862094291e-01,2.587810656797606135e-01
-9.708650290695980400e-01,9.695166031922577421e-01,9.710291729648392600e-01,9.712967407911829998e-01,9.642377661478889195e-01,-9.665718401749328059e-01,-9.671358909695827455e-01,9.707469880333678969e-01,-9.703253976816722526e-01,-9.659360020444665018e-01
9.623054248081972517e-01,9.611460576147455859e-01,9.624684055201746524e-01,9.626842285011837363e-01,-9.568934659219099359e-01,-9.587682936320259808e-01,-9.592348857894904546e-01,-9.621607763270716429e-01,9.618233304086537538e-01,9.583020216863165075e-01
2.719710818905476390e-01,2.760403157722292611e-01,2.713937515409160506e-01,2.706271904208460422e-01,-2.904391414323394538e-01,-2.841889496900492640e-01,-2.826100385414911931e-01,-2.724823673151838266e-01,2.736711184644913808e-01,2.857573012749077268e-01
2.719710818905476390e-01,-2.760403157722292611e-01,-2.713937515409160506e-01,-2.706271904208460422e-01,-2.904391414323394538e-01,2.841889496900492640e-01,2.826100385414911931e-01,-2.724823673151838266e-01,2.736711184644913808e-01,2.857573012749077268e-01
-9.623054248081972517e-01,9.611460576147455859e-01,9.624684055201746524e-01,9.626842285011837363e-01,9.568934659219099359e-01,-9.587682936320259808e-01,-9.592348857894904546e-01,9.621607763270716429e-01,-9.618233304086537538e-01,-9.583020216863165075e-01
9.529122147416915212e-01,9.519325788732448945e-01,9.530626377850429654e-01,9.532370103187635113e-01,-9.484823107833303402e-01,-9.499989237316278645e-01,-9.503870036580187586e-01,-9.527707359822937816e-01,9.524991286830469805e-01,9.496462167033299373e-01
3.032462876872266122e-01,3.063076317686734829e-01,3.027731963999062414e-01,3.022237617371362761e-01,-3.168300903183182693e-01,-3.122531743773770962e-01,-3.110699973927618656e-01,-3.036905080106362953e-01,3.045413105935487197e-01,3.133242140356407579e-01
3.032462876872266122e-01,-3.063076317686734829e-01,-3.027731963999062414e-01,-3.022237617371362761e-01,-3.168300903183182693e-01,3.122531743773770962e-01,3.110699973927618656e-01,-3.036905080106362953e-01,3.045413105935487197e-01,3.133242140356407579e-01
-9.529122147416915212e-01,9.519325788732448945e-01,9.530626377850429654e-01,9.532370103187635113e-01,9.484823107833303402e-01,-9.499989237316278645e-01,-9.503870036580187586e-01,9.527707359822937816e-01,-9.524991286830469805e-01,-9.496462167033299373e-01
9.428339228691807739e-01,9.420144678876283262e-01,9.429692442872560365e-01,9.431102446265730022e-01,-9.392045485458785370e-01,-9.404339204577740752e-01,-9.407590312969114077e-01,-9.427082561526762827e-01,9.424893679884490671e-01,9.401624714098635316e-01
3.332629500666277611e-01,3.355722609072276374e-01,3.328798647084581508e-01,3.324801745674556552e-01,-3.433581453682617579e-01,-3.399765304435308222e-01,-3.390758691403691905e-01,-3.336182605637467713e-01,3.342361309444772943e-01,3.407264699909551275e-01
3.332629500666277611e-01,-3.355722609072276374e-01,-3.328798647084581508e-01,-3.324801745674556552e-01,-3.433581453682617579e-01,3.399765304435308222e-01,3.390758691403691905e-01,-3.336182605637467713e-01,3.342361309444772943e-01,3.407264699909551275e-01
-9.428339228691807739e-01,9.420144678876283262e-01,9.429692442872560365e-01,9.431102446265730022e-01,9.392045485458785370e-01,-9.404339204577740752e-01,-9.407590312969114077e-01,9.427082561526762827e-01,-9.424893679884490671e-01,-9.401624714098635316e-01
9.321358843202544042e-01,9.314534298054906181e-01,9.322576493251069074e-01,9.323718217849470413e-01,-9.291574664060422428e-01,-9.301541707053399000e-01,-9.304295497396177783e-01,-9.320301288290568920e-01,9.318539090152282434e-01,9.299439028292022513e-01
3.621086759006162392e-01,3.638605613467719158e-01,3.617950735911503179e-01,3.615007412736781500e-01,-3.696841930917583174e-01,-3.671691963107217016e-01,-3.664708078023841686e-01,-3.623807927510666604e-01,3.628336977914799477e-01,3.677014245155860173e-01
3.621086759006162392e-01,-3.638605613467719158e-01,-3.617950735911503179e-01,-3.615007412736781500e-01,-3.696841930917583174e-01,3.671691963107217016e-01,3.664708078023841686e-01,-3.623807927510666604e-01,3.628336977914799477e-01,3.677014245155860173e-01
-9.321358843202544042e-01,9.314534298054906181e-01,9.322576493251069074e-01,9.323718217849470413e-01,9.291574664060422428e-01,-9.301541707053399000e-01,-9.304295497396177783e-01,9.320301288290568920e-01,-9.318539090152282434e-01,-9.299439028292022513e-01
9.208151168605732684e-01,9.202469133102959553e-01,9.209263928762306817e-01,9.210190370344197852e-01,-9.183640136616874061e-01,-9.191713490571966627e-01,-9.194081390699659906e-01,-9.207294208646762401e-01,9.205879609003361219e-01,9.190089621780227480e-01
3.899993853341934269e-01,3.913382405833507605e-01,3.897365506389853795e-01,3.895175649700410858e-01,-3.957367033915304977e-01,-3.938578818208074428e-01,-3.933048103086229097e-01,-3.902016575492698869e-01,3.905352816908624347e-01,3.942366388813622891e-01
3.899993853341934269e-01,-3.913382405833507605e-01,-3.897365506389853795e-01,-3.895175649700410858e-01,-3.957367033915304977e-01,3.938578818208074428e-01,3.933048103086229097e-01,-3.902016575492698869e-01,3.905352816908624347e-01,3.942366388813622891e-01
-9.208151168605732684e-01,9.202469133102959553e-01,9.209263928762306817e-01,9.210190370344197852e-01,9.183640136616874061e-01,-9.191713490571966627e-01,-9.194081390699659906e-01,9.207294208646762401e-01,-9.205879609003361219e-01,-9.190089621780227480e-01
9.088223204150512879e-01,9.083480296284630606e-01,9.089264354808332946e-01,9.090018016993349770e-01,-9.067975639806342691e-01,-9.074500758032990611e-01,-9.076574598726517840e-01,-9.087552231010183057e-01,9.086422566110842203e-01,9.073262922779565809e-01
4.171834008147998207e-01,4.182150846993550330e-01,4.169565143802249629e-01,4.167921838366967502e-01,-4.215663387401648587e-01,-4.201599218447503170e-01,-4.197117290921539290e-01,-4.173295394369038736e-01,4.175754416877466291e-01,4.204271629439948477e-01
4.171834008147998207e-01,-4.182150846993550330e-01,-4.169565143802249629e-01,-4.167921838366967502e-01,-4.215663387401648587e-01,4.201599218447503170e-01,4.197117290921539290e-01,-4.173295394369038736e-01,4.175754416877466291e-01,4.204271629439948477e-01
-9.088223204150512879e-01,9.083480296284630606e-01,9.089264354808332946e-01,9.090018016993349770e-01,9.067975639806342691e-01,-9.074500758032990611e-01,-9.076574598726517840e-01,9.087552231010183057e-01,-9.086422566110842203e-01,-9.073262922779565809e-01
8.960834579948597778e-01,8.956858203475783764e-01,8.961834465637670277e-01,8.962449109104266842e-01,-8.944036600039200202e-01,-8.949288514286655172e-01,-8.951142498671655900e-01,-8.960330091648682771e-01,8.959435699219731042e-01,8.948369363164265788e-01
4.438856117379504918e-01,4.446874309313067486e-01,4.436837050254244241e-01,4.435595333967711218e-01,-4.472606543969546711e-01,-4.462088646369203326e-01,-4.458368307853686208e-01,-4.439874395598943368e-01,4.441678956379785936e-01,4.463931646024963951e-01
4.438856117379504918e-01,-4.446874309313067486e-01,-4.436837050254244241e-01,-4.435595333967711218e-01,-4.472606543969546711e-01,4.462088646369203326e-01,4.458368307853686208e-01,-4.439874395598943368e-01,4.441678956379785936e-01,4.463931646024963951e-01
-8.960834579948597778e-01,8.956858203475783764e-01,8.961834465637670277e-01,8.962449109104266842e-01,8.944036600039200202e-01,-8.949288514286655172e-01,-8.951142498671655900e-01,8.960330091648682771e-01,-8.959435699219731042e-01,-8.948369363164265788e-01
8.825185064735093787e-01,8.821833121299347269e-01,8.826169016191917072e-01,8.826671282607588820e-01,-8.811186809999548286e-01,-8.815384124224431295e-01,-8.817077143122128424e-01,-8.824827530386472052e-01,8.824129028339791070e-01,8.814733145707835948e-01
4.702776687572634562e-01,4.709061517961493082e-01,4.700929748210859183e-01,4.699986603043726507e-01,-4.728951997989614409e-01,-4.721123038258147053e-01,-4.717960433517146557e-01,-4.703447571615211320e-01,4.704757899319691461e-01,4.722338358266977565e-01
4.702776687572634562e-01,-4.709061517961493082e-01,-4.700929748210859183e-01,-4.699986603043726507e-01,-4.728951997989614409e-01,4.721123038258147053e-01,4.717960433517146557e-01,-4.703447571615211320e-01,4.704757899319691461e-01,4.722338358266977565e-01
-8.825185064735093787e-01,8.821833121299347269e-01,8.826169016191917072e-01,8.826671282607588820e-01,8.811186809999548286e-01,-8.815384124224431295e-01,-8.817077143122128424e-01,8.824827530386472052e-01,-8.824129028339791070e-01,-8.814733145707835948e-01
8.680576559407842119e-01,8.677734094253438668e-01,8.681564305207382093e-01,8.681975167588421582e-01,-8.668861825091559448e-01,-8.672178773731260559e-01,-8.673756620295657305e-01,-8.680348143086015211e-01,8.679814134061191178e-01,8.671756837974713417e-01
4.964633984117975962e-01,4.969600687120790394e-01,4.962906528895043579e-01,4.962187742254215439e-01,-4.985061148819567300e-01,-4.979288635582894695e-01,-4.976539570010193314e-01,-4.965033344784621772e-01,4.965966834177568123e-01,4.980023427960838522e-01
4.964633984117975962e-01,-4.969600687120790394e-01,-4.962906528895043579e-01,-4.962187742254215439e-01,-4.985061148819567300e-01,4.979288635582894695e-01,4.976539570010193314e-01,-4.965033344784621772e-01,4.965966834177568123e-01,4.980023427960838522e-01
-8.680576559407842119e-01,8.677734094253438668e-01,8.681564305207382093e-01,8.681975167588421582e-01,8.668861825091559448e-01,-8.672178773731260559e-01,-8.673756620295657305e-01,8.680348143086015211e-01,-8.679814134061191178e-01,-8.671756837974713417e-01
8.526561510058915383e-01,8.524136420691400540e-01,8.527567082873105386e-01,8.527903087021765360e-01,-8.516720669178138303e-01,-8.519297507780112522e-01,-8.520794709514444287e-01,-8.526446299811022422e-01,8.526051409529707970e-01,8.519073063755692177e-01
5.224724759753555103e-01,5.228680357551261926e-01,5.223083346750180267e-01,5.222534723519285382e-01,-5.240750809110646946e-01,-5.236560891838417664e-01,-5.234124331567856503e-01,-5.224912774050770592e-01,5.225557134129956705e-01,5.236926019564551726e-01
5.224724759753555103e-01,-5.228680357551261926e-01,-5.223083346750180267e-01,-5.222534723519285382e-01,-5.240750809110646946e-01,5.236560891838417664e-01,5.234124331567856503e-01,-5.224912774050770592e-01,5.225557134129956705e-01,5.236926019564551726e-01
-8.526561510058915383e-01,8.524136420691400540e-01,8.527567082873105386e-01,8.527903087021765360e-01,8.516720669178138303e-01,-8.519297507780112522e-01,-8.520794709514444287e-01,8.526446299811022422e-01,-8.526051409529707970e-01,-8.519073063755692177e-01
8.363089772932682520e-01,8.361008609175062389e-01,8.364121449883629156e-01,8.364395744356338813e-01,-8.354796775474536696e-01,-8.356748654659779119e-01,-8.358189809141859383e-01,-8.363073331815933376e-01,8.362796530968821251e-01,8.356694846816706823e-01
5.482584194507985620e-01,5.485757471607771718e-01,5.481010159778629820e-01,5.480591558563142618e-01,-5.495213448131045508e-01,-5.492244707115843116e-01,-5.490051285221038135e-01,-5.482609273573045838e-01,5.483031477350447380e-01,5.492326577798074538e-01
5.482584194507985620e-01,-5.485757471607771718e-01,-5.481010159778629820e-01,-5.480591558563142618e-01,-5.495213448131045508e-01,5.492244707115843116e-01,5.490051285221038135e-01,-5.482609273573045838e-01,5.483031477350447380e-01,5.492326577798074538e-01
-8.363089772932682520e-01,8.361008609175062389e-01,8.364121449883629156e-01,8.364395744356338813e-01,8.354796775474536696e-01,-8.356748654659779119e-01,-8.358189809141859383e-01,8.363073331815933376e-01,-8.362796530968821251e-01,-8.356694846816706823e-01
8.190662637027321669e-01,8.188866913210403053e-01,8.191722727174408636e-01,8.191945901257601248e-01,-8.183656065664102197e-01,-8.185080575018004456e-01,-8.186481182986728999e-01,-8.190731268959677847e-01,8.190554434748533730e-01,8.185172900136555851e-01
5.736989242312089399e-01,5.739552132155254505e-01,5.735475460769950962e-01,5.735156698022191302e-01,-5.746979502218462210e-01,-5.744950476763304170e-01,-5.742954452248791863e-01,-5.736891255696430214e-01,5.737143718909358814e-01,5.744818934907357511e-01
5.736989242312089399e-01,-5.739552132155254505e-01,-5.735475460769950962e-01,-5.735156698022191302e-01,-5.746979502218462210e-01,5.744950476763304170e-01,5.742954452248791863e-01,-5.736891255696430214e-01,5.737143718909358814e-01,5.744818934907357511e-01
-8.190662637027321669e-01,8.188866913210403053e-01,8.191722727174408636e-01,8.191945901257601248e-01,8.183656065664102197e-01,-8.185080575018004456e-01,-8.186481182986728999e-01,8.190731268959677847e-01,-8.190554434748533730e-01,-8.185172900136555851e-01
8.010498948427569044e-01,8.008942083869222683e-01,8.011583371514758856e-01,8.011764129979790372e-01,-8.004566705037602370e-01,-8.005550299333151765e-01,-8.006917141675108374e-01,-8.010638861729528770e-01,8.010545536988384896e-01,8.005764597198145038e-01
5.985975826650223874e-01,5.988058675165810474e-01,5.984524365500420995e-01,5.984282373482150419e-01,-5.993906227545061638e-01,-5.992592461101196033e-01,-5.990766051712361762e-01,-5.985788588561127277e-01,5.985913480817731669e-01,5.992306168266842148e-01
5.985975826650223874e-01,-5.988058675165810474e-01,-5.984524365500420995e-01,-5.984282373482150419e-01,-5.993906227545061638e-01,-5.992592461101196033e-01,5.990766051712361762e-01,-5.985788588561127277e-01,5.985913480817731669e-01,-5.992306168266842148e-01
-8.010498948427569044e-01,8.008942083869222683e-01,8.011583371514758856e-01,8.011764129979790372e-01,8.004566705037602370e-01,8.005550299333151765e-01,-8.006917141675108374e-01,8.010638861729528770e-01,-8.010545536988384896e-01,8.005764597198145038e-01
7.824715885703712459e-01,7.823360753231487497e-01,7.825813537667357656e-01,7.825959242349058709e-01,-7.819682944880137487e-01,-7.820306468281170709e-01,-7.821637586010986576e-01,-7.824912332992568498e-01,7.824886642590084262e-01,7.820617122879103267e-01
6.226862878530085021e-01,6.228565366502726297e-01,6.225483312455533103e-01,6.225300148353600793e-01,-6.233182063886046897e-01,-6.232399757890991765e-01,-6.230729128529036709e-01,-6.226616013612915612e-01,6.226648298291408423e-01,6.232009933988406081e-01
6.226862878530085021e-01,-6.228565366502726297e-01,-6.225483312455533103e-01,-6.225300148353600793e-01,-6.233182063886046897e-01,-6.232399757890991765e-01,6.230729128529036709e-01,-6.226616013612915612e-01,6.226648298291408423e-01,-6.232009933988406081e-01
-7.824715885703712459e-01,7.823360753231487497e-01,7.825813537667357656e-01,7.825959242349058709e-01,7.819682944880137487e-01,7.820306468281170709e-01,-7.821637586010986576e-01,7.824912332992568498e-01,-7.824886642590084262e-01,7.820617122879103267e-01
7.636527606651203337e-01,7.635344619491134521e-01,7.637619504759749489e-01,7.637736611024746880e-01,-7.632246270987419479e-01,-7.632589802934550693e-01,-7.633874116849241886e-01,-7.636764020711047651e-01,7.636789702604936947e-01,7.632968059288188778e-01
6.456271843165685143e-01,6.457670829456065853e-01,6.454980116198145712e-01,6.454841551936982835e-01,-6.461332436811978441e-01,-6.460926628598990806e-01,-6.459409103633179106e-01,-6.455992200426921013e-01,6.455961821308052739e-01,6.460479750443174352e-01
-6.456271843165685143e-01,-6.457670829456065853e-01,-6.454980116198145712e-01,-6.454841551936982835e-01,-6.461332436811978441e-01,-6.460926628598990806e-01,6.459409103633179106e-01,-6.455992200426921013e-01,6.455961821308052739e-01,-6.460479750443174352e-01
7.636527606651203337e-01,7.635344619491134521e-01,7.637619504759749489e-01,7.637736611024746880e-01,7.632246270987419479e-01,7.632589802934550693e-01,-7.633874116849241886e-01,7.636764020711047651e-01,-7.636789702604936947e-01,7.632968059288188778e-01
7.450470938564344170e-01,7.449436599085368371e-01,7.451529084867877240e-01,7.451623499359185665e-01,-7.446813073801030747e-01,-7.446960369454819206e-01,-7.448176913256135956e-01,-7.450728034445175396e-01,7.450787529326761138e-01,7.447372652280453975e-01
6.670118649140220901e-01,6.671273818110557974e-01,6.668936519218643388e-01,6.668831023785052325e-01,-6.674202202800424422e-01,-6.674037852437558760e-01,-6.672680171328332355e-01,-6.669831463892679224e-01,6.669765002818974775e-01,6.673577794411721387e-01
-6.670118649140220901e-01,-6.671273818110557974e-01,-6.668936519218643388e-01,-6.668831023785052325e-01,-6.674202202800424422e-01,6.674037852437558760e-01,6.672680171328332355e-01,-6.669831463892679224e-01,-6.669765002818974775e-01,-6.673577794411721387e-01
7.450470938564344170e-01,7.449436599085368371e-01,7.451529084867877240e-01,7.451623499359185665e-01,7.446813073801030747e-01,-7.446960369454819206e-01,-7.448176913256135956e-01,7.450728034445175396e-01,7.450787529326761138e-01,7.447372652280453975e-01
7.272681627781748537e-01,7.271777475346185016e-01,7.273667410245436837e-01,7.273744797468019163e-01,-7.269532386602204355e-01,-7.269575314902433361e-01,-7.270691936259664478e-01,-7.272936377418094400e-01,7.273009887670500717e-01,7.269981360856847541e-01
6.863534216489767248e-01,6.864492140650164664e-01,6.862489519491702383e-01,6.862407494553709464e-01,-6.866869656556884305e-01,-6.866824210722245470e-01,-6.865641905023061042e-01,-6.863264270740896400e-01,6.863186371784399942e-01,6.866394324009801320e-01
-6.863534216489767248e-01,-6.864492140650164664e-01,-6.862489519491702383e-01,-6.862407494553709464e-01,-6.866869656556884305e-01,6.866824210722245470e-01,6.865641905023061042e-01,-6.863264270740896400e-01,-6.863186371784399942e-01,-6.866394324009801320e-01
7.272681627781748537e-01,7.271777475346185016e-01,7.273667410245436837e-01,7.273744797468019163e-01,7.269532386602204355e-01,-7.269575314902433361e-01,-7.270691936259664478e-01,7.272936377418094400e-01,7.273009887670500717e-01,7.269981360856847541e-01
7.111271917143662247e-01,7.110483837930147155e-01,7.112133654308869790e-01,7.112199725801285899e-01,-7.108524443331346587e-01,-7.108568085244423296e-01,-7.109539265051116885e-01,-7.111496202238157816e-01,7.111560566532975081e-01,7.108918550172683704e-01
7.030633806453291390e-01,7.031430835223664300e-01,7.029762078708436945e-01,7.029695232391809379e-01,-7.033411706885980275e-01,-7.033367598629012285e-01,-7.032385899443831523e-01,-7.030406941675018118e-01,7.030341834401310219e-01,7.033013368891793959e-01
-7.030633806453291390e-01,-7.031430835223664300e-01,-7.029762078708436945e-01,-7.029695232391809379e-01,-7.033411706885980275e-01,7.033367598629012285e-01,7.032385899443831523e-01,-7.030406941675018118e-01,-7.030341834401310219e-01,-7.033013368891793959e-01
7.111271917143662247e-01,7.110483837930147155e-01,7.112133654308869790e-01,7.112199725801285899e-01,7.108524443331346587e-01,-7.108568085244423296e-01,-7.109539265051116885e-01,7.111496202238157816e-01,7.111560566532975081e-01,7.108918550172683704e-01
6.976907494265476295e-01,6.976225393323833845e-01,6.977576368595799217e-01,6.977637202066723221e-01,-6.974458009658374147e-01,-6.974627537957023282e-01,-6.975390639946252858e-01,-6.977066077803649735e-01,6.977093194674766075e-01,6.974860477282487370e-01
7.163990634867010154e-01,7.164654859903840656e-01,7.163339166925816182e-01,7.163279910511278770e-01,-7.166375337052346417e-01,-7.166210344859517134e-01,-7.165467564656907706e-01,-7.163836189218844019e-01,7.163809779218252016e-01,7.165983625605260032e-01
-7.163990634867010154e-01,-7.164654859903840656e-01,-7.163339166925816182e-01,-7.163279910511278770e-01,-7.166375337052346417e-01,7.166210344859517134e-01,7.165467564656907706e-01,-7.163836189218844019e-01,7.163809779218252016e-01,-7.165983625605260032e-01
6.976907494265476295e-01,6.976225393323833845e-01,6.977576368595799217e-01,6.977637202066723221e-01,6.974458009658374147e-01,-6.974627537957023282e-01,-6.975390639946252858e-01,6.977066077803649735e-01,-6.977093194674766075e-01,6.974860477282487370e-01
6.883761197521918174e-01,6.883179089719962951e-01,6.884144220886883048e-01,6.884206681344660073e-01,-6.881503692286740081e-01,-6.881954922996904589e-01,-6.882423630187272101e-01,-6.883808379252933651e-01,6.883762722680435431e-01,6.881990104185743418e-01
7.253539258561411129e-01,7.254091646708211716e-01,7.253175742116673153e-01,7.253116459049141485e-01,-7.255681010976432477e-01,-7.255253023695220627e-01,-7.254808403716797027e-01,-7.253494481815443429e-01,7.253537811153617509e-01,7.255219652490854099e-01
7.253539258561411129e-01,-7.254091646708211716e-01,-7.253175742116673153e-01,-7.253116459049141485e-01,-7.255681010976432477e-01,7.255253023695220627e-01,7.254808403716797027e-01,-7.253494481815443429e-01,7.253537811153617509e-01,7.255219652490854099e-01
-6.883761197521918174e-01,6.883179089719962951e-01,6.884144220886883048e-01,6.884206681344660073e-01,6.881503692286740081e-01,-6.881954922996904589e-01,-6.882423630187272101e-01,6.883808379252933651e-01,-6.883762722680435431e-01,-6.881990104185743418e-01
6.851151360592208084e-01,6.850668027125880188e-01,6.851119035103666599e-01,6.851191409826112855e-01,-6.848970833747087816e-01,-6.849907555367586998e-01,-6.849960361380954543e-01,-6.851025233318104313e-01,6.850859696891636874e-01,6.849636864534882630e-01
7.284347948461517008e-01,7.284802508106531516e-01,7.284378351433992149e-01,7.284310280728358844e-01,-7.286398185556546281e-01,-7.285517585108010064e-01,-7.285467936070387784e-01,-7.284466572950870633e-01,7.284622256061451528e-01,7.285772081530188515e-01
7.284347948461517008e-01,7.284802508106531516e-01,-7.284378351433992149e-01,7.284310280728358844e-01,7.286398185556546281e-01,7.285517585108010064e-01,7.285467936070387784e-01,7.284466572950870633e-01,7.284622256061451528e-01,7.285772081530188515e-01
-6.851151360592208084e-01,-6.850668027125880188e-01,6.851119035103666599e-01,-6.851191409826112855e-01,-6.848970833747087816e-01,-6.849907555367586998e-01,-6.849960361380954543e-01,-6.851025233318104313e-01,-6.850859696891636874e-01,-6.849636864534882630e-01
6.906368671977325402e-01,6.905989167246184834e-01,6.905733651639281989e-01,6.905826659633119702e-01,-6.904131677883759144e-01,-6.905834384071782850e-01,-6.905294827227932419e-01,-6.905981274940167225e-01,6.905630176691847089e-01,6.905105701099102378e-01
7.232017129869796612e-01,7.232379526952270599e-01,7.232623502755884948e-01,7.232534697262118506e-01,-7.234152733696047610e-01,-7.232527321743894566e-01,-7.233042468357224752e-01,-7.232387063077845291e-01,7.232722299574546598e-01,7.233223019971709578e-01
-7.232017129869796612e-01,-7.232379526952270599e-01,7.232623502755884948e-01,-7.232534697262118506e-01,-7.234152733696047610e-01,-7.232527321743894566e-01,-7.233042468357224752e-01,-7.232387063077845291e-01,-7.232722299574546598e-01,-7.233223019971709578e-01
6.906368671977325402e-01,6.905989167246184834e-01,-6.905733651639281989e-01,6.905826659633119702e-01,6.904131677883759144e-01,6.905834384071782850e-01,6.905294827227932419e-01,6.905981274940167225e-01,6.905630176691847089e-01,6.905105701099102378e-01
7.089357053088390925e-01,7.089095476446640731e-01,7.087839910625998163e-01,7.087968215740430011e-01,-7.086899408469685691e-01,-7.089769379692743012e-01,-7.088374784179100052e-01,-7.088578641864226038e-01,7.087946775072607730e-01,7.088361581067892381e-01
7.052731142885420024e-01,7.052994068182942833e-01,7.054255836113207945e-01,7.054126917815799480e-01,-7.055200689862197727e-01,-7.052316650773077233e-01,-7.053718375368688287e-01,-7.053513510166853351e-01,7.054148461277082172e-01,7.053731643324735456e-01
-7.052731142885420024e-01,-7.052994068182942833e-01,-7.054255836113207945e-01,-7.054126917815799480e-01,-7.055200689862197727e-01,-7.052316650773077233e-01,-7.053718375368688287e-01,-7.053513510166853351e-01,-7.054148461277082172e-01,-7.053731643324735456e-01
7.089357053088390925e-01,7.089095476446640731e-01,7.087839910625998163e-01,7.087968215740430011e-01,7.086899408469685691e-01,7.089769379692743012e-01,7.088374784179100052e-01,7.088578641864226038e-01,7.087946775072607730e-01,7.088361581067892381e-01
7.459131051402042578e-01,7.459014513420613168e-01,7.456321938128472882e-01,7.456505587412022296e-01,-7.456251797531806558e-01,-7.460854479525075300e-01,-7.458222543109769287e-01,-7.457772637745563316e-01,7.456723760831174275e-01,7.458452160330556469e-01
6.660432715523059155e-01,6.660563226077854670e-01,6.663577354168259692e-01,6.663371851014567859e-01,-6.663655838337070314e-01,-6.658502116493665302e-01,-6.661450029644390147e-01,-6.661953713715939029e-01,6.663127700611461979e-01,6.661192939110867073e-01
-6.660432715523059155e-01,-6.660563226077854670e-01,-6.663577354168259692e-01,-6.663371851014567859e-01,-6.663655838337070314e-01,-6.658502116493665302e-01,-6.661450029644390147e-01,-6.661953713715939029e-01,-6.663127700611461979e-01,-6.661192939110867073e-01
7.459131051402042578e-01,7.459014513420613168e-01,7.456321938128472882e-01,7.456505587412022296e-01,7.456251797531806558e-01,7.460854479525075300e-01,7.458222543109769287e-01,7.457772637745563316e-01,7.456723760831174275e-01,7.458452160330556469e-01
8.094266727035693831e-01,8.094335200758131510e-01,8.089689759815721359e-01,8.089950121514718484e-01,-8.090791383829634142e-01,8.097742960703248061e-01,-8.093438548548691491e-01,-8.092110767817405348e-01,8.090491969256031757e-01,8.093997210273176091e-01
5.872209648131005988e-01,5.872115262643249345e-01,5.878513382644684482e-01,5.878155070377439895e-01,-5.876997088934803326e-01,5.867415013647916400e-01,-5.873351041855584542e-01,-5.875180279904064218e-01,5.877409267305080398e-01,5.872581132695405826e-01
-5.872209648131005988e-01,-5.872115262643249345e-01,-5.878513382644684482e-01,-5.878155070377439895e-01,-5.876997088934803326e-01,-5.867415013647916400e-01,-5.873351041855584542e-01,-5.875180279904064218e-01,-5.877409267305080398e-01,-5.872581132695405826e-01
8.094266727035693831e-01,8.094335200758131510e-01,8.089689759815721359e-01,8.089950121514718484e-01,8.090791383829634142e-01,8.097742960703248061e-01,8.093438548548691491e-01,8.092110767817405348e-01,8.090491969256031757e-01,8.093997210273176091e-01
9.033576990255333117e-01,9.033839592361218029e-01,9.027515436392747894e-01,9.027834365196594213e-01,-9.029814815433911956e-01,9.038602844533597525e-01,-9.032920344744257424e-01,-9.030762078004108684e-01,9.028682087812095469e-01,9.033785575214328123e-01
4.288879429539771415e-01,4.288326272508529713e-01,4.301623536025745986e-01,4.300954158622872781e-01,-4.296794665674663616e-01,4.278277529425734138e-01,-4.290262235051053863e-01,-4.294803405335675950e-01,4.299174311099867030e-01,4.288440063828515836e-01
-4.288879429539771415e-01,-4.288326272508529713e-01,-4.301623536025745986e-01,-4.300954158622872781e-01,-4.296794665674663616e-01,-4.278277529425734138e-01,-4.290262235051053863e-01,-4.294803405335675950e-01,-4.299174311099867030e-01,-4.288440063828515836e-01
9.033576990255333117e-01,9.033839592361218029e-01,9.027515436392747894e-01,9.027834365196594213e-01,9.029814815433911956e-01,9.038602844533597525e-01,9.032920344744257424e-01,9.030762078004108684e-01,9.028682087812095469e-01,9.033785575214328123e-01
9.924946345127928504e-01,9.925122412600748678e-01,9.922067552579826311e-01,9.922214943054861180e-01,-9.923381275937663837e-01,9.927407339021525612e-01,-9.924751107785245718e-01,-9.923631290494288049e-01,9.922657184138884423e-01,9.925188641445338300e-01
1.222881861150855592e-01,1.221452043630977813e-01,1.246023868969831638e-01,1.244849639040312567e-01,-1.235517726449033710e-01,1.202740007292326663e-01,-1.224465372526130358e-01,-1.233508009833191726e-01,1.241319622843762988e-01,1.220913769159989726e-01
-1.222881861150855592e-01,-1.221452043630977813e-01,-1.246023868969831638e-01,-1.244849639040312567e-01,-1.235517726449033710e-01,-1.202740007292326663e-01,-1.224465372526130358e-01,-1.233508009833191726e-01,-1.241319622843762988e-01,-1.220913769159989726e-01
9.924946345127928504e-01,9.925122412600748678e-01,9.922067552579826311e-01,9.922214943054861180e-01,9.923381275937663837e-01,9.927407339021525612e-01,9.924751107785245718e-01,9.923631290494288049e-01,9.922657184138884423e-01,9.925188641445338300e-01
9.458437838911571971e-01,9.457743807746877840e-01,-9.467295650312814725e-01,9.466843840825018841e-01,-9.462963660372726293e-01,-9.450452037645657999e-01,-9.458842390799575561e-01,-9.462448102268421479e-01,9.465421009752210679e-01,-9.457447136695772416e-01
-3.246221441529489882e-01,-3.248242919953127639e-01,3.220297046790567830e-01,-3.221625008195921902e-01,3.233004602914320014e-01,3.269396929734751933e-01,3.245042469061530932e-01,3.234513241876859624e-01,-3.225803017566550857e-01,3.249106593604604853e-01
3.246221441529489882e-01,3.248242919953127639e-01,3.220297046790567830e-01,3.221625008195921902e-01,3.233004602914320014e-01,3.269396929734751933e-01,3.245042469061530932e-01,3.234513241876859624e-01,3.225803017566550857e-01,3.249106593604604853e-01
9.458437838911571971e-01,9.457743807746877840e-01,9.467295650312814725e-01,9.466843840825018841e-01,9.462963660372726293e-01,9.450452037645657999e-01,9.458842390799575561e-01,9.462448102268421479e-01,9.465421009752210679e-01,9.457447136695772416e-01
-7.322834593062846897e-01,7.321659220167767712e-01,-7.336588794761327303e-01,7.335872360080576415e-01,-7.329586408247362739e-01,-7.310422595255572364e-01,-7.323315246910311327e-01,-7.328992939377096949e-01,-7.333591478031571409e-01,-7.321143904331847141e-01
6.809999524423046013e-01,-6.811263191488955426e-01,6.795179530857335948e-01,-6.795952966038378840e-01,6.802732030885497716e-01,6.823321880050566834e-01,6.809482637790550408e-01,6.803371406483748052e-01,6.798414229314267976e-01,6.811817080050275308e-01
6.809999524423046013e-01,6.811263191488955426e-01,6.795179530857335948e-01,6.795952966038378840e-01,6.802732030885497716e-01,6.823321880050566834e-01,6.809482637790550408e-01,6.803371406483748052e-01,6.798414229314267976e-01,6.811817080050275308e-01
7.322834593062846897e-01,7.321659220167767712e-01,7.336588794761327303e-01,7.335872360080576415e-01,7.329586408247362739e-01,7.310422595255572364e-01,7.323315246910311327e-01,7.328992939377096949e-01,7.333591478031571409e-01,7.321143904331847141e-01
5.227688100945168115e-01,5.226842675577055841e-01,-5.238036118901403526e-01,5.237493806976619704e-01,-5.232635783118849693e-01,-5.218512154486647514e-01,-5.228046330553338672e-01,-5.232326752694915761e-01,-5.235756789008001455e-01,-5.226408564099420673e-01
-8.524744988516448352e-01,-8.525263376856253572e-01,8.518390553213930350e-01,-8.518724001978321692e-01,8.521708910847880514e-01,8.530365226265234080e-01,8.524525298548171204e-01,8.521898658927661296e-01,8.519791713789522936e-01,8.525529515584837625e-01
8.524744988516448352e-01,8.525263376856253572e-01,8.518390553213930350e-01,8.518724001978321692e-01,8.521708910847880514e-01,8.530365226265234080e-01,8.524525298548171204e-01,8.521898658927661296e-01,8.519791713789522936e-01,8.525529515584837625e-01
5.227688100945168115e-01,5.226842675577055841e-01,5.238036118901403526e-01,5.237493806976619704e-01,5.232635783118849693e-01,5.218512154486647514e-01,5.228046330553338672e-01,5.232326752694915761e-01,5.235756789008001455e-01,5.226408564099420673e-01
3.805959455800835278e-01,3.805474073914494326e-01,-3.812714334883595679e-01,3.812358678262153244e-01,-3.809186517721090404e-01,-3.800158529567299603e-01,-3.806253753083115865e-01,-3.809007470455976208e-01,3.811227796512705046e-01,3.805191991855816913e-01
-9.247414374883402566e-01,-9.247614128669331413e-01,9.244631382622735538e-01,-9.244778056193627691e-01,9.246085554071618029e-01,9.249799735678438939e-01,9.247293245438943377e-01,9.246159315629953745e-01,-9.245244327928219263e-01,-9.247730202872289640e-01
9.247414374883402566e-01,9.247614128669331413e-01,9.244631382622735538e-01,9.244778056193627691e-01,9.246085554071618029e-01,9.249799735678438939e-01,9.247293245438943377e-01,9.246159315629953745e-01,9.245244327928219263e-01,9.247730202872289640e-01
3.805959455800835278e-01,3.805474073914494326e-01,3.812714334883595679e-01,3.812358678262153244e-01,3.809186517721090404e-01,3.800158529567299603e-01,3.806253753083115865e-01,3.809007470455976208e-01,3.811227796512705046e-01,3.805191991855816913e-01
2.885746453255341182e-01,2.885484998519153299e-01,2.890277792228113651e-01,2.890036301691890075e-01,-2.887997915732388732e-01,-2.882023755076581484e-01,-2.886031320652044374e-01,-2.887810824980408531e-01,2.889294087696501756e-01,2.885336166879132747e-01
-9.574574006582445840e-01,-9.574652804322510979e-01,-9.573207105445540321e-01,-9.573280011307675474e-01,9.573895134099045245e-01,9.575695226727627407e-01,9.574488143823429720e-01,9.573951568664109679e-01,-9.573504043703227051e-01,-9.574697656015005442e-01
9.574574006582445840e-01,9.574652804322510979e-01,9.573207105445540321e-01,9.573280011307675474e-01,9.573895134099045245e-01,9.575695226727627407e-01,9.574488143823429720e-01,9.573951568664109679e-01,9.573504043703227051e-01,9.574697656015005442e-01
2.885746453255341182e-01,2.885484998519153299e-01,2.890277792228113651e-01,2.890036301691890075e-01,2.887997915732388732e-01,2.882023755076581484e-01,2.886031320652044374e-01,2.887810824980408531e-01,2.889294087696501756e-01,2.885336166879132747e-01
2.247408364609519427e-01,2.247272826555612446e-01,2.250790637131621086e-01,2.250606606562990386e-01,-2.249231981390262536e-01,2.244773615157923119e-01,2.247721240127392717e-01,-2.248968151316262931e-01,2.250078242774094794e-01,2.247225089629256711e-01
-9.744185735231197798e-01,-9.744216994865455561e-01,-9.743405026365300481e-01,-9.743447536806210119e-01,9.743764954774474241e-01,-9.744793041244683707e-01,-9.744113568030710049e-01,9.743825853039714824e-01,-9.743569566713968788e-01,-9.744228004133562715e-01
9.744185735231197798e-01,9.744216994865455561e-01,9.743405026365300481e-01,9.743447536806210119e-01,9.743764954774474241e-01,9.744793041244683707e-01,9.744113568030710049e-01,9.743825853039714824e-01,9.743569566713968788e-01,9.744228004133562715e-01
2.247408364609519427e-01,2.247272826555612446e-01,2.250790637131621086e-01,2.250606606562990386e-01,2.249231981390262536e-01,2.244773615157923119e-01,2.247721240127392717e-01,2.248968151316262931e-01,2.250078242774094794e-01,2.247225089629256711e-01
1.732336771025900501e-01,1.732267928148470693e-01,1.735371325659404718e-01,1.735202724177459244e-01,-1.734133094886665394e-01,1.730086522444360120e-01,1.732714561862108982e-01,1.733754290004377585e-01,1.734758019317617361e-01,1.732292300388291462e-01
-9.848807507091990043e-01,-9.848819615827483220e-01,-9.848273268044459572e-01,-9.848302975944999149e-01,9.848491377323675966e-01,-9.849203045163419379e-01,-9.848741048840252699e-01,-9.848558070189331604e-01,-9.848381319506938070e-01,-9.848815329064478652e-01
9.848807507091990043e-01,9.848819615827483220e-01,9.848273268044459572e-01,9.848302975944999149e-01,9.848491377323675966e-01,9.849203045163419379e-01,9.848741048840252699e-01,9.848558070189331604e-01,9.848381319506938070e-01,9.848815329064478652e-01
1.732336771025900501e-01,1.732267928148470693e-01,1.735371325659404718e-01,1.735202724177459244e-01,1.734133094886665394e-01,1.730086522444360120e-01,1.732714561862108982e-01,1.733754290004377585e-01,1.734758019317617361e-01,1.732292300388291462e-01
1.215259073311425464e-01,1.215219979038645454e-01,1.218664899926183154e-01,1.218473976226160660e-01,-1.217393544913898673e-01,1.212803832245809010e-01,1.215751274159910800e-01,1.216864998252486507e-01,1.217998077057030754e-01,1.215292656104302871e-01
-9.925882599785990079e-01,-9.925887386150686886e-01,-9.925465019921629883e-01,-9.925488459983197176e-01,9.925621036328253766e-01,-9.926182894974778792e-01,-9.925822325599958917e-01,-9.925685849150576168e-01,-9.925546870791823739e-01,-9.925878488074442174e-01
9.925882599785990079e-01,9.925887386150686886e-01,9.925465019921629883e-01,9.925488459983197176e-01,9.925621036328253766e-01,9.926182894974778792e-01,9.925822325599958917e-01,9.925685849150576168e-01,9.925546870791823739e-01,9.925878488074442174e-01
1.215259073311425464e-01,1.215219979038645454e-01,1.218664899926183154e-01,1.218473976226160660e-01,1.217393544913898673e-01,1.212803832245809010e-01,1.215751274159910800e-01,1.216864998252486507e-01,1.217998077057030754e-01,1.215292656104302871e-01
5.756808926382955827e-02,5.756468153779642494e-02,5.802180482546544921e-02,5.799642478036635268e-02,-5.785603477841784470e-02,5.724354946179007614e-02,5.763600338350201996e-02,5.778293333475855581e-02,5.793394975253143842e-02,5.757525091673753453e-02
-9.983415823747459061e-01,-9.983417788710697849e-01,-9.983153160023117145e-01,-9.983167907596742774e-01,9.983249367013318221e-01,-9.983602436220182508e-01,-9.983376638762944122e-01,-9.983291704719595705e-01,-9.983204182355837064e-01,-9.983411693814268073e-01
9.983415823747459061e-01,9.983417788710697849e-01,9.983153160023117145e-01,9.983167907596742774e-01,9.983249367013318221e-01,9.983602436220182508e-01,9.983376638762944122e-01,9.983291704719595705e-01,9.983204182355837064e-01,9.983411693814268073e-01
5.756808926382955827e-02,5.756468153779642494e-02,5.802180482546544921e-02,5.799642478036635268e-02,5.785603477841784470e-02,5.724354946179007614e-02,5.763600338350201996e-02,5.778293333475855581e-02,5.793394975253143842e-02,5.757525091673753453e-02
-3.142892448010812384e-02,-3.143355259353691061e-02,-3.078293969208091910e-02,-3.081898519102731215e-02,-3.102073660623783091e-02,-3.189067591548340463e-02,-3.133268266704081206e-02,-3.112280685662450336e-02,-3.090810637996268748e-02,-3.141945591750466144e-02
-9.995059893297407738e-01,-9.995058437904948967e-01,-9.995260930180429604e-01,-9.995249822549685526e-01,-9.995187411451604831e-01,-9.994913630390478421e-01,-9.995090109633262276e-01,-9.995155681095543310e-01,-9.995222303480820747e-01,-9.995062870186700588e-01
9.995059893297407738e-01,9.995058437904948967e-01,9.995260930180429604e-01,9.995249822549685526e-01,9.995187411451604831e-01,9.994913630390478421e-01,9.995090109633262276e-01,9.995155681095543310e-01,9.995222303480820747e-01,9.995062870186700588e-01
-3.142892448010812384e-02,-3.143355259353691061e-02,-3.078293969208091910e-02,-3.081898519102731215e-02,-3.102073660623783091e-02,-3.189067591548340463e-02,-3.133268266704081206e-02,-3.112280685662450336e-02,-3.090810637996268748e-02,-3.141945591750466144e-02
-1.567443705681386690e-01,-1.567513533859067054e-01,-1.558562299587153144e-01,-1.559060079021832856e-01,1.561822639057666162e-01,-1.573781207436261431e-01,-1.566115484132246105e-01,-1.563240926207950798e-01,-1.560287553826893714e-01,-1.567304621475923698e-01
-9.876392065401201625e-01,-9.876380982990107249e-01,-9.877797505431339387e-01,-9.877718950749735383e-01,9.877282523251369462e-01,-9.875384180431688863e-01,-9.876602770708217127e-01,-9.877058155474659484e-01,-9.877525132814032327e-01,-9.876414137909578228e-01
9.876392065401201625e-01,9.876380982990107249e-01,9.877797505431339387e-01,9.877718950749735383e-01,9.877282523251369462e-01,9.875384180431688863e-01,9.876602770708217127e-01,9.877058155474659484e-01,9.877525132814032327e-01,9.876414137909578228e-01
-1.567443705681386690e-01,-1.567513533859067054e-01,-1.558562299587153144e-01,-1.559060079021832856e-01,-1.561822639057666162e-01,-1.573781207436261431e-01,-1.566115484132246105e-01,-1.563240926207950798e-01,-1.560287553826893714e-01,-1.567304621475923698e-01
-3.190193335477678471e-01,-3.190289368352203225e-01,-3.179476668628211100e-01,-3.180085436832494894e-01,3.183299380090908182e-01,-3.197802541420430300e-01,-3.188543854673460687e-01,-3.185139628529455869e-01,-3.181560538881424982e-01,-3.189956507335910962e-01
-9.477482075017278351e-01,-9.477449749071682472e-01,-9.481082644595438813e-01,-9.480878472717909622e-01,9.479799842650310504e-01,-9.474917356161215443e-01,-9.478037143144359966e-01,-9.479181691832435641e-01,-9.480383564889793835e-01,-9.477561789896454814e-01
9.477482075017278351e-01,9.477449749071682472e-01,9.481082644595438813e-01,9.480878472717909622e-01,9.479799842650310504e-01,9.474917356161215443e-01,9.478037143144359966e-01,9.479181691832435641e-01,9.480383564889793835e-01,9.477561789896454814e-01
-3.190193335477678471e-01,-3.190289368352203225e-01,-3.179476668628211100e-01,-3.180085436832494894e-01,-3.183299380090908182e-01,-3.197802541420430300e-01,-3.188543854673460687e-01,-3.185139628529455869e-01,-3.181560538881424982e-01,-3.189956507335910962e-01
-4.959494684240712270e-01,-4.959597615796340619e-01,-4.949044789283929546e-01,-4.949651145504939675e-01,4.952556717552092924e-01,-4.966843321919202081e-01,-4.957793167150845726e-01,4.954591026696258949e-01,-4.951072909802036737e-01,-4.959131290723985952e-01
-8.683513832371554386e-01,-8.683455043321595124e-01,-8.689473843315346224e-01,-8.689128468252823589e-01,8.687472702658101120e-01,-8.679312611924208110e-01,-8.684485414332411279e-01,8.686312667535109888e-01,-8.688318424288121733e-01,-8.683721370550889773e-01
8.683513832371554386e-01,8.683455043321595124e-01,8.689473843315346224e-01,8.689128468252823589e-01,8.687472702658101120e-01,8.679312611924208110e-01,8.684485414332411279e-01,8.686312667535109888e-01,8.688318424288121733e-01,8.683721370550889773e-01
-4.959494684240712270e-01,-4.959597615796340619e-01,-4.949044789283929546e-01,-4.949651145504939675e-01,-4.952556717552092924e-01,-4.966843321919202081e-01,-4.957793167150845726e-01,-4.954591026696258949e-01,-4.951072909802036737e-01,-4.959131290723985952e-01
-6.497662779096906593e-01,-6.497732832740267250e-01,-6.489611366213278165e-01,-6.490091084144635758e-01,6.492071887943652309e-01,-6.503224218494328968e-01,6.496236166500470866e-01,6.493899954400293995e-01,-6.491161517672044967e-01,-6.497224957054075212e-01
-7.601340566580258029e-01,-7.601280683827504880e-01,-7.608215580247147392e-01,-7.607806367114393620e-01,7.606116131230954425e-01,-7.596583097945339702e-01,7.602559810290956399e-01,7.604555436200058915e-01,-7.606893068230521360e-01,-7.601714797164760284e-01
7.601340566580258029e-01,7.601280683827504880e-01,7.608215580247147392e-01,7.607806367114393620e-01,7.606116131230954425e-01,7.596583097945339702e-01,7.602559810290956399e-01,7.604555436200058915e-01,7.606893068230521360e-01,7.601714797164760284e-01
-6.497662779096906593e-01,-6.497732832740267250e-01,-6.489611366213278165e-01,-6.490091084144635758e-01,-6.492071887943652309e-01,-6.503224218494328968e-01,-6.496236166500470866e-01,-6.493899954400293995e-01,-6.491161517672044967e-01,-6.497224957054075212e-01
-7.581654012919849528e-01,-7.581671638986468009e-01,-7.576465429687463393e-01,-7.576784433978041022e-01,7.577834702370430664e-01,-7.585125980202129803e-01,7.580622389708258080e-01,7.579230969875107027e-01,-7.577446174633897247e-01,-7.581224214697870334e-01
-6.520622855860959133e-01,-6.520602361637171107e-01,-6.526650871063256476e-01,-6.526280536494587503e-01,6.525061013013626621e-01,-6.516583757189244874e-01,6.521822152179086451e-01,6.523439116392982795e-01,-6.525512199860338258e-01,-6.521122557234960704e-01
6.520622855860959133e-01,6.520602361637171107e-01,6.526650871063256476e-01,6.526280536494587503e-01,6.525061013013626621e-01,6.516583757189244874e-01,6.521822152179086451e-01,6.523439116392982795e-01,6.525512199860338258e-01,6.521122557234960704e-01
-7.581654012919849528e-01,-7.581671638986468009e-01,-7.576465429687463393e-01,-7.576784433978041022e-01,-7.577834702370430664e-01,-7.585125980202129803e-01,-7.580622389708258080e-01,-7.579230969875107027e-01,-7.577446174633897247e-01,-7.581224214697870334e-01
-8.246355658000641409e-01,-8.246332028036723605e-01,-8.243323488781009178e-01,-8.243517597830776200e-01,8.243945016449508723e-01,8.248277328681554721e-01,8.245653949840695551e-01,8.244934547756396226e-01,-8.243877633960041695e-01,-8.245977256448945303e-01
-5.656643736506727915e-01,-5.656678184533370235e-01,-5.661061548800832011e-01,-5.660778887596150666e-01,5.660156408241497905e-01,5.653841270247856876e-01,5.657666563122693004e-01,5.658714898562486884e-01,-5.660254548718932632e-01,-5.657195337455366291e-01
5.656643736506727915e-01,5.656678184533370235e-01,5.661061548800832011e-01,5.660778887596150666e-01,5.660156408241497905e-01,5.653841270247856876e-01,5.657666563122693004e-01,5.658714898562486884e-01,5.660254548718932632e-01,5.657195337455366291e-01
-8.246355658000641409e-01,-8.246332028036723605e-01,-8.243323488781009178e-01,-8.243517597830776200e-01,-8.243945016449508723e-01,-8.248277328681554721e-01,-8.245653949840695551e-01,-8.244934547756396226e-01,-8.243877633960041695e-01,-8.245977256448945303e-01
-8.625411471649826467e-01,-8.625364285806943476e-01,-8.623726267960832859e-01,-8.623840696384498239e-01,8.623918024124229698e-01,8.626379614440814469e-01,8.624933606277356279e-01,8.624614551786494721e-01,-8.624016405123194895e-01,-8.625089063328711392e-01
-5.059869261624412307e-01,-5.059949697094437981e-01,-5.062740883679738291e-01,-5.062545964569853396e-01,5.062414237612843371e-01,5.058218534974536773e-01,5.060683776655827693e-01,5.061227502603755646e-01,-5.062246639997504127e-01,-5.060418821564814928e-01
5.059869261624412307e-01,5.059949697094437981e-01,5.062740883679738291e-01,5.062545964569853396e-01,5.062414237612843371e-01,5.058218534974536773e-01,5.060683776655827693e-01,5.061227502603755646e-01,5.062246639997504127e-01,5.060418821564814928e-01
-8.625411471649826467e-01,-8.625364285806943476e-01,-8.623726267960832859e-01,-8.623840696384498239e-01,-8.623918024124229698e-01,-8.626379614440814469e-01,-8.624933606277356279e-01,-8.624614551786494721e-01,-8.624016405123194895e-01,-8.625089063328711392e-01
-8.831208524204648969e-01,-8.831149448012203251e-01,-8.830322924755004133e-01,-8.830389332842326633e-01,8.830278065278464039e-01,8.831618583492807373e-01,8.830872734615541342e-01,8.830782018029393887e-01,-8.830458038692968747e-01,-8.830931432642973311e-01
-4.691455637860723060e-01,-4.691566841352017847e-01,-4.693122312975259169e-01,-4.692997361007615886e-01,4.693206717145753104e-01,4.690683659734955491e-01,4.692087674481779103e-01,4.692258406146097016e-01,-4.692868081129357716e-01,-4.691977198576131602e-01
4.691455637860723060e-01,4.691566841352017847e-01,4.693122312975259169e-01,4.692997361007615886e-01,4.693206717145753104e-01,4.690683659734955491e-01,4.692087674481779103e-01,4.692258406146097016e-01,4.692868081129357716e-01,4.691977198576131602e-01
-8.831208524204648969e-01,-8.831149448012203251e-01,-8.830322924755004133e-01,-8.830389332842326633e-01,-8.830278065278464039e-01,-8.831618583492807373e-01,-8.830872734615541342e-01,-8.830782018029393887e-01,-8.830458038692968747e-01,-8.830931432642973311e-01
-8.933481631081738872e-01,-8.933416366888807802e-01,-8.933079831133396986e-01,-8.933116924373272205e-01,8.932900052032154425e-01,8.933557063822129551e-01,8.933235787673212691e-01,8.933279312359858615e-01,-8.933122035704820219e-01,-8.933237155333049184e-01
-4.493651738522374539e-01,-4.493781482871986865e-01,-4.494450436994240072e-01,-4.494376710454499046e-01,4.494807744543026229e-01,4.493501773387179044e-01,4.494140447497670943e-01,4.494053930179676137e-01,-4.494366551050880676e-01,-4.494137728928327413e-01
4.493651738522374539e-01,4.493781482871986865e-01,4.494450436994240072e-01,4.494376710454499046e-01,4.494807744543026229e-01,4.493501773387179044e-01,4.494140447497670943e-01,4.494053930179676137e-01,4.494366551050880676e-01,4.494137728928327413e-01
-8.933481631081738872e-01,-8.933416366888807802e-01,-8.933079831133396986e-01,-8.933116924373272205e-01,-8.932900052032154425e-01,-8.933557063822129551e-01,-8.933235787673212691e-01,-8.933279312359858615e-01,-8.933122035704820219e-01,-8.933237155333049184e-01
-8.971538638951962463e-01,-8.971469453673351913e-01,-8.971445800682841254e-01,-8.971464159679919392e-01,8.971182159325554739e-01,8.971400184834660285e-01,8.971351032187168117e-01,8.971479454511263052e-01,-8.971428950593721696e-01,-8.971316069340855570e-01
-4.417181731578628257e-01,-4.417322247901547261e-01,-4.417370286200850704e-01,-4.417332999851685815e-01,4.417905687562700967e-01,4.417462928372870024e-01,4.417562750802103699e-01,4.417301936395371387e-01,-4.417404507677424319e-01,-4.417633753944134600e-01
-4.417181731578628257e-01,4.417322247901547261e-01,-4.417370286200850704e-01,-4.417332999851685815e-01,4.417905687562700967e-01,-4.417462928372870024e-01,-4.417562750802103699e-01,-4.417301936395371387e-01,-4.417404507677424319e-01,-4.417633753944134600e-01
8.971538638951962463e-01,-8.971469453673351913e-01,8.971445800682841254e-01,8.971464159679919392e-01,-8.971182159325554739e-01,8.971400184834660285e-01,8.971351032187168117e-01,8.971479454511263052e-01,8.971428950593721696e-01,8.971316069340855570e-01
-8.967142554771083685e-01,-8.967070031299718691e-01,-8.967261547148317469e-01,-8.967267187929638395e-01,8.966939153248867367e-01,8.966855255946832859e-01,8.966993727376659784e-01,8.967181344192673986e-01,-8.967204079560099350e-01,-8.966933591969352690e-01
-4.426099230972290188e-01,-4.426246158288814070e-01,-4.425858147866372772e-01,-4.425846719022301645e-01,4.426511292421209665e-01,4.426681242070483191e-01,4.426400737979744315e-01,4.426020643915122843e-01,-4.425974581436356026e-01,-4.426522558082314762e-01
-4.426099230972290188e-01,-4.426246158288814070e-01,4.425858147866372772e-01,-4.425846719022301645e-01,-4.426511292421209665e-01,-4.426681242070483191e-01,-4.426400737979744315e-01,-4.426020643915122843e-01,-4.425974581436356026e-01,-4.426522558082314762e-01
8.967142554771083685e-01,8.967070031299718691e-01,-8.967261547148317469e-01,8.967267187929638395e-01,8.966939153248867367e-01,8.966855255946832859e-01,8.966993727376659784e-01,8.967181344192673986e-01,8.967204079560099350e-01,8.966933591969352690e-01
