-6.545236585626802439e-01,-8.221483964094685737e-01,-9.856990253637515353e-01,-9.128610887796699824e-01,6.782071112395277046e-01,9.574367969407492351e-01,7.983968385655544342e-01,4.225409235410624853e-01,-7.356158246469587381e-01,-9.944693295636541919e-01
-7.560415202763164366e-01,-5.692732334137443617e-01,1.685153743637363699e-01,4.082702935458268345e-01,7.348708146770661642e-01,2.886429972541139644e-01,6.021316203028437286e-01,9.063438464142987705e-01,-6.773989655505645580e-01,-1.050273895572770844e-01
-7.560415202763164366e-01,-5.692732334137443617e-01,1.685153743637363699e-01,4.082702935458268345e-01,7.348708146770661642e-01,2.886429972541139644e-01,6.021316203028437286e-01,9.063438464142987705e-01,-6.773989655505645580e-01,-1.050273895572770844e-01
6.545236585626802439e-01,8.221483964094685737e-01,9.856990253637515353e-01,9.128610887796699824e-01,-6.782071112395277046e-01,-9.574367969407492351e-01,-7.983968385655544342e-01,-4.225409235410624853e-01,7.356158246469587381e-01,9.944693295636541919e-01
-1.152257727749947808e-01,-2.842816996772071780e-01,7.819777154079070314e-02,-2.645944321852610262e-02,-1.314343957369294158e-01,-2.273146563970751197e-02,-2.062432204330660601e-01,1.306434347543037056e-01,-3.874673656236132802e-02,1.879678925341430468e-02
-9.933393283709274213e-01,-9.587407966852345975e-01,-9.969378659304973800e-01,9.996498876429514846e-01,-9.913248708759748729e-01,-9.997416068514256571e-01,-9.785007583162099731e-01,9.914294190488791569e-01,-9.992490632498820524e-01,9.998233247498095055e-01
-9.933393283709274213e-01,-9.587407966852345975e-01,-9.969378659304973800e-01,9.996498876429514846e-01,9.913248708759748729e-01,-9.997416068514256571e-01,9.785007583162099731e-01,9.914294190488791569e-01,-9.992490632498820524e-01,-9.998233247498095055e-01
1.152257727749947808e-01,2.842816996772071780e-01,-7.819777154079070314e-02,2.645944321852610262e-02,-1.314343957369294158e-01,2.273146563970751197e-02,-2.062432204330660601e-01,-1.306434347543037056e-01,3.874673656236132802e-02,1.879678925341430468e-02
4.677207701850440852e-02,1.201770353535383485e-03,1.556050129996915388e-01,-1.163433237671360754e-01,4.017086157309242289e-02,9.566692606816515343e-02,2.371255162343094761e-02,1.568065756263209085e-02,-8.496662163521104261e-02,-1.138240910088089697e-01
-9.989055875363672676e-01,9.999992778737478716e-01,-9.878193559195757034e-01,9.932090570543622432e-01,-9.991928251746381440e-01,-9.954134011839845808e-01,-9.997188179160710897e-01,-9.998770509309649057e-01,9.963837981460249571e-01,9.935009191269116302e-01
9.989055875363672676e-01,-9.999992778737478716e-01,-9.878193559195757034e-01,9.932090570543622432e-01,9.991928251746381440e-01,9.954134011839845808e-01,9.997188179160710897e-01,9.998770509309649057e-01,-9.963837981460249571e-01,-9.935009191269116302e-01
4.677207701850440852e-02,1.201770353535383485e-03,-1.556050129996915388e-01,1.163433237671360754e-01,4.017086157309242289e-02,9.566692606816515343e-02,2.371255162343094761e-02,1.568065756263209085e-02,-8.496662163521104261e-02,-1.138240910088089697e-01
1.689968365265920314e-01,-1.715619264663830745e-01,2.311467077215526578e-01,-2.014714458149889920e-01,1.670175031655148079e-01,1.930681753118995425e-01,1.724413879591927545e-01,1.405357448790611752e-01,-1.863864882605967555e-01,-2.109619913332173302e-01
-9.856165934297190789e-01,9.851733377366356237e-01,-9.729189069544733615e-01,9.794943882030248128e-01,-9.859539307880248460e-01,-9.811853442045156415e-01,-9.850197803692611886e-01,-9.900756054015709129e-01,9.824765020059677001e-01,9.774942650536232458e-01
9.856165934297190789e-01,-9.851733377366356237e-01,-9.729189069544733615e-01,9.794943882030248128e-01,9.859539307880248460e-01,9.811853442045156415e-01,9.850197803692611886e-01,9.900756054015709129e-01,-9.824765020059677001e-01,-9.774942650536232458e-01
1.689968365265920314e-01,-1.715619264663830745e-01,-2.311467077215526578e-01,2.014714458149889920e-01,1.670175031655148079e-01,1.930681753118995425e-01,1.724413879591927545e-01,1.405357448790611752e-01,-1.863864882605967555e-01,-2.109619913332173302e-01
-2.473431024467150630e-01,-2.655948791342893078e-01,2.776580138384456831e-01,-2.579154805271600681e-01,2.475717602942800466e-01,2.560135666158515066e-01,2.587865368955679646e-01,2.279072680976436949e-01,-2.525274555615840688e-01,-2.695049716575647625e-01
9.689279589691041084e-01,9.640847266592506015e-01,-9.606799817583843160e-01,9.661674828436548346e-01,-9.688695595924106119e-01,-9.666731886778647809e-01,-9.659345362505674659e-01,-9.736828421761724028e-01,9.675897292693800278e-01,9.629989980534015004e-01
-9.689279589691041084e-01,-9.640847266592506015e-01,-9.606799817583843160e-01,9.661674828436548346e-01,9.688695595924106119e-01,-9.666731886778647809e-01,-9.659345362505674659e-01,9.736828421761724028e-01,-9.675897292693800278e-01,-9.629989980534015004e-01
-2.473431024467150630e-01,-2.655948791342893078e-01,-2.776580138384456831e-01,2.579154805271600681e-01,2.475717602942800466e-01,-2.560135666158515066e-01,-2.587865368955679646e-01,2.279072680976436949e-01,-2.525274555615840688e-01,-2.695049716575647625e-01
-2.805855877407522625e-01,-2.997152605010443560e-01,-2.915553655425719426e-01,-2.799650072669200851e-01,2.816321959956254450e-01,2.811232096713160988e-01,2.920522848140471583e-01,2.697487616484548489e-01,-2.797164534793925017e-01,-2.898815863136585125e-01
9.598290097471408044e-01,9.540287011525341310e-01,9.565539549985339063e-01,9.600102055218129316e-01,-9.595224365165632152e-01,-9.596716839545162969e-01,-9.564023541035933107e-01,-9.629307376904765459e-01,9.600826556359148833e-01,9.570625193352191307e-01
-9.598290097471408044e-01,-9.540287011525341310e-01,-9.565539549985339063e-01,9.600102055218129316e-01,9.595224365165632152e-01,-9.596716839545162969e-01,-9.564023541035933107e-01,-9.629307376904765459e-01,-9.600826556359148833e-01,-9.570625193352191307e-01
-2.805855877407522625e-01,-2.997152605010443560e-01,-2.915553655425719426e-01,2.799650072669200851e-01,2.816321959956254450e-01,-2.811232096713160988e-01,-2.920522848140471583e-01,-2.697487616484548489e-01,-2.797164534793925017e-01,-2.898815863136585125e-01
-2.788149151356040800e-01,-2.943313369650565892e-01,-2.792101797448838796e-01,-2.734121062222802379e-01,2.800293425692748639e-01,2.757255971079233814e-01,2.879046598946274349e-01,2.740289690340955708e-01,-2.754790922894995719e-01,-2.807295293983211870e-01
9.603448563395993176e-01,9.557034393996717281e-01,9.602300117819843051e-01,9.618969904158636286e-01,-9.599914412640455641e-01,-9.612363887720226652e-01,-9.576590765042426456e-01,-9.617214379071055141e-01,9.613070631756290840e-01,9.597869197503146044e-01
-9.603448563395993176e-01,-9.557034393996717281e-01,9.602300117819843051e-01,-9.618969904158636286e-01,9.599914412640455641e-01,-9.612363887720226652e-01,-9.576590765042426456e-01,-9.617214379071055141e-01,-9.613070631756290840e-01,-9.597869197503146044e-01
-2.788149151356040800e-01,-2.943313369650565892e-01,2.792101797448838796e-01,-2.734121062222802379e-01,2.800293425692748639e-01,-2.757255971079233814e-01,-2.879046598946274349e-01,-2.740289690340955708e-01,-2.754790922894995719e-01,-2.807295293983211870e-01
-2.555611642624035507e-01,-2.668443159854723135e-01,-2.506846033862173417e-01,-2.486790947062456347e-01,2.566809913996904724e-01,2.512154990752128447e-01,2.620296105791521390e-01,2.545300701145317146e-01,-2.515458954722661344e-01,-2.535749288872141127e-01
9.667928895688283619e-01,9.637396489852668724e-01,9.680688145091211894e-01,9.685859320969317787e-01,-9.664961813965289306e-01,-9.679311819671847505e-01,-9.650598339894465028e-01,-9.670648599796662914e-01,9.678453711575293328e-01,9.673157475405039785e-01
-9.667928895688283619e-01,-9.637396489852668724e-01,-9.680688145091211894e-01,-9.685859320969317787e-01,-9.664961813965289306e-01,-9.679311819671847505e-01,-9.650598339894465028e-01,-9.670648599796662914e-01,-9.678453711575293328e-01,-9.673157475405039785e-01
-2.555611642624035507e-01,-2.668443159854723135e-01,-2.506846033862173417e-01,-2.486790947062456347e-01,-2.566809913996904724e-01,-2.512154990752128447e-01,-2.620296105791521390e-01,-2.545300701145317146e-01,-2.515458954722661344e-01,-2.535749288872141127e-01
-2.228992503484295284e-01,-2.305566850444125959e-01,-2.156092908998963331e-01,-2.159904114011680643e-01,2.238405083349302438e-01,-2.183684034203609570e-01,2.271753895250208377e-01,2.240654526426709980e-01,-2.189638374613409599e-01,-2.189606863106049739e-01
9.748414867013549534e-01,9.730588959468647881e-01,9.764797149340298521e-01,9.763954845157541973e-01,-9.746257880993915990e-01,9.758664049897621817e-01,-9.738538609022171499e-01,-9.745740982254941231e-01,9.757329746832397177e-01,9.757336818263415701e-01
-9.748414867013549534e-01,9.730588959468647881e-01,-9.764797149340298521e-01,-9.763954845157541973e-01,-9.746257880993915990e-01,-9.758664049897621817e-01,-9.738538609022171499e-01,-9.745740982254941231e-01,-9.757329746832397177e-01,-9.757336818263415701e-01
-2.228992503484295284e-01,2.305566850444125959e-01,-2.156092908998963331e-01,-2.159904114011680643e-01,-2.238405083349302438e-01,-2.183684034203609570e-01,-2.271753895250208377e-01,-2.240654526426709980e-01,-2.189638374613409599e-01,-2.189606863106049739e-01
1.890297439968031679e-01,-1.938600333035135903e-01,-1.805936646052866412e-01,1.825436810168218349e-01,1.897858092440309896e-01,1.846673235907831945e-01,1.916197137234142145e-01,1.915241561234454493e-01,-1.853959202306960097e-01,-1.840477818393148890e-01
-9.819713620490686523e-01,9.810291980810562640e-01,9.835577910343822339e-01,-9.831977443631718661e-01,-9.818255173958294613e-01,-9.828010885208752212e-01,-9.814692482765605686e-01,-9.814878998852721859e-01,9.826639063086695103e-01,9.829172976400545325e-01
-9.819713620490686523e-01,9.810291980810562640e-01,-9.835577910343822339e-01,9.831977443631718661e-01,-9.818255173958294613e-01,-9.828010885208752212e-01,-9.814692482765605686e-01,-9.814878998852721859e-01,9.826639063086695103e-01,9.829172976400545325e-01
-1.890297439968031679e-01,1.938600333035135903e-01,-1.805936646052866412e-01,1.825436810168218349e-01,-1.897858092440309896e-01,-1.846673235907831945e-01,-1.916197137234142145e-01,-1.915241561234454493e-01,1.853959202306960097e-01,1.840477818393148890e-01
1.579476771029327542e-01,-1.604937835936251223e-01,-1.486877207708477977e-01,1.518799692559728576e-01,1.585329114549948737e-01,1.537692251693419665e-01,1.591832038240854064e-01,1.614247699648340417e-01,-1.546042396824401921e-01,-1.521827863608778142e-01
-9.874474828049274455e-01,9.870368510991889277e-01,9.888842003450003526e-01,-9.883989452335553150e-01,-9.873536934582270996e-01,-9.881067884549827873e-01,-9.872490605821306886e-01,-9.868850204769550327e-01,9.879764820440890549e-01,9.883523660797496335e-01
-9.874474828049274455e-01,9.870368510991889277e-01,-9.888842003450003526e-01,9.883989452335553150e-01,-9.873536934582270996e-01,-9.881067884549827873e-01,-9.872490605821306886e-01,-9.868850204769550327e-01,9.879764820440890549e-01,9.883523660797496335e-01
-1.579476771029327542e-01,1.604937835936251223e-01,-1.486877207708477977e-01,1.518799692559728576e-01,-1.585329114549948737e-01,-1.537692251693419665e-01,-1.591832038240854064e-01,-1.614247699648340417e-01,1.546042396824401921e-01,1.521827863608778142e-01
-1.307140892316966951e-01,-1.310797199297447646e-01,-1.204379097596550152e-01,1.249309707049563595e-01,1.311289036023277899e-01,1.266208634137724609e-01,-1.306553614967880528e-01,1.351953804671752468e-01,-1.275955148807485784e-01,-1.240433086461778384e-01
9.914201061489160693e-01,9.913718308602174067e-01,9.927208620215074442e-01,-9.921654360834776254e-01,-9.913653265270333526e-01,-9.919511867770262059e-01,9.914278473555923066e-01,-9.908189587913301954e-01,9.918262875031681469e-01,9.922768049189244488e-01
-9.914201061489160693e-01,9.913718308602174067e-01,-9.927208620215074442e-01,9.921654360834776254e-01,-9.913653265270333526e-01,-9.919511867770262059e-01,-9.914278473555923066e-01,-9.908189587913301954e-01,9.918262875031681469e-01,9.922768049189244488e-01
-1.307140892316966951e-01,1.310797199297447646e-01,-1.204379097596550152e-01,1.249309707049563595e-01,-1.311289036023277899e-01,-1.266208634137724609e-01,-1.306553614967880528e-01,-1.351953804671752468e-01,1.275955148807485784e-01,1.240433086461778384e-01
-1.070453026319853340e-01,-1.047705113952887013e-01,-9.524820681510677567e-02,1.014524006860979682e-01,1.072506836644518818e-01,-1.029357984174059104e-01,-1.054144014353426556e-01,1.128446524113393135e-01,-1.041295026388019684e-01,-9.907993454967166380e-02
9.942541441625608600e-01,9.944964253037662516e-01,9.954535544657554524e-01,-9.948403944327088855e-01,-9.942320105757548321e-01,9.946880020409269996e-01,9.944283805131610698e-01,-9.936126430466574178e-01,9.945637469163028932e-01,9.950794775140489046e-01
-9.942541441625608600e-01,9.944964253037662516e-01,-9.954535544657554524e-01,9.948403944327088855e-01,-9.942320105757548321e-01,-9.946880020409269996e-01,-9.944283805131610698e-01,-9.936126430466574178e-01,9.945637469163028932e-01,9.950794775140489046e-01
-1.070453026319853340e-01,1.047705113952887013e-01,-9.524820681510677567e-02,1.014524006860979682e-01,-1.072506836644518818e-01,-1.029357984174059104e-01,-1.054144014353426556e-01,-1.128446524113393135e-01,1.041295026388019684e-01,9.907993454967166380e-02
-8.616596472682401531e-02,-7.994333352053681341e-02,-7.192909282623292933e-02,8.077439555436696783e-02,8.605279133898538491e-02,-8.196358715010999829e-02,-8.217746455910217296e-02,-9.398833136216316886e-02,-8.352731710492782013e-02,-7.615374668366482747e-02
9.962807970259668355e-01,9.967994098240750001e-01,9.974097481001450438e-01,-9.967324099390100223e-01,-9.962905786480010795e-01,9.966353246707073676e-01,9.966177122240190700e-01,9.955732989427529267e-01,9.965054878410117833e-01,9.970960870778907692e-01
9.962807970259668355e-01,9.967994098240750001e-01,-9.974097481001450438e-01,9.967324099390100223e-01,-9.962905786480010795e-01,-9.966353246707073676e-01,-9.966177122240190700e-01,-9.955732989427529267e-01,9.965054878410117833e-01,9.970960870778907692e-01
8.616596472682401531e-02,7.994333352053681341e-02,-7.192909282623292933e-02,8.077439555436696783e-02,-8.605279133898538491e-02,-8.196358715010999829e-02,-8.217746455910217296e-02,-9.398833136216316886e-02,8.352731710492782013e-02,7.615374668366482747e-02
-6.549112768193304790e-02,-5.207334491779704727e-02,-4.638821937114770422e-02,-6.031056187847561728e-02,6.479954069766707958e-02,-6.099717141042058921e-02,-5.717372721284322973e-02,-7.713798169334505628e-02,-6.330341713614423549e-02,-5.149044769776493780e-02
9.978531516184879768e-01,9.986432630069019822e-01,9.989234871117880221e-01,9.981796612463623708e-01,-9.978983011937492265e-01,9.981379389042016603e-01,9.983642446104484813e-01,9.970204269623956783e-01,9.979943273280101890e-01,9.986734870796777352e-01
9.978531516184879768e-01,9.986432630069019822e-01,-9.989234871117880221e-01,9.981796612463623708e-01,-9.978983011937492265e-01,-9.981379389042016603e-01,-9.983642446104484813e-01,-9.970204269623956783e-01,9.979943273280101890e-01,9.986734870796777352e-01
6.549112768193304790e-02,5.207334491779704727e-02,-4.638821937114770422e-02,6.031056187847561728e-02,-6.479954069766707958e-02,-6.099717141042058921e-02,-5.717372721284322973e-02,-7.713798169334505628e-02,6.330341713614423549e-02,5.149044769776493780e-02
-2.608499918977897139e-02,6.243641439058402777e-03,1.183887403667444049e-02,-1.908363112248088675e-02,2.398594070390305116e-02,-1.909144076496827741e-02,-6.057582204691228968e-03,-4.986774849854095498e-02,-2.394234449768567821e-02,2.107776939543241392e-03
9.996597285162935886e-01,9.999805082808266299e-01,9.999299180750337301e-01,9.998178909297337214e-01,-9.997122959374605822e-01,9.998177418357395707e-01,9.999816526806049044e-01,9.987558298501623133e-01,9.997133409832811290e-01,9.999977786357195919e-01
9.996597285162935886e-01,9.999805082808266299e-01,-9.999299180750337301e-01,9.998178909297337214e-01,-9.997122959374605822e-01,-9.998177418357395707e-01,-9.999816526806049044e-01,-9.987558298501623133e-01,9.997133409832811290e-01,9.999977786357195919e-01
2.608499918977897139e-02,-6.243641439058402777e-03,1.183887403667444049e-02,1.908363112248088675e-02,-2.398594070390305116e-02,-1.909144076496827741e-02,-6.057582204691228968e-03,-4.986774849854095498e-02,2.394234449768567821e-02,-2.107776939543241392e-03
8.777663053837724272e-01,7.723663936730132962e-01,-9.136333070397603118e-01,9.283819036232578981e-01,-8.643719379731152896e-01,-9.126153043069434867e-01,-8.162942897823745048e-01,-8.805257661306166161e-01,9.133340965369090014e-01,8.965935159758456896e-01
4.790890450980087034e-01,6.351772618132230930e-01,-4.065392727247775784e-01,3.716275568695840414e-01,-5.028530131605067899e-01,-4.088194055383685410e-01,-5.776362458058608151e-01,-4.739982860518489050e-01,4.072110363228239605e-01,4.428544536414544264e-01
-4.790890450980087034e-01,6.351772618132230930e-01,-4.065392727247775784e-01,-3.716275568695840414e-01,-5.028530131605067899e-01,-4.088194055383685410e-01,-5.776362458058608151e-01,-4.739982860518489050e-01,-4.072110363228239605e-01,-4.428544536414544264e-01
8.777663053837724272e-01,-7.723663936730132962e-01,9.136333070397603118e-01,9.283819036232578981e-01,8.643719379731152896e-01,9.126153043069434867e-01,8.162942897823745048e-01,8.805257661306166161e-01,9.133340965369090014e-01,8.965935159758456896e-01
9.842336142160336143e-01,9.771778391195161673e-01,-9.835226826569168912e-01,9.859101357744746164e-01,-9.836485791236997400e-01,-9.851226625327101916e-01,-9.803087468011888461e-01,-9.862658785261640970e-01,9.854369208765478838e-01,9.830627668487501580e-01
1.768733802674783140e-01,2.124228583126419601e-01,-1.807847689915870748e-01,1.672758326153451214e-01,-1.800985085666363394e-01,-1.718526687731791736e-01,-1.974709116429114730e-01,-1.651654226980148188e-01,1.700413919413400476e-01,1.832691911797508233e-01
-1.768733802674783140e-01,-2.124228583126419601e-01,-1.807847689915870748e-01,-1.672758326153451214e-01,-1.800985085666363394e-01,-1.718526687731791736e-01,-1.974709116429114730e-01,-1.651654226980148188e-01,-1.700413919413400476e-01,-1.832691911797508233e-01
9.842336142160336143e-01,9.771778391195161673e-01,9.835226826569168912e-01,9.859101357744746164e-01,9.836485791236997400e-01,9.851226625327101916e-01,9.803087468011888461e-01,9.862658785261640970e-01,9.854369208765478838e-01,9.830627668487501580e-01
9.847054970028732424e-01,9.813822196773186457e-01,-9.844886428625624353e-01,9.856507730798318434e-01,-9.844187252475525840e-01,-9.852200178120971152e-01,-9.828156151192277701e-01,-9.856650110270581688e-01,9.853640845569043849e-01,9.842201365862049967e-01
1.742271051596871734e-01,1.920649340749606970e-01,-1.754483173889966330e-01,1.687973741713119091e-01,-1.758401927375645712e-01,-1.712936557562215190e-01,-1.845899961477166229e-01,-1.687142140930313616e-01,1.704629603912052871e-01,1.769483617845384049e-01
-1.742271051596871734e-01,-1.920649340749606970e-01,-1.754483173889966330e-01,-1.687973741713119091e-01,1.758401927375645712e-01,-1.712936557562215190e-01,-1.845899961477166229e-01,-1.687142140930313616e-01,-1.704629603912052871e-01,-1.769483617845384049e-01
9.847054970028732424e-01,9.813822196773186457e-01,9.844886428625624353e-01,9.856507730798318434e-01,-9.844187252475525840e-01,9.852200178120971152e-01,9.828156151192277701e-01,9.856650110270581688e-01,9.853640845569043849e-01,9.842201365862049967e-01
9.811635114191871176e-01,9.789096856022708737e-01,-9.811290820624700704e-01,9.818963962409023027e-01,-9.809662160129997144e-01,-9.815745495212336857e-01,-9.798689017980761751e-01,-9.817892696721358670e-01,9.816626684116442902e-01,9.809079098256091589e-01
1.931790978847627849e-01,2.042934835819852357e-01,-1.933538836725416099e-01,1.894187610801240373e-01,-1.941784824359706341e-01,-1.910795743458399143e-01,-1.996420178445210969e-01,-1.899732348428437578e-01,1.906263503478208554e-01,1.944728064320429273e-01
-1.931790978847627849e-01,-2.042934835819852357e-01,-1.933538836725416099e-01,-1.894187610801240373e-01,1.941784824359706341e-01,-1.910795743458399143e-01,-1.996420178445210969e-01,-1.899732348428437578e-01,-1.906263503478208554e-01,-1.944728064320429273e-01
9.811635114191871176e-01,9.789096856022708737e-01,9.811290820624700704e-01,9.818963962409023027e-01,-9.809662160129997144e-01,9.815745495212336857e-01,9.798689017980761751e-01,9.817892696721358670e-01,9.816626684116442902e-01,9.809079098256091589e-01
9.756131123740385824e-01,9.738968040950639615e-01,-9.756543349962958356e-01,9.762213537600379354e-01,-9.754635344104362060e-01,-9.759612403242327039e-01,-9.746220553212575632e-01,-9.760744318435021771e-01,9.760214470745223192e-01,9.754639395033158911e-01
2.194972778050822693e-01,2.269912222387035772e-01,-2.193139726577766069e-01,2.167760790837378881e-01,-2.201610615787900904e-01,-2.179441611624074460e-01,-2.238567606335973015e-01,-2.174366654945395771e-01,2.176743780295591901e-01,2.201592667335884879e-01
-2.194972778050822693e-01,-2.269912222387035772e-01,-2.193139726577766069e-01,-2.167760790837378881e-01,2.201610615787900904e-01,-2.179441611624074460e-01,-2.238567606335973015e-01,-2.174366654945395771e-01,-2.176743780295591901e-01,-2.201592667335884879e-01
9.756131123740385824e-01,9.738968040950639615e-01,9.756543349962958356e-01,9.762213537600379354e-01,-9.754635344104362060e-01,9.759612403242327039e-01,9.746220553212575632e-01,9.760744318435021771e-01,9.760214470745223192e-01,9.754639395033158911e-01
9.685866461043816100e-01,9.672235970144797967e-01,-9.686568626614445732e-01,9.690962911224068055e-01,-9.684698928899452275e-01,-9.688822686867378797e-01,-9.677976805516199654e-01,-9.689464291863808532e-01,9.689256910905676978e-01,9.684939355908041003e-01
2.486763136856125211e-01,2.539261967154452515e-01,-2.484026618595047142e-01,2.466827487539320352e-01,-2.491306214935009034e-01,-2.475220180598886877e-01,-2.517293179566185146e-01,-2.472707369806660116e-01,2.473519863366087368e-01,2.490371392460071498e-01
-2.486763136856125211e-01,-2.539261967154452515e-01,2.484026618595047142e-01,-2.466827487539320352e-01,2.491306214935009034e-01,-2.475220180598886877e-01,-2.517293179566185146e-01,-2.472707369806660116e-01,-2.473519863366087368e-01,-2.490371392460071498e-01
9.685866461043816100e-01,9.672235970144797967e-01,-9.686568626614445732e-01,9.690962911224068055e-01,-9.684698928899452275e-01,9.688822686867378797e-01,9.677976805516199654e-01,9.689464291863808532e-01,9.689256910905676978e-01,9.684939355908041003e-01
9.604185190129362892e-01,9.593189067739720244e-01,-9.604953647846891096e-01,9.608430584371254746e-01,-9.603268610229618307e-01,-9.606669141081853880e-01,-9.597821542851915355e-01,-9.607072273360988124e-01,9.606992625593523405e-01,9.603576043693502484e-01
2.785610675184135854e-01,2.823246980092090075e-01,-2.782959831314976706e-01,2.770931559118531284e-01,-2.788768903975099023e-01,-2.777032231319189193e-01,-2.807458215462461104e-01,-2.775637284376059055e-01,2.775912947444799661e-01,2.787710023118658009e-01
-2.785610675184135854e-01,-2.823246980092090075e-01,2.782959831314976706e-01,-2.770931559118531284e-01,2.788768903975099023e-01,-2.777032231319189193e-01,-2.807458215462461104e-01,-2.775637284376059055e-01,-2.775912947444799661e-01,-2.787710023118658009e-01
9.604185190129362892e-01,9.593189067739720244e-01,-9.604953647846891096e-01,9.608430584371254746e-01,-9.603268610229618307e-01,9.606669141081853880e-01,9.597821542851915355e-01,9.607072273360988124e-01,9.606992625593523405e-01,9.603576043693502484e-01
9.513540806127351868e-01,9.504610006480299633e-01,-9.514272322300925122e-01,9.517047985254347697e-01,-9.512823118988964488e-01,-9.515603203157555479e-01,-9.508389112398399901e-01,-9.515895585257609923e-01,9.515849966067532195e-01,9.513115663893281226e-01
3.080996807877237065e-01,3.108438293534963592e-01,-3.078737107500174597e-01,3.070146192995727996e-01,-3.083212011333161806e-01,-3.074621225461385277e-01,-3.096859132608967280e-01,-3.073716188992522969e-01,3.073857417528101932e-01,3.082309258557336396e-01
-3.080996807877237065e-01,-3.108438293534963592e-01,3.078737107500174597e-01,-3.070146192995727996e-01,3.083212011333161806e-01,-3.074621225461385277e-01,-3.096859132608967280e-01,-3.073716188992522969e-01,-3.073857417528101932e-01,-3.082309258557336396e-01
9.513540806127351868e-01,9.504610006480299633e-01,-9.514272322300925122e-01,9.517047985254347697e-01,-9.512823118988964488e-01,9.515603203157555479e-01,9.508389112398399901e-01,9.515895585257609923e-01,9.515849966067532195e-01,9.513115663893281226e-01
9.415497835181373398e-01,9.408210883475532915e-01,-9.416151459206970609e-01,9.418374813305797622e-01,-9.414939296177500250e-01,-9.417192674566003951e-01,-9.411324652864289098e-01,-9.417440348802004202e-01,9.417384847735119635e-01,9.415179859338445034e-01
3.368738712885711584e-01,3.389036437109012034e-01,-3.366911299288183890e-01,3.360686816126575160e-01,-3.370299400541842405e-01,-3.363997938480400851e-01,-3.380379901488712591e-01,-3.363304517398917337e-01,3.363459919435484169e-01,3.369627311188539975e-01
-3.368738712885711584e-01,-3.389036437109012034e-01,3.366911299288183890e-01,3.360686816126575160e-01,3.370299400541842405e-01,-3.363997938480400851e-01,-3.380379901488712591e-01,-3.363304517398917337e-01,-3.363459919435484169e-01,3.369627311188539975e-01
9.415497835181373398e-01,9.408210883475532915e-01,-9.416151459206970609e-01,-9.418374813305797622e-01,-9.414939296177500250e-01,9.417192674566003951e-01,9.411324652864289098e-01,9.417440348802004202e-01,9.417384847735119635e-01,-9.415179859338445034e-01
9.310774510402737292e-01,9.304798508654061884e-01,-9.311340204567438716e-01,9.313121967024733383e-01,-9.310343650897716650e-01,-9.312155116250406817e-01,-9.307394684694895171e-01,-9.312392874222658046e-01,9.312307890723496850e-01,9.310517669576855448e-01
3.648215730522887945e-01,3.663430729978273126e-01,-3.646771667489754898e-01,3.642218997715729323e-01,-3.649315155229619356e-01,-3.644690259938611065e-01,-3.656829799609658815e-01,-3.644082731789585194e-01,3.644299898247797542e-01,3.648871157563274292e-01
-3.648215730522887945e-01,-3.663430729978273126e-01,3.646771667489754898e-01,3.642218997715729323e-01,3.649315155229619356e-01,-3.644690259938611065e-01,-3.656829799609658815e-01,-3.644082731789585194e-01,-3.644299898247797542e-01,3.648871157563274292e-01
9.310774510402737292e-01,9.304798508654061884e-01,-9.311340204567438716e-01,-9.313121967024733383e-01,-9.310343650897716650e-01,9.312155116250406817e-01,9.307394684694895171e-01,9.312392874222658046e-01,9.312307890723496850e-01,-9.310517669576855448e-01
9.199409330493033554e-01,9.194477203278558219e-01,-9.199891068361890634e-01,9.201316424578955822e-01,-9.199081235093542475e-01,-9.200524475520768242e-01,-9.196673741984148220e-01,-9.200771274802064248e-01,9.200648632589719655e-01,9.199184889912435104e-01
3.920569852717548653e-01,3.932122703882840464e-01,-3.919439287739399091e-01,3.916091936455722289e-01,-3.921339621883043192e-01,-3.917952191559169184e-01,-3.926982567251769418e-01,-3.917372582328262354e-01,3.917660620781860392e-01,3.921096448852890992e-01
-3.920569852717548653e-01,-3.932122703882840464e-01,3.919439287739399091e-01,3.916091936455722289e-01,3.921339621883043192e-01,-3.917952191559169184e-01,-3.926982567251769418e-01,3.917372582328262354e-01,-3.917660620781860392e-01,3.921096448852890992e-01
9.199409330493033554e-01,9.194477203278558219e-01,-9.199891068361890634e-01,-9.201316424578955822e-01,-9.199081235093542475e-01,9.200524475520768242e-01,9.196673741984148220e-01,-9.200771274802064248e-01,9.200648632589719655e-01,-9.199184889912435104e-01
9.080977841610963219e-01,9.076875880293555632e-01,-9.081384937754557463e-01,9.082520295605059912e-01,-9.080732967526545796e-01,-9.081869778104343371e-01,-9.078766751690732217e-01,-9.082136490834742393e-01,9.081973132477325628e-01,9.080767167957105590e-01
4.187581812952517746e-01,4.196465685996381700e-01,-4.186698892006048278e-01,4.184235304081522777e-01,-4.188112793666917133e-01,-4.185647062707864019e-01,-4.192373345540078011e-01,-4.185068310296499172e-01,4.185422800740682403e-01,4.188038638951687154e-01
-4.187581812952517746e-01,-4.196465685996381700e-01,4.186698892006048278e-01,4.184235304081522777e-01,4.188112793666917133e-01,-4.185647062707864019e-01,-4.192373345540078011e-01,4.185068310296499172e-01,-4.185422800740682403e-01,4.188038638951687154e-01
9.080977841610963219e-01,9.076875880293555632e-01,-9.081384937754557463e-01,-9.082520295605059912e-01,-9.080732967526545796e-01,9.081869778104343371e-01,9.078766751690732217e-01,-9.082136490834742393e-01,9.081973132477325628e-01,-9.080767167957105590e-01
8.954803068616152828e-01,8.951361462608777853e-01,-8.955146026893195943e-01,8.956043393359700566e-01,-8.954626208391682773e-01,-8.955507161537116234e-01,-8.953020964608073839e-01,-8.955800374447819845e-01,8.955595451667505147e-01,8.954593712456397903e-01
4.451011346009211000e-01,4.457928663148665316e-01,-4.450321295931227716e-01,4.448515115885079974e-01,-4.451367145943454506e-01,-4.449594529803523324e-01,-4.454594887000200010e-01,-4.449004344012296164e-01,4.449416827638459360e-01,4.451432516037546749e-01
-4.451011346009211000e-01,-4.457928663148665316e-01,4.450321295931227716e-01,4.448515115885079974e-01,4.451367145943454506e-01,-4.449594529803523324e-01,-4.454594887000200010e-01,4.449004344012296164e-01,-4.449416827638459360e-01,4.451432516037546749e-01
8.954803068616152828e-01,8.951361462608777853e-01,-8.955146026893195943e-01,-8.956043393359700566e-01,-8.954626208391682773e-01,8.955507161537116234e-01,8.953020964608073839e-01,-8.955800374447819845e-01,8.955595451667505147e-01,-8.954593712456397903e-01
8.820139868032226271e-01,8.817224567494872378e-01,-8.820428582886369329e-01,8.821128829541207139e-01,-8.820019211390883740e-01,-8.820685172397028095e-01,-8.818710888687327776e-01,-8.821008969738636241e-01,8.820762640054610193e-01,8.819923400079611175e-01
4.712232242615855271e-01,4.717684911729997377e-01,-4.711691799577002460e-01,4.710380682347977133e-01,-4.712458075218892706e-01,-4.711211424830686889e-01,-4.714905965313364589e-01,-4.710605136900194445e-01,4.711066381172828166e-01,4.712637394997424845e-01
-4.712232242615855271e-01,-4.717684911729997377e-01,4.711691799577002460e-01,4.710380682347977133e-01,4.712458075218892706e-01,-4.711211424830686889e-01,-4.714905965313364589e-01,4.710605136900194445e-01,-4.711066381172828166e-01,4.712637394997424845e-01
8.820139868032226271e-01,8.817224567494872378e-01,-8.820428582886369329e-01,-8.821128829541207139e-01,-8.820019211390883740e-01,8.820685172397028095e-01,8.818710888687327776e-01,-8.821008969738636241e-01,8.820762640054610193e-01,-8.819923400079611175e-01
8.676336007530689454e-01,8.673841727166291538e-01,-8.676579126312276014e-01,8.677114601806419358e-01,-8.676262317048999417e-01,-8.676746282419670608e-01,-8.675199859553934800e-01,-8.677102994289074278e-01,8.676816061866254870e-01,8.676106827549630029e-01
4.972041178874769263e-01,4.976391231813361848e-01,-4.971616906484460641e-01,4.970682265757672691e-01,-4.972169768396439427e-01,-4.971325170466768251e-01,-4.974023260580453520e-01,-4.970702528466129366e-01,4.971203378311913057e-01,4.972441082300191328e-01
-4.972041178874769263e-01,-4.976391231813361848e-01,4.971616906484460641e-01,4.970682265757672691e-01,4.972169768396439427e-01,-4.971325170466768251e-01,-4.974023260580453520e-01,4.970702528466129366e-01,-4.971203378311913057e-01,4.972441082300191328e-01
8.676336007530689454e-01,8.673841727166291538e-01,-8.676579126312276014e-01,-8.677114601806419358e-01,-8.676262317048999417e-01,8.676746282419670608e-01,8.675199859553934800e-01,-8.677102994289074278e-01,8.676816061866254870e-01,-8.676106827549630029e-01
8.522981037822773276e-01,8.520825431028862251e-01,-8.523185862364145438e-01,8.523582541336509610e-01,-8.522946943441338519e-01,-8.523275896610977842e-01,-8.522089439206532724e-01,-8.523666301002291723e-01,8.523340278944299131e-01,8.522735749631615843e-01
5.230563471454431346e-01,5.234074318724543096e-01,-5.230229703903639393e-01,5.229583220584931302e-01,-5.230619026394865978e-01,-5.230082981201191750e-01,-5.232016015855118773e-01,-5.229446700097241107e-01,5.229978058206912195e-01,5.230963137124100548e-01
-5.230563471454431346e-01,-5.234074318724543096e-01,5.230229703903639393e-01,5.229583220584931302e-01,5.230619026394865978e-01,-5.230082981201191750e-01,-5.232016015855118773e-01,5.229446700097241107e-01,-5.229978058206912195e-01,5.230963137124100548e-01
8.522981037822773276e-01,8.520825431028862251e-01,-8.523185862364145438e-01,-8.523582541336509610e-01,-8.522946943441338519e-01,8.523275896610977842e-01,8.522089439206532724e-01,-8.523666301002291723e-01,8.523340278944299131e-01,-8.522735749631615843e-01
8.360054243750080216e-01,8.358173210400986486e-01,-8.360226861515077657e-01,8.360506133832491527e-01,-8.360053646332167299e-01,-8.360250290658914896e-01,-8.359367891805948858e-01,-8.360673509924173574e-01,8.360310902407471767e-01,8.359791379005625522e-01
5.487211772982365510e-01,5.490076555471269382e-01,-5.486948771767579114e-01,5.486523232990933030e-01,-5.487212683179706341e-01,-5.486913073626875637e-01,-5.488257323544858401e-01,-5.486268172487761552e-01,5.486820720151766029e-01,5.487612240264725383e-01
5.487211772982365510e-01,-5.490076555471269382e-01,-5.486948771767579114e-01,5.486523232990933030e-01,5.487212683179706341e-01,-5.486913073626875637e-01,-5.488257323544858401e-01,5.486268172487761552e-01,-5.486820720151766029e-01,5.487612240264725383e-01
-8.360054243750080216e-01,8.358173210400986486e-01,8.360226861515077657e-01,-8.360506133832491527e-01,-8.360053646332167299e-01,8.360250290658914896e-01,8.359367891805948858e-01,-8.360673509924173574e-01,8.360310902407471767e-01,-8.359791379005625522e-01
8.188079923098486868e-01,8.186423936183223615e-01,-8.188225420545274247e-01,8.188405595272617576e-01,-8.188107489861067290e-01,-8.188191814242463673e-01,-8.187565940254143415e-01,-8.188645026801874005e-01,8.188249735437923560e-01,8.187799892346676600e-01
5.740674801184219023e-01,5.743036055701405962e-01,-5.740467268640783161e-01,5.740210258109722519e-01,-5.740635481763416426e-01,-5.740515204506709823e-01,-5.741407839022610871e-01,-5.739868694058509746e-01,5.740432585624604123e-01,5.741074195905131461e-01
-5.740674801184219023e-01,-5.743036055701405962e-01,-5.740467268640783161e-01,5.740210258109722519e-01,5.740635481763416426e-01,-5.740515204506709823e-01,-5.741407839022610871e-01,5.739868694058509746e-01,-5.740432585624604123e-01,5.741074195905131461e-01
8.188079923098486868e-01,8.186423936183223615e-01,8.188225420545274247e-01,-8.188405595272617576e-01,-8.188107489861067290e-01,8.188191814242463673e-01,8.187565940254143415e-01,-8.188645026801874005e-01,8.188249735437923560e-01,-8.187799892346676600e-01
8.008294707024739001e-01,8.006826006563134701e-01,-8.008417398978596724e-01,8.008514983006120858e-01,-8.008345440378340507e-01,-8.008336119392225338e-01,-8.007924495218178285e-01,-8.008814150050344027e-01,8.008391958324221349e-01,8.007999906260447887e-01
5.988924434774538508e-01,5.990887855787674354e-01,-5.988760369536995087e-01,5.988629873933307701e-01,-5.988856594340145056e-01,-5.988869058414774127e-01,-5.989419444227015443e-01,-5.988229780991491946e-01,5.988794389678772090e-01,5.989318617449956861e-01
-5.988924434774538508e-01,-5.990887855787674354e-01,-5.988760369536995087e-01,5.988629873933307701e-01,5.988856594340145056e-01,-5.988869058414774127e-01,-5.989419444227015443e-01,5.988229780991491946e-01,-5.988794389678772090e-01,5.989318617449956861e-01
8.008294707024739001e-01,8.006826006563134701e-01,8.008417398978596724e-01,-8.008514983006120858e-01,-8.008345440378340507e-01,8.008336119392225338e-01,8.007924495218178285e-01,-8.008814150050344027e-01,8.008391958324221349e-01,-8.007999906260447887e-01
7.822829379289261142e-01,7.821519881431537868e-01,-7.822933027337796164e-01,7.822963829580508177e-01,-7.822898241604568925e-01,-7.822813893506531668e-01,-7.822576807967909218e-01,-7.823308714649591655e-01,7.822867829974645693e-01,7.822524409248894361e-01
6.229232737868187764e-01,6.230876884064647792e-01,-6.229102571782512143e-01,6.229063888023227413e-01,-6.229146257835027622e-01,-6.229252185259572805e-01,-6.229549910181522154e-01,-6.228630728762764024e-01,6.229184450210779600e-01,6.229615707786895218e-01
-6.229232737868187764e-01,-6.230876884064647792e-01,-6.229102571782512143e-01,6.229063888023227413e-01,6.229146257835027622e-01,-6.229252185259572805e-01,-6.229549910181522154e-01,6.228630728762764024e-01,-6.229184450210779600e-01,-6.229615707786895218e-01
7.822829379289261142e-01,7.821519881431537868e-01,7.822933027337796164e-01,-7.822963829580508177e-01,-7.822898241604568925e-01,7.822813893506531668e-01,7.822576807967909218e-01,-7.823308714649591655e-01,7.822867829974645693e-01,7.822524409248894361e-01
7.634908393691717254e-01,7.633738186165913708e-01,-7.634996405049837565e-01,7.634976514979758822e-01,-7.634989970041331508e-01,-7.634850311563310399e-01,-7.634748243721209970e-01,-7.635350461319190263e-01,7.634902115883223095e-01,7.634600372284627845e-01
6.458186573639365102e-01,6.459569746126467837e-01,-6.458082524625714527e-01,6.458106039366923179e-01,-6.458090132335431166e-01,-6.458255238067137638e-01,-6.458375899171238110e-01,-6.457663922258021216e-01,6.458193995296354073e-01,6.458550700854753801e-01
-6.458186573639365102e-01,-6.459569746126467837e-01,-6.458082524625714527e-01,6.458106039366923179e-01,6.458090132335431166e-01,-6.458255238067137638e-01,-6.458375899171238110e-01,6.457663922258021216e-01,-6.458193995296354073e-01,-6.458550700854753801e-01
7.634908393691717254e-01,7.633738186165913708e-01,7.634996405049837565e-01,-7.634976514979758822e-01,-7.634989970041331508e-01,7.634850311563310399e-01,7.634748243721209970e-01,-7.635350461319190263e-01,7.634902115883223095e-01,7.634600372284627845e-01
7.449076270697064794e-01,7.448032605569313569e-01,-7.449151877762362206e-01,7.449098577142894140e-01,-7.449164446233261794e-01,-7.448991408619322074e-01,-7.448982843650944208e-01,-7.449481295100923717e-01,7.449040438589966673e-01,7.448775247219391327e-01
6.671676154710891593e-01,6.672841246903479240e-01,-6.671591736761884883e-01,6.671651248979351134e-01,-6.671577703435244144e-01,-6.671770903914155948e-01,-6.671780466636616502e-01,-6.671223908245131895e-01,6.671716161847069948e-01,6.672012238928498595e-01
-6.671676154710891593e-01,-6.672841246903479240e-01,-6.671591736761884883e-01,-6.671651248979351134e-01,6.671577703435244144e-01,-6.671770903914155948e-01,-6.671780466636616502e-01,6.671223908245131895e-01,-6.671716161847069948e-01,-6.672012238928498595e-01
7.449076270697064794e-01,7.448032605569313569e-01,7.449151877762362206e-01,7.449098577142894140e-01,-7.449164446233261794e-01,7.448991408619322074e-01,7.448982843650944208e-01,-7.449481295100923717e-01,7.449040438589966673e-01,7.448775247219391327e-01
7.271474403942040921e-01,7.270551154733327914e-01,-7.271540829671160333e-01,7.271473526314580216e-01,-7.271562018549307949e-01,-7.271380939284118883e-01,-7.271420170388840365e-01,-7.271839937534779752e-01,7.271426110458562020e-01,7.271193927067310936e-01
6.864813179746099836e-01,6.865790989129065824e-01,-6.864742818374570676e-01,6.864814109362774586e-01,-6.864720373794631625e-01,-6.864912179759885547e-01,-6.864870625558964212e-01,-6.864425971840192320e-01,6.864864333702558330e-01,6.865110259491793432e-01
-6.864813179746099836e-01,6.865790989129065824e-01,-6.864742818374570676e-01,-6.864814109362774586e-01,6.864720373794631625e-01,-6.864912179759885547e-01,-6.864870625558964212e-01,6.864425971840192320e-01,-6.864864333702558330e-01,-6.865110259491793432e-01
7.271474403942040921e-01,-7.270551154733327914e-01,7.271540829671160333e-01,7.271473526314580216e-01,-7.271562018549307949e-01,7.271380939284118883e-01,7.271420170388840365e-01,-7.271839937534779752e-01,7.271426110458562020e-01,7.271193927067310936e-01
7.110219054145072715e-01,7.109416683406577508e-01,-7.110279672370328763e-01,7.110221004908291453e-01,-7.110297469471519305e-01,-7.110138565729089422e-01,-7.110173140900458710e-01,-7.110539707866636583e-01,7.110178279897499953e-01,7.109977016003088401e-01
7.031698585837731219e-01,7.032509823789813153e-01,-7.031637290181943500e-01,7.031696613290489006e-01,-7.031619293991028252e-01,-7.031779972107481402e-01,-7.031745011476006058e-01,-7.031374336703446470e-01,7.031739815157683759e-01,7.031943318308803148e-01
-7.031698585837731219e-01,7.032509823789813153e-01,-7.031637290181943500e-01,-7.031696613290489006e-01,7.031619293991028252e-01,-7.031779972107481402e-01,-7.031745011476006058e-01,7.031374336703446470e-01,-7.031739815157683759e-01,-7.031943318308803148e-01
7.110219054145072715e-01,-7.109416683406577508e-01,7.110279672370328763e-01,7.110221004908291453e-01,-7.110297469471519305e-01,7.110138565729089422e-01,7.110173140900458710e-01,-7.110539707866636583e-01,7.110178279897499953e-01,7.109977016003088401e-01
6.975978570701005799e-01,6.975304771589455610e-01,-6.976037074650278669e-01,6.976014443661536779e-01,-6.976037035833579925e-01,-6.975937523717083977e-01,-6.975904754251328610e-01,-6.976245405583872961e-01,6.975969523553255947e-01,6.975798563820119202e-01
7.164895182842548893e-01,7.165551154198912531e-01,-7.164838221000163765e-01,7.164860255568534786e-01,-7.164838258793998493e-01,-7.164935147312636587e-01,-7.164967052235040601e-01,-7.164635373909122862e-01,7.164903991433253516e-01,7.165070439081890896e-01
-7.164895182842548893e-01,-7.165551154198912531e-01,-7.164838221000163765e-01,7.164860255568534786e-01,7.164838258793998493e-01,-7.164935147312636587e-01,-7.164967052235040601e-01,7.164635373909122862e-01,-7.164903991433253516e-01,-7.165070439081890896e-01
6.975978570701005799e-01,6.975304771589455610e-01,6.976037074650278669e-01,-6.976014443661536779e-01,-6.976037035833579925e-01,6.975937523717083977e-01,6.975904754251328610e-01,-6.976245405583872961e-01,6.975969523553255947e-01,6.975798563820119202e-01
6.882927213310804371e-01,6.882398572938912551e-01,-6.882987808704664756e-01,6.883035768151167799e-01,-6.882951831666156428e-01,-6.882959320645692936e-01,-6.882780859889782166e-01,-6.883126554319267676e-01,6.882980409435234259e-01,6.882840823027475130e-01
7.254330635990171583e-01,7.254832174710067472e-01,-7.254273142446659994e-01,7.254227637340289192e-01,-7.254307277953112587e-01,-7.254300172334792185e-01,-7.254469493680075765e-01,-7.254141495533772410e-01,7.254280163002443382e-01,7.254412602331528070e-01
7.254330635990171583e-01,7.254832174710067472e-01,-7.254273142446659994e-01,7.254227637340289192e-01,7.254307277953112587e-01,-7.254300172334792185e-01,7.254469493680075765e-01,7.254141495533772410e-01,-7.254280163002443382e-01,7.254412602331528070e-01
-6.882927213310804371e-01,-6.882398572938912551e-01,6.882987808704664756e-01,-6.883035768151167799e-01,-6.882951831666156428e-01,6.882959320645692936e-01,-6.882780859889782166e-01,-6.883126554319267676e-01,6.882980409435234259e-01,-6.882840823027475130e-01
6.850383437800933173e-01,6.850028763184115022e-01,-6.850451072089727145e-01,6.850615299404163583e-01,-6.850355398995821021e-01,-6.850533619474421521e-01,-6.850106462242158134e-01,-6.850494686418621137e-01,6.850539133870461317e-01,6.850434184370397528e-01
7.285070126985923045e-01,7.285403622555877146e-01,-7.285006527718742575e-01,7.284852093184157606e-01,-7.285096492665612544e-01,-7.284928903458884886e-01,-7.285330566003729302e-01,-7.284965514767399730e-01,7.284923717878543092e-01,7.285022408037568065e-01
7.285070126985923045e-01,7.285403622555877146e-01,7.285006527718742575e-01,7.284852093184157606e-01,7.285096492665612544e-01,7.284928903458884886e-01,7.285330566003729302e-01,7.284965514767399730e-01,7.284923717878543092e-01,7.285022408037568065e-01
-6.850383437800933173e-01,-6.850028763184115022e-01,-6.850451072089727145e-01,-6.850615299404163583e-01,-6.850355398995821021e-01,-6.850533619474421521e-01,-6.850106462242158134e-01,-6.850494686418621137e-01,-6.850539133870461317e-01,-6.850434184370397528e-01
6.905636558608619913e-01,6.905502912965051365e-01,-6.905717158824723478e-01,6.906061084932479943e-01,-6.905529102650800333e-01,-6.905967596307168721e-01,-6.905148983105852123e-01,-6.905628314567509030e-01,6.905950436692713801e-01,6.905886572899427867e-01
7.232716206267746362e-01,7.232843805795282632e-01,-7.232639250115671103e-01,7.232310854158663371e-01,-7.232818801300280320e-01,-7.232400124353974835e-01,-7.233181701098918559e-01,-7.232724077485848113e-01,7.232416509434707041e-01,7.232477489923310188e-01
-7.232716206267746362e-01,-7.232843805795282632e-01,-7.232639250115671103e-01,-7.232310854158663371e-01,-7.232818801300280320e-01,-7.232400124353974835e-01,-7.233181701098918559e-01,-7.232724077485848113e-01,-7.232416509434707041e-01,-7.232477489923310188e-01
6.905636558608619913e-01,6.905502912965051365e-01,6.905717158824723478e-01,6.906061084932479943e-01,6.905529102650800333e-01,6.905967596307168721e-01,6.905148983105852123e-01,6.905628314567509030e-01,6.905950436692713801e-01,6.905886572899427867e-01
7.088627655758195090e-01,7.088790253922284679e-01,-7.088728175940601783e-01,7.089343239677864394e-01,-7.088401192141614571e-01,-7.089230552410346053e-01,-7.087814399670100407e-01,-7.088451362854296667e-01,7.089179499482683999e-01,7.089168054466267188e-01
7.053464252267821477e-01,7.053300839741376560e-01,-7.053363229525743128e-01,7.052745028003901684e-01,-7.053691837558920819e-01,-7.052858298220069377e-01,-7.054281468429594026e-01,-7.053641419610798824e-01,7.052909614061025900e-01,7.052921117915254001e-01
-7.053464252267821477e-01,-7.053300839741376560e-01,-7.053363229525743128e-01,-7.052745028003901684e-01,-7.053691837558920819e-01,-7.052858298220069377e-01,-7.054281468429594026e-01,-7.053641419610798824e-01,-7.052909614061025900e-01,-7.052921117915254001e-01
7.088627655758195090e-01,7.088790253922284679e-01,7.088728175940601783e-01,7.089343239677864394e-01,7.088401192141614571e-01,7.089230552410346053e-01,7.087814399670100407e-01,7.088451362854296667e-01,7.089179499482683999e-01,7.089168054466267188e-01
7.458369272048960275e-01,7.458942923019987736e-01,7.458496682947119982e-01,7.459512694158765278e-01,-7.457965825095497214e-01,-7.459373902932282530e-01,-7.457066219073983371e-01,-7.457951725628132467e-01,7.459271341842267367e-01,7.459330673121372657e-01
6.661285746892702253e-01,6.660643397685395151e-01,6.661143087373729843e-01,6.660005282706931151e-01,-6.661737442417529076e-01,-6.660160732013364893e-01,-6.662744434866585408e-01,-6.661753227056699256e-01,6.660275598559768362e-01,6.660209149045596133e-01
-6.661285746892702253e-01,-6.660643397685395151e-01,-6.661143087373729843e-01,-6.660005282706931151e-01,-6.661737442417529076e-01,-6.660160732013364893e-01,-6.662744434866585408e-01,-6.661753227056699256e-01,-6.660275598559768362e-01,-6.660209149045596133e-01
7.458369272048960275e-01,7.458942923019987736e-01,7.458496682947119982e-01,7.459512694158765278e-01,7.457965825095497214e-01,7.459373902932282530e-01,7.457066219073983371e-01,7.457951725628132467e-01,7.459271341842267367e-01,7.459330673121372657e-01
8.093451186429114763e-01,8.094573769574801014e-01,8.093607118887048424e-01,8.095167340143147872e-01,-8.092803141664092204e-01,-8.095001911738185507e-01,-8.091474583189355307e-01,-8.092704527683790561e-01,8.094825206927415140e-01,8.094978691838525808e-01
5.873333626901264815e-01,5.871786396737505020e-01,5.873118746041227078e-01,5.870968040713532288e-01,-5.874226528682036097e-01,-5.871196134430795022e-01,-5.876056421580774236e-01,-5.874362384770476231e-01,5.871439761190820894e-01,5.871228149091145543e-01
-5.873333626901264815e-01,-5.871786396737505020e-01,-5.873118746041227078e-01,-5.870968040713532288e-01,-5.874226528682036097e-01,-5.871196134430795022e-01,-5.876056421580774236e-01,-5.874362384770476231e-01,-5.871439761190820894e-01,-5.871228149091145543e-01
8.093451186429114763e-01,8.094573769574801014e-01,8.093607118887048424e-01,8.095167340143147872e-01,8.092803141664092204e-01,8.095001911738185507e-01,8.091474583189355307e-01,8.092704527683790561e-01,8.094825206927415140e-01,8.094978691838525808e-01
9.032787940708548735e-01,9.034392249647228423e-01,9.032948599892306474e-01,9.034941458763916522e-01,-9.031934305274036401e-01,-9.034774900939160913e-01,-9.030271624451604584e-01,-9.031754841978840709e-01,9.034531194784445329e-01,9.034771154297155382e-01
4.290540993649895052e-01,4.287161844334093086e-01,4.290202744824958003e-01,4.286004297327403179e-01,-4.292337673717436242e-01,-4.286355385331432899e-01,-4.295834539251267570e-01,-4.292715279912212023e-01,4.286869031177270584e-01,4.286363282490187054e-01
-4.290540993649895052e-01,-4.287161844334093086e-01,-4.290202744824958003e-01,-4.286004297327403179e-01,-4.292337673717436242e-01,-4.286355385331432899e-01,-4.295834539251267570e-01,-4.292715279912212023e-01,-4.286869031177270584e-01,-4.286363282490187054e-01
9.032787940708548735e-01,9.034392249647228423e-01,9.032948599892306474e-01,9.034941458763916522e-01,9.031934305274036401e-01,9.034774900939160913e-01,9.030271624451604584e-01,9.031754841978840709e-01,9.034531194784445329e-01,9.034771154297155382e-01
9.924647903643861735e-01,9.925434525924545781e-01,9.924711932876078002e-01,9.925632362193673730e-01,-9.924245971595012650e-01,-9.925565444738200238e-01,-9.923484262809824097e-01,-9.924150097602458809e-01,9.925450875076538004e-01,9.925571996655933038e-01
1.225301590914466138e-01,1.218913233821420639e-01,1.224782858072069047e-01,1.217301199610701240e-01,-1.228552764548653115e-01,-1.217846707192243999e-01,-1.234690279286980719e-01,-1.229326986711480885e-01,1.218780097656011752e-01,1.217793307256856972e-01
-1.225301590914466138e-01,-1.218913233821420639e-01,-1.224782858072069047e-01,-1.217301199610701240e-01,-1.228552764548653115e-01,-1.217846707192243999e-01,-1.234690279286980719e-01,-1.229326986711480885e-01,-1.218780097656011752e-01,-1.217793307256856972e-01
9.924647903643861735e-01,9.925434525924545781e-01,9.924711932876078002e-01,9.925632362193673730e-01,9.924245971595012650e-01,9.925565444738200238e-01,9.923484262809824097e-01,9.924150097602458809e-01,9.925450875076538004e-01,9.925571996655933038e-01
-9.459257266278252585e-01,9.456731849599699924e-01,-9.459058411643219699e-01,9.456190665055377309e-01,-9.460496656156153206e-01,-9.456418475986960726e-01,-9.462799260054194361e-01,-9.460804778110253332e-01,9.456753812542636473e-01,-9.456364212190664364e-01
3.243832913447005084e-01,-3.251187894411307622e-01,3.244412730390761612e-01,-3.252761612248821765e-01,3.240216508021993014e-01,3.252099261555904119e-01,3.233485760586829461e-01,3.239316741303048253e-01,-3.251124010086406391e-01,3.252257044945810471e-01
3.243832913447005084e-01,3.251187894411307622e-01,3.244412730390761612e-01,3.252761612248821765e-01,3.240216508021993014e-01,3.252099261555904119e-01,3.233485760586829461e-01,3.239316741303048253e-01,3.251124010086406391e-01,3.252257044945810471e-01
9.459257266278252585e-01,9.456731849599699924e-01,9.459058411643219699e-01,9.456190665055377309e-01,9.460496656156153206e-01,9.456418475986960726e-01,9.462799260054194361e-01,9.460804778110253332e-01,9.456753812542636473e-01,9.456364212190664364e-01
-7.324029496205699541e-01,7.320094715574052557e-01,-7.323749993601834651e-01,-7.319334306765270526e-01,-7.325946819489131956e-01,-7.319681075856786512e-01,-7.329465197260385256e-01,-7.326422253309867738e-01,-7.320182450821363096e-01,-7.319578601686623776e-01
6.808714411598484340e-01,-6.812944543662807773e-01,6.809015055881219025e-01,6.813761465285451679e-01,6.806651393895317703e-01,6.813388947340672797e-01,6.802862627023185116e-01,6.806139652270293272e-01,6.812850276256403603e-01,6.813499034543946120e-01
6.808714411598484340e-01,6.812944543662807773e-01,6.809015055881219025e-01,6.813761465285451679e-01,6.806651393895317703e-01,6.813388947340672797e-01,6.802862627023185116e-01,6.806139652270293272e-01,6.812850276256403603e-01,6.813499034543946120e-01
7.324029496205699541e-01,7.320094715574052557e-01,7.323749993601834651e-01,7.319334306765270526e-01,7.325946819489131956e-01,7.319681075856786512e-01,7.329465197260385256e-01,7.326422253309867738e-01,7.320182450821363096e-01,7.319578601686623776e-01
-5.228568980843983915e-01,5.225664906004297006e-01,-5.228430086484349149e-01,-5.225160399634559694e-01,-5.230020782572200044e-01,-5.225349638001791641e-01,-5.232638391699802050e-01,-5.230366919202403819e-01,-5.225749200020719520e-01,-5.225301603238651227e-01
8.524204737836609258e-01,-8.525985355966493318e-01,8.524289931175808022e-01,8.526294552623127077e-01,8.523314062843330152e-01,8.526178578978659273e-01,8.521707309084800563e-01,8.523101659050721368e-01,8.525933690715804536e-01,8.526208017353996693e-01
8.524204737836609258e-01,8.525985355966493318e-01,8.524289931175808022e-01,8.526294552623127077e-01,8.523314062843330152e-01,8.526178578978659273e-01,8.521707309084800563e-01,8.523101659050721368e-01,8.525933690715804536e-01,8.526208017353996693e-01
5.228568980843983915e-01,5.225664906004297006e-01,5.228430086484349149e-01,5.225160399634559694e-01,5.230020782572200044e-01,5.225349638001791641e-01,5.232638391699802050e-01,5.230366919202403819e-01,5.225749200020719520e-01,5.225301603238651227e-01
3.806554444087246747e-01,3.804723255709621110e-01,-3.806520669665779399e-01,3.804422874736813065e-01,-3.807512070231395263e-01,-3.804484880456223128e-01,-3.809213764033026473e-01,-3.807724158497274858e-01,3.804769372254934723e-01,3.804486760542937773e-01
-9.247169473098221237e-01,-9.247923061285835411e-01,9.247183376110109654e-01,-9.248046636462170511e-01,9.246775212745372841e-01,9.248021128564748450e-01,9.246074329135655079e-01,9.246687879062222004e-01,-9.247904088167803183e-01,-9.248020355127550829e-01
9.247169473098221237e-01,9.247923061285835411e-01,9.247183376110109654e-01,9.248046636462170511e-01,9.246775212745372841e-01,9.248021128564748450e-01,9.246074329135655079e-01,9.246687879062222004e-01,9.247904088167803183e-01,9.248020355127550829e-01
3.806554444087246747e-01,3.804723255709621110e-01,3.806520669665779399e-01,3.804422874736813065e-01,3.807512070231395263e-01,3.804484880456223128e-01,3.809213764033026473e-01,3.807724158497274858e-01,3.804769372254934723e-01,3.804486760542937773e-01
2.886188478589339912e-01,2.885015445956948810e-01,2.886198779231534672e-01,2.884808224886216688e-01,-2.886838027229183812e-01,-2.884813501996123519e-01,-2.887986893156399004e-01,-2.886966823685417904e-01,2.885019977624505017e-01,2.884840672898870140e-01
-9.574440770408376711e-01,-9.574794299440056999e-01,-9.574437665302458766e-01,-9.574856735514575279e-01,9.574244941745719828e-01,9.574855145572744863e-01,9.573898459089529300e-01,9.574206105935870736e-01,-9.574792933985961652e-01,-9.574846959194094342e-01
9.574440770408376711e-01,9.574794299440056999e-01,9.574437665302458766e-01,9.574856735514575279e-01,9.574244941745719828e-01,9.574855145572744863e-01,9.573898459089529300e-01,9.574206105935870736e-01,9.574792933985961652e-01,9.574846959194094342e-01
2.886188478589339912e-01,2.885015445956948810e-01,2.886198779231534672e-01,2.884808224886216688e-01,2.886838027229183812e-01,2.884813501996123519e-01,2.887986893156399004e-01,2.886966823685417904e-01,2.885019977624505017e-01,2.884840672898870140e-01
2.247794555307744968e-01,2.246964324390111900e-01,2.247815886100332783e-01,2.246779694618368517e-01,-2.248284141286782667e-01,-2.246767855847804085e-01,-2.249158019545884069e-01,-2.248368181148349410e-01,2.246930868819564386e-01,2.246806871492180446e-01
-9.744096655777222393e-01,-9.744288138438749192e-01,-9.744091735107740515e-01,-9.744330710923689853e-01,9.743983703806076146e-01,9.744333440617118924e-01,9.743782027688860925e-01,9.743964312434629793e-01,-9.744295852997575391e-01,-9.744324444630090287e-01
9.744096655777222393e-01,9.744288138438749192e-01,9.744091735107740515e-01,9.744330710923689853e-01,9.743983703806076146e-01,9.744333440617118924e-01,9.743782027688860925e-01,9.743964312434629793e-01,9.744295852997575391e-01,9.744324444630090287e-01
2.247794555307744968e-01,2.246964324390111900e-01,2.247815886100332783e-01,2.246779694618368517e-01,2.248284141286782667e-01,2.246767855847804085e-01,2.249158019545884069e-01,2.248368181148349410e-01,2.246930868819564386e-01,2.246806871492180446e-01
1.732741068153898223e-01,1.732030764528852407e-01,1.732760903296140520e-01,1.731824300579196396e-01,-1.733183277893444729e-01,1.731811264386750038e-01,-1.733987265641210307e-01,-1.733249140916710562e-01,1.731962075413377988e-01,1.731858953230005771e-01
-9.848736385482804723e-01,-9.848861326606522804e-01,-9.848732895759145789e-01,-9.848897633335590429e-01,9.848658574914176400e-01,-9.848899925603019634e-01,9.848517053983008029e-01,9.848646984003004423e-01,-9.848873406097257144e-01,-9.848891539971240672e-01
9.848736385482804723e-01,9.848861326606522804e-01,9.848732895759145789e-01,9.848897633335590429e-01,9.848658574914176400e-01,9.848899925603019634e-01,9.848517053983008029e-01,9.848646984003004423e-01,9.848873406097257144e-01,9.848891539971240672e-01
1.732741068153898223e-01,1.732030764528852407e-01,1.732760903296140520e-01,1.731824300579196396e-01,1.733183277893444729e-01,1.731811264386750038e-01,1.733987265641210307e-01,1.733249140916710562e-01,1.731962075413377988e-01,1.731858953230005771e-01
1.215753840894481796e-01,1.214977724840140411e-01,1.215772336003946019e-01,1.214713823974580553e-01,-1.216251777670275397e-01,1.214701030197119225e-01,1.217170013593847772e-01,-1.216320462465564217e-01,1.214873000900699995e-01,1.214762059004568517e-01
-9.925822011216517415e-01,-9.925917042175108618e-01,-9.925819745845050335e-01,-9.925949341289480587e-01,9.925761009278528668e-01,-9.925950906952847319e-01,-9.925648450252907429e-01,9.925752592755250348e-01,-9.925929860304401053e-01,-9.925943438283484355e-01
9.925822011216517415e-01,9.925917042175108618e-01,9.925819745845050335e-01,9.925949341289480587e-01,9.925761009278528668e-01,9.925950906952847319e-01,9.925648450252907429e-01,9.925752592755250348e-01,9.925929860304401053e-01,9.925943438283484355e-01
1.215753840894481796e-01,1.214977724840140411e-01,1.215772336003946019e-01,1.214713823974580553e-01,1.216251777670275397e-01,1.214701030197119225e-01,1.217170013593847772e-01,1.216320462465564217e-01,1.214873000900699995e-01,1.214762059004568517e-01
5.763524038326285626e-02,5.753266639751587058e-02,5.763770182472778558e-02,5.749659735443891917e-02,-5.770166184055147696e-02,5.749469353444579267e-02,5.782459252576875597e-02,-5.771073844389350976e-02,5.751787555372529781e-02,5.750321829577271365e-02
-9.983377079255112418e-01,-9.983436243584632441e-01,-9.983375658204811653e-01,-9.983457022958839300e-01,9.983338711176930058e-01,-9.983458119386190432e-01,-9.983267583808564938e-01,9.983333464671310109e-01,-9.983444766170573859e-01,-9.983453209614540080e-01
9.983377079255112418e-01,9.983436243584632441e-01,9.983375658204811653e-01,9.983457022958839300e-01,9.983338711176930058e-01,9.983458119386190432e-01,9.983267583808564938e-01,9.983333464671310109e-01,9.983444766170573859e-01,9.983453209614540080e-01
5.763524038326285626e-02,5.753266639751587058e-02,5.763770182472778558e-02,5.749659735443891917e-02,5.770166184055147696e-02,5.749469353444579267e-02,5.782459252576875597e-02,5.771073844389350976e-02,5.751787555372529781e-02,5.750321829577271365e-02
-3.133384591385870999e-02,-3.147969039712576744e-02,-3.132987170716750730e-02,-3.153037291285560456e-02,3.123921036706332061e-02,-3.153364173260803788e-02,-3.106433176518473907e-02,-3.122621042041589384e-02,-3.150041718637061616e-02,-3.152128661426285838e-02
-9.995089744971008550e-01,-9.995043917324731853e-01,-9.995090990775483686e-01,-9.995027941851768460e-01,9.995119367649605291e-01,-9.995026910614495108e-01,-9.995173871884284189e-01,-9.995123429867087683e-01,-9.995037387209138036e-01,-9.995030807807354645e-01
9.995089744971008550e-01,9.995043917324731853e-01,9.995090990775483686e-01,9.995027941851768460e-01,9.995119367649605291e-01,9.995026910614495108e-01,9.995173871884284189e-01,9.995123429867087683e-01,9.995037387209138036e-01,9.995030807807354645e-01
-3.133384591385870999e-02,-3.147969039712576744e-02,-3.132987170716750730e-02,-3.153037291285560456e-02,-3.123921036706332061e-02,-3.153364173260803788e-02,-3.106433176518473907e-02,-3.122621042041589384e-02,-3.150041718637061616e-02,-3.152128661426285838e-02
-1.566132632920140544e-01,-1.568134611317315574e-01,-1.566076225836748048e-01,-1.568833522163517458e-01,1.564831081447154437e-01,-1.568877808093954718e-01,-1.562427350548062921e-01,1.564655008370068046e-01,-1.568423036839096951e-01,-1.568707622857150874e-01
-9.876600051439898831e-01,-9.876282389684323260e-01,-9.876608995746917197e-01,-9.876171392788605230e-01,9.876806350563775982e-01,-9.876164357850182318e-01,-9.877186885660277360e-01,9.876834245079871843e-01,-9.876236589790283737e-01,-9.876191391117826734e-01
9.876600051439898831e-01,9.876282389684323260e-01,9.876608995746917197e-01,9.876171392788605230e-01,9.876806350563775982e-01,9.876164357850182318e-01,9.877186885660277360e-01,9.876834245079871843e-01,9.876236589790283737e-01,9.876191391117826734e-01
-1.566132632920140544e-01,-1.568134611317315574e-01,-1.566076225836748048e-01,-1.568833522163517458e-01,-1.564831081447154437e-01,-1.568877808093954718e-01,-1.562427350548062921e-01,-1.564655008370068046e-01,-1.568423036839096951e-01,-1.568707622857150874e-01
-3.188574312043355730e-01,-3.190981758273037650e-01,-3.188516965215007493e-01,-3.191859676878697760e-01,3.187004040050097631e-01,-3.191894861777820891e-01,-3.184095237158683367e-01,3.186802025499329005e-01,-3.191356548828807593e-01,-3.191692485225885445e-01
-9.478026896805961110e-01,-9.477216649331633436e-01,-9.478046189090664209e-01,-9.476921008593234275e-01,9.478555019026071449e-01,-9.476909158125149668e-01,-9.479532558132989228e-01,9.478622940610802461e-01,-9.477090448985252547e-01,-9.476977317676380519e-01
9.478026896805961110e-01,9.477216649331633436e-01,9.478046189090664209e-01,9.476921008593234275e-01,9.478555019026071449e-01,9.476909158125149668e-01,9.479532558132989228e-01,9.478622940610802461e-01,9.477090448985252547e-01,9.476977317676380519e-01
-3.188574312043355730e-01,-3.190981758273037650e-01,-3.188516965215007493e-01,-3.191859676878697760e-01,-3.187004040050097631e-01,-3.191894861777820891e-01,-3.184095237158683367e-01,-3.186802025499329005e-01,-3.191356548828807593e-01,-3.191692485225885445e-01
-4.957845051367060774e-01,-4.960176710447317117e-01,-4.957810576910506861e-01,-4.961099016089768332e-01,4.956314207433001884e-01,4.961101227689756477e-01,4.953458968956911401e-01,4.956134919176297671e-01,-4.960592479661974363e-01,-4.960907819924809115e-01
-8.684455794500606229e-01,-8.683124264982969853e-01,-8.684475475437436476e-01,-8.682597339077352538e-01,8.685329554898751914e-01,8.682596075403669067e-01,8.686958284857845269e-01,8.685431863927168816e-01,-8.682886746394947730e-01,-8.682706582754532443e-01
8.684455794500606229e-01,8.683124264982969853e-01,8.684475475437436476e-01,8.682597339077352538e-01,8.685329554898751914e-01,8.682596075403669067e-01,8.686958284857845269e-01,8.685431863927168816e-01,8.682886746394947730e-01,8.682706582754532443e-01
-4.957845051367060774e-01,-4.960176710447317117e-01,-4.957810576910506861e-01,-4.961099016089768332e-01,-4.956314207433001884e-01,-4.961101227689756477e-01,-4.953458968956911401e-01,-4.956134919176297671e-01,-4.960592479661974363e-01,-4.960907819924809115e-01
-6.496309529338889499e-01,-6.498080278014900513e-01,-6.496301578983961766e-01,-6.498863446529579146e-01,6.495128913024488249e-01,6.498837768840085571e-01,6.492905701453551837e-01,6.495009727242749831e-01,-6.498458390155178455e-01,-6.498687738684214565e-01
-7.602497122592071221e-01,-7.600983666636429437e-01,-7.602503916137792750e-01,-7.600314066100274379e-01,7.603505796880367651e-01,7.600336022459640573e-01,7.605404364794285943e-01,7.603607607117957023e-01,-7.600660402321747222e-01,-7.600464306545716697e-01
7.602497122592071221e-01,7.600983666636429437e-01,7.602503916137792750e-01,7.600314066100274379e-01,7.603505796880367651e-01,7.600336022459640573e-01,7.605404364794285943e-01,7.603607607117957023e-01,7.600660402321747222e-01,7.600464306545716697e-01
-6.496309529338889499e-01,-6.498080278014900513e-01,-6.496301578983961766e-01,-6.498863446529579146e-01,-6.495128913024488249e-01,-6.498837768840085571e-01,-6.492905701453551837e-01,-6.495009727242749831e-01,-6.498458390155178455e-01,-6.498687738684214565e-01
-7.580707163007940341e-01,-7.581816735475466196e-01,-7.580711833575751735e-01,-7.582382726105462156e-01,7.579943710359854370e-01,7.582351107503940701e-01,7.578489258673560824e-01,7.579882859875644030e-01,-7.582112481272589299e-01,-7.582248026808106056e-01
-6.521723614867476204e-01,-6.520433650430325079e-01,-6.521718185898909281e-01,-6.519775471199719119e-01,6.522610930277543684e-01,6.519812242889648779e-01,6.524300771436696289e-01,6.522681644121797184e-01,-6.520089747950593706e-01,-6.519932120809585063e-01
6.521723614867476204e-01,6.520433650430325079e-01,6.521718185898909281e-01,6.519775471199719119e-01,6.522610930277543684e-01,6.519812242889648779e-01,6.524300771436696289e-01,6.522681644121797184e-01,6.520089747950593706e-01,6.519932120809585063e-01
-7.580707163007940341e-01,-7.581816735475466196e-01,-7.580711833575751735e-01,-7.582382726105462156e-01,-7.579943710359854370e-01,-7.582351107503940701e-01,-7.578489258673560824e-01,-7.579882859875644030e-01,-7.582112481272589299e-01,-7.582248026808106056e-01
-8.245739041727107033e-01,-8.246355925010179222e-01,-8.245745793557603953e-01,-8.246735765093355930e-01,8.245289770648041028e-01,8.246710074323302386e-01,8.244421396737654506e-01,8.245267077110378651e-01,-8.246572571541882501e-01,-8.246641386490957126e-01
-5.657542545640936726e-01,-5.656643347255466692e-01,-5.657532704989610695e-01,-5.656089569723069532e-01,5.658197292251901933e-01,5.656127027397328533e-01,5.659462503896846020e-01,5.658230361793311625e-01,-5.656327503097139386e-01,-5.656227173886714255e-01
5.657542545640936726e-01,5.656643347255466692e-01,5.657532704989610695e-01,5.656089569723069532e-01,5.658197292251901933e-01,5.656127027397328533e-01,5.659462503896846020e-01,5.658230361793311625e-01,5.656327503097139386e-01,5.656227173886714255e-01
-8.245739041727107033e-01,-8.246355925010179222e-01,-8.245745793557603953e-01,-8.246735765093355930e-01,-8.245289770648041028e-01,-8.246710074323302386e-01,-8.244421396737654506e-01,-8.245267077110378651e-01,-8.246572571541882501e-01,-8.246641386490957126e-01
-8.625013516599070451e-01,-8.625326524003210649e-01,-8.625018701766896667e-01,-8.625579099300040298e-01,8.624760704713885229e-01,8.625561027247464763e-01,8.624262209169213378e-01,8.624759155879598849e-01,-8.625485066105672560e-01,-8.625514145009738343e-01
-5.060547582869203698e-01,-5.060014066613518491e-01,-5.060538745447095144e-01,-5.059583500814895940e-01,5.060978441608224854e-01,5.059614309928146536e-01,5.061827866245135477e-01,5.060981081082107647e-01,-5.059743805212673085e-01,-5.059694233275062736e-01
5.060547582869203698e-01,5.060014066613518491e-01,5.060538745447095144e-01,5.059583500814895940e-01,5.060978441608224854e-01,5.059614309928146536e-01,5.061827866245135477e-01,5.060981081082107647e-01,5.059743805212673085e-01,5.059694233275062736e-01
-8.625013516599070451e-01,-8.625326524003210649e-01,-8.625018701766896667e-01,-8.625579099300040298e-01,-8.624760704713885229e-01,-8.625561027247464763e-01,-8.624262209169213378e-01,-8.624759155879598849e-01,-8.625485066105672560e-01,-8.625514145009738343e-01
-8.830946576192081343e-01,-8.831081373904420273e-01,-8.830949565659803602e-01,-8.831253000795437069e-01,8.830810541834840377e-01,8.831241081927543313e-01,8.830533618223534997e-01,8.830820329085400378e-01,-8.831201094648993832e-01,-8.831207505467416619e-01
-4.691948696271238117e-01,-4.691694978094635426e-01,-4.691943069643207398e-01,-4.691371914050470604e-01,4.692204724244098957e-01,4.691394350603584340e-01,4.692725862164119910e-01,4.692186304422706344e-01,-4.691469623249244769e-01,-4.691457555533886659e-01
4.691948696271238117e-01,4.691694978094635426e-01,4.691943069643207398e-01,4.691371914050470604e-01,4.692204724244098957e-01,4.691394350603584340e-01,4.692725862164119910e-01,4.692186304422706344e-01,4.691469623249244769e-01,4.691457555533886659e-01
-8.830946576192081343e-01,-8.831081373904420273e-01,-8.830949565659803602e-01,-8.831253000795437069e-01,-8.830810541834840377e-01,-8.831241081927543313e-01,-8.830533618223534997e-01,-8.830820329085400378e-01,-8.831201094648993832e-01,-8.831207505467416619e-01
-8.933304677823533657e-01,-8.933332459246259294e-01,-8.933305621365784654e-01,-8.933452643560099160e-01,8.933239336660281360e-01,8.933445276269899038e-01,8.933097431792307308e-01,8.933255521117086095e-01,-8.933426811959906955e-01,-8.933419857498442473e-01
-4.494003508362690580e-01,-4.493948283255735920e-01,-4.494001632762771314e-01,-4.493709365910201758e-01,4.494133392985278919e-01,4.493724011985052447e-01,4.494415454105870622e-01,4.494101222094480930e-01,-4.493760718524724140e-01,-4.493774543705161273e-01
4.494003508362690580e-01,4.493948283255735920e-01,4.494001632762771314e-01,4.493709365910201758e-01,4.494133392985278919e-01,4.493724011985052447e-01,4.494415454105870622e-01,4.494101222094480930e-01,4.493760718524724140e-01,4.493774543705161273e-01
-8.933304677823533657e-01,-8.933332459246259294e-01,-8.933305621365784654e-01,-8.933452643560099160e-01,-8.933239336660281360e-01,-8.933445276269899038e-01,-8.933097431792307308e-01,-8.933255521117086095e-01,-8.933426811959906955e-01,-8.933419857498442473e-01
-8.971416602329171930e-01,-8.971375911924595048e-01,8.971415737665274781e-01,-8.971462443698750011e-01,8.971396351724120199e-01,8.971458487839261142e-01,8.971341005534929636e-01,8.971416576626536354e-01,-8.971453623313166981e-01,-8.971438151877305645e-01
-4.417429586020870103e-01,-4.417512223745302391e-01,4.417431342077863810e-01,-4.417336484953668374e-01,4.417470713006612093e-01,4.417344519162712535e-01,4.417583113242751769e-01,4.417429638220694565e-01,-4.417354398816223382e-01,-4.417385820487080839e-01
-4.417429586020870103e-01,-4.417512223745302391e-01,-4.417431342077863810e-01,-4.417336484953668374e-01,-4.417470713006612093e-01,-4.417344519162712535e-01,-4.417583113242751769e-01,-4.417429638220694565e-01,-4.417354398816223382e-01,-4.417385820487080839e-01
8.971416602329171930e-01,8.971375911924595048e-01,8.971415737665274781e-01,8.971462443698750011e-01,8.971396351724120199e-01,8.971458487839261142e-01,8.971341005534929636e-01,8.971416576626536354e-01,8.971453623313166981e-01,8.971438151877305645e-01
-8.967057564321776475e-01,-8.966969207197690306e-01,8.967055069127011224e-01,-8.967032854701373346e-01,8.967068114021083947e-01,8.967031579809672248e-01,8.967072067214079123e-01,8.967091303776428823e-01,-8.967035930556751522e-01,-8.967014442714074107e-01
-4.426271414875008747e-01,-4.426450410562445814e-01,4.426276469815639270e-01,-4.426321473041260890e-01,4.426250042474595414e-01,4.426324055770886057e-01,4.426242033756063732e-01,4.426203062415592360e-01,-4.426315241835381276e-01,-4.426358772643400052e-01
-4.426271414875008747e-01,-4.426450410562445814e-01,-4.426276469815639270e-01,-4.426321473041260890e-01,-4.426250042474595414e-01,-4.426324055770886057e-01,-4.426242033756063732e-01,-4.426203062415592360e-01,-4.426315241835381276e-01,-4.426358772643400052e-01
8.967057564321776475e-01,8.966969207197690306e-01,8.967055069127011224e-01,8.967032854701373346e-01,8.967068114021083947e-01,8.967031579809672248e-01,8.967072067214079123e-01,8.967091303776428823e-01,8.967035930556751522e-01,8.967014442714074107e-01
