-7.416656435651465262e-01,8.332668125698561301e-01,9.601143120622843696e-01,8.513505750970651320e-01,6.976218236404220230e-01,-5.636463933837070339e-01,-7.944237484802115778e-01,5.850679139354056923e-01,-6.426970179243445269e-01,-9.899592533483984047e-01
-6.707697616582735112e-01,5.528710691198015503e-01,2.796077748796809148e-01,5.245971771577661036e-01,7.164661828590462855e-01,-8.260161882345526951e-01,-6.073639006811726304e-01,8.109843007625193723e-01,7.661204495059211750e-01,-1.413530215803033563e-01
-6.707697616582735112e-01,-5.528710691198015503e-01,-2.796077748796809148e-01,-5.245971771577661036e-01,7.164661828590462855e-01,8.260161882345526951e-01,-6.073639006811726304e-01,8.109843007625193723e-01,-7.661204495059211750e-01,-1.413530215803033563e-01
7.416656435651465262e-01,8.332668125698561301e-01,9.601143120622843696e-01,8.513505750970651320e-01,-6.976218236404220230e-01,-5.636463933837070339e-01,7.944237484802115778e-01,-5.850679139354056923e-01,-6.426970179243445269e-01,9.899592533483984047e-01
1.352085024059523355e-01,-1.627142324462325651e-01,1.429016617068278316e-01,1.722246281990320316e-01,3.041412337845015856e-01,-2.008937348754026020e-01,-2.765326037030093609e-01,-3.677967445469581542e-01,-9.975077019339105566e-03,7.588005789707594206e-02
9.908171682389943502e-01,-9.866732379868389247e-01,9.897368918462257081e-01,9.850577025949825982e-01,9.526269521234643767e-01,-9.796130395660377355e-01,-9.610045364561159431e-01,-9.299062074750654716e-01,9.999502476815824714e-01,9.971169524251086713e-01
-9.908171682389943502e-01,-9.866732379868389247e-01,9.897368918462257081e-01,-9.850577025949825982e-01,9.526269521234643767e-01,-9.796130395660377355e-01,9.610045364561159431e-01,9.299062074750654716e-01,-9.999502476815824714e-01,-9.971169524251086713e-01
1.352085024059523355e-01,1.627142324462325651e-01,-1.429016617068278316e-01,1.722246281990320316e-01,-3.041412337845015856e-01,2.008937348754026020e-01,-2.765326037030093609e-01,-3.677967445469581542e-01,-9.975077019339105566e-03,7.588005789707594206e-02
4.503605751629208981e-02,-4.635470172479633916e-02,-9.477610160381599869e-02,-4.760587587433057905e-02,-5.785718464360788127e-02,-1.664598689654573846e-02,7.988810055936591131e-03,1.715425796688695437e-01,-1.040894292012850275e-01,-1.361365040059709652e-01
-9.989853620165758397e-01,9.989250430477778497e-01,9.954986140446320242e-01,9.988661975371063706e-01,-9.983248700624036687e-01,-9.998614459615093875e-01,9.999680889477875478e-01,9.851767066676665463e-01,9.945679417357824459e-01,9.906900889163230417e-01
-9.989853620165758397e-01,-9.989250430477778497e-01,9.954986140446320242e-01,9.988661975371063706e-01,9.983248700624036687e-01,-9.998614459615093875e-01,-9.999680889477875478e-01,9.851767066676665463e-01,-9.945679417357824459e-01,-9.906900889163230417e-01
-4.503605751629208981e-02,-4.635470172479633916e-02,9.477610160381599869e-02,4.760587587433057905e-02,-5.785718464360788127e-02,1.664598689654573846e-02,7.988810055936591131e-03,-1.715425796688695437e-01,-1.040894292012850275e-01,-1.361365040059709652e-01
-1.730929895153327236e-01,-1.815110514307982092e-01,-2.182963634435664824e-01,-1.849597038430444429e-01,1.284936631111239236e-01,1.314341009690771778e-01,-1.639635133988156523e-01,-3.713776045333216230e-02,-1.927617728923050888e-01,-2.406724768673814963e-01
9.849054863186847975e-01,9.833889048634248953e-01,9.758825224930071096e-01,9.827461055401304213e-01,-9.917103299554186346e-01,-9.913249099576033618e-01,9.864664040269779388e-01,9.993101554314910429e-01,9.812455854226380669e-01,9.706063872026188255e-01
-9.849054863186847975e-01,9.833889048634248953e-01,9.758825224930071096e-01,9.827461055401304213e-01,9.917103299554186346e-01,-9.913249099576033618e-01,-9.864664040269779388e-01,9.993101554314910429e-01,-9.812455854226380669e-01,9.706063872026188255e-01
-1.730929895153327236e-01,1.815110514307982092e-01,2.182963634435664824e-01,1.849597038430444429e-01,1.284936631111239236e-01,-1.314341009690771778e-01,-1.639635133988156523e-01,3.713776045333216230e-02,-1.927617728923050888e-01,2.406724768673814963e-01
-2.523409584857375099e-01,-2.606759083247658926e-01,-2.829946877102652025e-01,-2.637217567363996373e-01,2.427202378540831429e-01,2.307121087361216905e-01,-2.604215526722626350e-01,1.988888419291704734e-01,-2.526377895294243947e-01,-2.939210524320062801e-01
9.676383832147728015e-01,9.654263673730164586e-01,9.591214765230572370e-01,9.645987948488570218e-01,-9.700963282767632867e-01,-9.730220567297186429e-01,9.654950102945989432e-01,-9.800220551375734557e-01,9.675609269196882023e-01,9.558296997568458409e-01
-9.676383832147728015e-01,-9.654263673730164586e-01,9.591214765230572370e-01,9.645987948488570218e-01,9.700963282767632867e-01,-9.730220567297186429e-01,-9.654950102945989432e-01,9.800220551375734557e-01,-9.675609269196882023e-01,9.558296997568458409e-01
-2.523409584857375099e-01,-2.606759083247658926e-01,2.829946877102652025e-01,2.637217567363996373e-01,2.427202378540831429e-01,-2.307121087361216905e-01,-2.604215526722626350e-01,1.988888419291704734e-01,-2.526377895294243947e-01,2.939210524320062801e-01
-2.846684143959803959e-01,-2.909131058358072064e-01,-3.025100095690695934e-01,-2.929959284441953082e-01,2.903008811397833067e-01,2.764369700164178156e-01,-2.967530352343443201e-01,2.780776926856897147e-01,-2.772805800748860960e-01,-3.069579184884438927e-01
9.586260448398417067e-01,9.567494786269624685e-01,9.531462081498941474e-01,9.561136888022909730e-01,-9.569354201875198696e-01,-9.610320502502204265e-01,9.549542586319011983e-01,-9.605585858398243415e-01,9.607889882348437105e-01,9.517230880236341450e-01
-9.586260448398417067e-01,-9.567494786269624685e-01,9.531462081498941474e-01,9.561136888022909730e-01,9.569354201875198696e-01,-9.610320502502204265e-01,-9.549542586319011983e-01,-9.605585858398243415e-01,-9.607889882348437105e-01,-9.517230880236341450e-01
-2.846684143959803959e-01,-2.909131058358072064e-01,3.025100095690695934e-01,2.929959284441953082e-01,2.903008811397833067e-01,-2.764369700164178156e-01,-2.967530352343443201e-01,-2.780776926856897147e-01,-2.772805800748860960e-01,-3.069579184884438927e-01
-2.816634986575549116e-01,-2.857856719256890443e-01,-2.905801437284865618e-01,-2.870295869164034008e-01,2.922753595201353360e-01,2.808589725805004655e-01,2.928546185725686701e-01,2.950122114131574214e-01,-2.723757578403108170e-01,-2.915095263519351665e-01
9.595132482274463248e-01,9.582935613484954152e-01,9.568506571407747741e-01,9.579217171745293413e-01,-9.563342063407413995e-01,-9.597490492420533981e-01,-9.561569810343463205e-01,-9.554934825089694828e-01,9.621909615772309410e-01,9.565679254742290860e-01
-9.595132482274463248e-01,-9.582935613484954152e-01,9.568506571407747741e-01,9.579217171745293413e-01,9.563342063407413995e-01,-9.597490492420533981e-01,-9.561569810343463205e-01,-9.554934825089694828e-01,-9.621909615772309410e-01,-9.565679254742290860e-01
-2.816634986575549116e-01,-2.857856719256890443e-01,2.905801437284865618e-01,2.870295869164034008e-01,2.922753595201353360e-01,-2.808589725805004655e-01,-2.928546185725686701e-01,-2.950122114131574214e-01,-2.723757578403108170e-01,-2.915095263519351665e-01
-2.573494762037288330e-01,-2.598011029631907554e-01,2.605839021180095805e-01,-2.604542373155551704e-01,2.685163227819422072e-01,-2.602405620431282318e-01,2.662980083987320779e-01,2.772942853991290368e-01,-2.485798236550690876e-01,-2.596692681833801530e-01
9.663183984058599796e-01,9.656621494596905331e-01,-9.654512053734003452e-01,9.654861937202274813e-01,-9.632751343202335947e-01,9.655438104340354766e-01,-9.638907462585523112e-01,-9.607850328169077470e-01,9.686114139693043912e-01,9.656976085509936247e-01
-9.663183984058599796e-01,-9.656621494596905331e-01,9.654512053734003452e-01,9.654861937202274813e-01,-9.632751343202335947e-01,-9.655438104340354766e-01,-9.638907462585523112e-01,-9.607850328169077470e-01,-9.686114139693043912e-01,-9.656976085509936247e-01
-2.573494762037288330e-01,-2.598011029631907554e-01,2.605839021180095805e-01,2.604542373155551704e-01,-2.685163227819422072e-01,-2.602405620431282318e-01,-2.662980083987320779e-01,-2.772942853991290368e-01,-2.485798236550690876e-01,-2.596692681833801530e-01
-2.238941320322717088e-01,-2.251377322800297842e-01,2.236462053509827297e-01,-2.254093448266310529e-01,2.340286922451198515e-01,-2.284628926926821624e-01,2.305881292791614190e-01,2.447718568946808670e-01,-2.163939797567652201e-01,-2.217812959758250491e-01
9.746134708906478705e-01,9.743269479511513786e-01,-9.746703929186041337e-01,9.742641465561733272e-01,-9.722296905598176719e-01,9.735526214142158352e-01,-9.730514450097367263e-01,-9.695807021967431938e-01,9.763061228554434923e-01,9.750964345926425025e-01
-9.746134708906478705e-01,-9.743269479511513786e-01,-9.746703929186041337e-01,9.742641465561733272e-01,9.722296905598176719e-01,9.735526214142158352e-01,-9.730514450097367263e-01,9.695807021967431938e-01,-9.763061228554434923e-01,-9.750964345926425025e-01
-2.238941320322717088e-01,-2.251377322800297842e-01,-2.236462053509827297e-01,2.254093448266310529e-01,2.340286922451198515e-01,2.284628926926821624e-01,-2.305881292791614190e-01,2.447718568946808670e-01,-2.163939797567652201e-01,-2.217812959758250491e-01
-1.894471700971179506e-01,-1.898159853546574072e-01,1.869678701758790695e-01,1.898389581328276676e-01,1.982564869667875207e-01,1.947809819375613538e-01,-1.942754763052405298e-01,2.094332607884613340e-01,-1.832375813620663596e-01,-1.845552726776114039e-01
9.818909153985455607e-01,9.818196839052680813e-01,-9.823660292996168053e-01,-9.818152422808695823e-01,-9.801501749097368821e-01,-9.808467612606156516e-01,9.809470114671697827e-01,-9.778229437252493605e-01,9.830686592382955613e-01,9.828221361604004835e-01
-9.818909153985455607e-01,9.818196839052680813e-01,9.823660292996168053e-01,9.818152422808695823e-01,-9.801501749097368821e-01,-9.808467612606156516e-01,9.809470114671697827e-01,9.778229437252493605e-01,9.830686592382955613e-01,9.828221361604004835e-01
-1.894471700971179506e-01,1.898159853546574072e-01,1.869678701758790695e-01,1.898389581328276676e-01,-1.982564869667875207e-01,-1.947809819375613538e-01,1.942754763052405298e-01,2.094332607884613340e-01,1.832375813620663596e-01,1.845552726776114039e-01
-1.579049740113275813e-01,-1.575651586500635692e-01,1.536941877445586468e-01,1.573990406344087101e-01,1.655653747078530968e-01,-1.637416893277526542e-01,-1.612196383754692097e-01,1.768969985327806527e-01,-1.528021105335906071e-01,-1.508323172574899118e-01
9.874543124532305649e-01,9.875085927624023263e-01,-9.881184628644180679e-01,-9.875350839374605894e-01,-9.861988170231436035e-01,9.865032484366658139e-01,9.869185519596249678e-01,-9.842293695628543393e-01,9.882568062080223648e-01,9.885593619357089246e-01
9.874543124532305649e-01,9.875085927624023263e-01,9.881184628644180679e-01,9.875350839374605894e-01,-9.861988170231436035e-01,-9.865032484366658139e-01,9.869185519596249678e-01,9.842293695628543393e-01,9.882568062080223648e-01,9.885593619357089246e-01
1.579049740113275813e-01,1.575651586500635692e-01,1.536941877445586468e-01,1.573990406344087101e-01,-1.655653747078530968e-01,-1.637416893277526542e-01,1.612196383754692097e-01,1.768969985327806527e-01,1.528021105335906071e-01,1.508323172574899118e-01
-1.302199574719102027e-01,-1.291668609160027403e-01,1.242066943140795049e-01,1.288099224002475229e-01,1.369385103783938851e-01,-1.366457417298159727e-01,-1.321349747043942258e-01,1.486928999612876501e-01,-1.261197064160975156e-01,1.208051050369415153e-01
9.914851298310095595e-01,9.916228728912549473e-01,-9.922563666147820038e-01,-9.916693016783579839e-01,-9.905795497461808985e-01,9.906199782293451106e-01,9.912317329766381357e-01,-9.888834215928093974e-01,9.920150299534364891e-01,-9.926762446019413710e-01
9.914851298310095595e-01,9.916228728912549473e-01,9.922563666147820038e-01,9.916693016783579839e-01,-9.905795497461808985e-01,-9.906199782293451106e-01,9.912317329766381357e-01,-9.888834215928093974e-01,9.920150299534364891e-01,9.926762446019413710e-01
1.302199574719102027e-01,1.291668609160027403e-01,1.242066943140795049e-01,1.288099224002475229e-01,-1.369385103783938851e-01,-1.366457417298159727e-01,1.321349747043942258e-01,-1.486928999612876501e-01,1.261197064160975156e-01,1.208051050369415153e-01
-1.059884231255132370e-01,-1.040307383410656733e-01,9.758765323485832366e-02,1.034211787151123191e-01,1.117749023070611636e-01,-1.132871055985937986e-01,-1.062591924605360144e-01,-1.244461130458713871e-01,-1.030355682916957449e-01,-9.340990821152635182e-02
9.943673637863257309e-01,9.945740824494736509e-01,-9.952269338880015415e-01,-9.946376525112935463e-01,-9.937335514182094043e-01,9.935622938221301270e-01,9.943384655224972724e-01,9.922263677950582395e-01,9.946776722470489496e-01,9.956277361784947599e-01
9.943673637863257309e-01,9.945740824494736509e-01,9.952269338880015415e-01,9.946376525112935463e-01,-9.937335514182094043e-01,-9.935622938221301270e-01,9.943384655224972724e-01,-9.922263677950582395e-01,9.946776722470489496e-01,9.956277361784947599e-01
1.059884231255132370e-01,1.040307383410656733e-01,9.758765323485832366e-02,1.034211787151123191e-01,-1.117749023070611636e-01,-1.132871055985937986e-01,1.062591924605360144e-01,-1.244461130458713871e-01,1.030355682916957449e-01,9.340990821152635182e-02
-8.425675937912771585e-02,-8.092452560097503078e-02,7.213948382599960629e-02,7.991063089352692939e-02,8.877802222663713771e-02,-9.294263425170946891e-02,-8.209098289026196815e-02,-1.030851107006666018e-01,-8.302146352774317228e-02,-6.673097093743536601e-02
9.964440769551132782e-01,9.967202321395191023e-01,-9.973945532603025743e-01,-9.968020320355481800e-01,-9.960514358051631989e-01,9.956714652626902362e-01,9.966248394095496010e-01,9.946725390558599500e-01,9.965477593139786539e-01,9.977710045485121970e-01
9.964440769551132782e-01,9.967202321395191023e-01,9.973945532603025743e-01,9.968020320355481800e-01,-9.960514358051631989e-01,-9.956714652626902362e-01,9.966248394095496010e-01,-9.946725390558599500e-01,9.965477593139786539e-01,9.977710045485121970e-01
8.425675937912771585e-02,8.092452560097503078e-02,7.213948382599960629e-02,7.991063089352692939e-02,-8.877802222663713771e-02,-9.294263425170946891e-02,8.209098289026196815e-02,-1.030851107006666018e-01,8.302146352774317228e-02,6.673097093743536601e-02
-6.199667647099774137e-02,-5.611677225732544100e-02,4.278511077367024018e-02,5.431730828166925901e-02,6.444160533637653676e-02,-7.337773608221440091e-02,-5.543519131420742568e-02,-8.205037023083103231e-02,-6.390084445368003629e-02,-3.496335659429410797e-02
9.980763558498672028e-01,9.984242123824017545e-01,-9.990842978928675677e-01,-9.985237253170472504e-01,-9.979214796273656596e-01,9.973042203096550429e-01,9.984622875021156307e-01,9.966281838002495341e-01,9.979562525873099110e-01,9.993885949397562918e-01
9.980763558498672028e-01,9.984242123824017545e-01,9.990842978928675677e-01,9.985237253170472504e-01,-9.979214796273656596e-01,-9.973042203096550429e-01,9.984622875021156307e-01,-9.966281838002495341e-01,9.979562525873099110e-01,9.993885949397562918e-01
6.199667647099774137e-02,5.611677225732544100e-02,4.278511077367024018e-02,5.431730828166925901e-02,-6.444160533637653676e-02,-7.337773608221440091e-02,5.543519131420742568e-02,-8.205037023083103231e-02,6.390084445368003629e-02,3.496335659429410797e-02
-1.803288575969244981e-02,-4.813706087444734674e-03,-2.334662482599095951e-02,7.047497694233744716e-04,1.782228864165898152e-02,-3.903696896623027462e-02,-7.234940728196479712e-04,-4.738704303476521523e-02,-2.718666891243138109e-02,3.986969772157269998e-02
9.998373942952811788e-01,9.999884140497348195e-01,-9.997274304075257634e-01,-9.999997516638503559e-01,-9.998411704003659084e-01,9.992377670274124046e-01,9.999997382781290467e-01,9.988766030658745576e-01,9.996303742051089181e-01,9.992048874998512575e-01
9.998373942952811788e-01,9.999884140497348195e-01,9.997274304075257634e-01,9.999997516638503559e-01,-9.998411704003659084e-01,-9.992377670274124046e-01,9.999997382781290467e-01,-9.988766030658745576e-01,9.996303742051089181e-01,9.992048874998512575e-01
1.803288575969244981e-02,4.813706087444734674e-03,-2.334662482599095951e-02,7.047497694233744716e-04,-1.782228864165898152e-02,-3.903696896623027462e-02,7.234940728196479712e-04,-4.738704303476521523e-02,2.718666891243138109e-02,-3.986969772157269998e-02
8.613211481737257369e-01,8.417798184370461900e-01,-8.455528849623820120e-01,-8.353260414723111538e-01,-7.000858140706374133e-01,7.980244866075568710e-01,-7.682264384885979513e-01,3.980303755736045446e-01,9.339924070146212731e-01,8.588442065409780390e-01
5.080609015745009005e-01,5.398210233698699234e-01,-5.338916732182592551e-01,-5.497548584944008665e-01,-7.140587181297157748e-01,6.026250233559382607e-01,-6.401782089442942247e-01,9.173722364017429243e-01,3.572928541673257019e-01,5.122368874759001267e-01
-5.080609015745009005e-01,-5.398210233698699234e-01,5.338916732182592551e-01,5.497548584944008665e-01,-7.140587181297157748e-01,-6.026250233559382607e-01,6.401782089442942247e-01,-9.173722364017429243e-01,-3.572928541673257019e-01,-5.122368874759001267e-01
8.613211481737257369e-01,8.417798184370461900e-01,-8.455528849623820120e-01,-8.353260414723111538e-01,7.000858140706374133e-01,7.980244866075568710e-01,-7.682264384885979513e-01,3.980303755736045446e-01,9.339924070146212731e-01,8.588442065409780390e-01
9.830213657491050361e-01,9.811434944427039895e-01,-9.787271944623608944e-01,9.804695585040644756e-01,-9.783780295824331397e-01,-9.835235928732569688e-01,-9.779184552826416521e-01,-9.773937762699972387e-01,9.866180367684599384e-01,9.781815823766847329e-01
1.834911291609598316e-01,1.932807370452620521e-01,-2.051659787095226339e-01,1.966709049321858638e-01,-2.068246388378227885e-01,-1.807798170750256062e-01,-2.089868292922121840e-01,-2.114270704254180844e-01,1.630486109206389089e-01,2.077517554656164445e-01
-1.834911291609598316e-01,-1.932807370452620521e-01,2.051659787095226339e-01,1.966709049321858638e-01,-2.068246388378227885e-01,-1.807798170750256062e-01,-2.089868292922121840e-01,-2.114270704254180844e-01,-1.630486109206389089e-01,-2.077517554656164445e-01
9.830213657491050361e-01,9.811434944427039895e-01,-9.787271944623608944e-01,-9.804695585040644756e-01,9.783780295824331397e-01,9.835235928732569688e-01,9.779184552826416521e-01,9.773937762699972387e-01,9.866180367684599384e-01,9.781815823766847329e-01
9.841149799662936015e-01,9.832323091532503279e-01,-9.821123617145267604e-01,9.829063754792674024e-01,-9.818980424837516763e-01,-9.842692612515905326e-01,-9.817023280466369295e-01,-9.814008909163177696e-01,9.860109037548837607e-01,9.818826420739046323e-01
1.775322680696143907e-01,1.823574134417545733e-01,-1.882958017787823568e-01,1.841061026750867302e-01,-1.894102271963597206e-01,-1.766749030146848032e-01,-1.904220026882741945e-01,-1.919695061947541970e-01,1.666808257613259514e-01,1.894900451051942103e-01
-1.775322680696143907e-01,-1.823574134417545733e-01,1.882958017787823568e-01,1.841061026750867302e-01,-1.894102271963597206e-01,-1.766749030146848032e-01,-1.904220026882741945e-01,-1.919695061947541970e-01,-1.666808257613259514e-01,-1.894900451051942103e-01
9.841149799662936015e-01,9.832323091532503279e-01,-9.821123617145267604e-01,-9.829063754792674024e-01,9.818980424837516763e-01,9.842692612515905326e-01,9.817023280466369295e-01,9.814008909163177696e-01,9.860109037548837607e-01,9.818826420739046323e-01
9.807599962123300097e-01,9.801750142734708682e-01,-9.794561887000784450e-01,9.799505839931834661e-01,-9.791912921344665399e-01,-9.807905888187575805e-01,-9.791041828641975364e-01,-9.787204093471366662e-01,9.821434116942671100e-01,9.793430236076778872e-01
1.952173912068044248e-01,1.981336452851993613e-01,-2.016570713293143191e-01,1.992406909529749748e-01,-2.029394328562930117e-01,-1.950636329113012990e-01,-2.033592857428249689e-01,-2.051983438709322205e-01,1.881337791720169017e-01,2.022059398508642136e-01
-1.952173912068044248e-01,-1.981336452851993613e-01,2.016570713293143191e-01,1.992406909529749748e-01,-2.029394328562930117e-01,-1.950636329113012990e-01,-2.033592857428249689e-01,-2.051983438709322205e-01,-1.881337791720169017e-01,-2.022059398508642136e-01
9.807599962123300097e-01,9.801750142734708682e-01,-9.794561887000784450e-01,-9.799505839931834661e-01,9.791912921344665399e-01,9.807905888187575805e-01,9.791041828641975364e-01,9.787204093471366662e-01,9.821434116942671100e-01,9.793430236076778872e-01
9.753051948750071087e-01,9.748704676727092400e-01,-9.743458535433021650e-01,9.746961415837098741e-01,-9.740725159504689534e-01,-9.752852157621036966e-01,-9.740319382588507047e-01,-9.736307966532805613e-01,9.764096147603098519e-01,9.742862846406450394e-01
2.208614426508716810e-01,2.227724652186475751e-01,-2.250558990183855468e-01,2.235339606901567966e-01,-2.262360132028570781e-01,-2.209496501827209192e-01,-2.264106518070791441e-01,-2.281295066586044862e-01,2.159265250116882140e-01,2.253136382048983588e-01
-2.208614426508716810e-01,-2.227724652186475751e-01,2.250558990183855468e-01,2.235339606901567966e-01,-2.262360132028570781e-01,-2.209496501827209192e-01,-2.264106518070791441e-01,-2.281295066586044862e-01,-2.159265250116882140e-01,-2.253136382048983588e-01
9.753051948750071087e-01,9.748704676727092400e-01,-9.743458535433021650e-01,-9.746961415837098741e-01,9.740725159504689534e-01,9.752852157621036966e-01,9.740319382588507047e-01,9.736307966532805613e-01,9.764096147603098519e-01,9.742862846406450394e-01
9.683416681166272522e-01,9.680045276796570564e-01,-9.675989665777381399e-01,9.678622135596112175e-01,-9.673441811744332153e-01,-9.683017120169004066e-01,-9.673243127683387454e-01,-9.669459964448651190e-01,9.692460850748428891e-01,9.675663824895937015e-01
2.496285516304328767e-01,2.509327288172751302e-01,-2.524920590388801123e-01,2.514810839078943094e-01,-2.534664379123310884e-01,-2.497834952616755921e-01,-2.535422527454966324e-01,-2.549812541330180315e-01,2.460935321520876240e-01,2.526168946765067758e-01
-2.496285516304328767e-01,-2.509327288172751302e-01,2.524920590388801123e-01,2.514810839078943094e-01,-2.534664379123310884e-01,-2.497834952616755921e-01,-2.535422527454966324e-01,-2.549812541330180315e-01,-2.460935321520876240e-01,-2.526168946765067758e-01
9.683416681166272522e-01,9.680045276796570564e-01,-9.675989665777381399e-01,-9.678622135596112175e-01,9.673441811744332153e-01,9.683017120169004066e-01,9.673243127683387454e-01,9.669459964448651190e-01,9.692460850748428891e-01,9.675663824895937015e-01
9.602202217537173512e-01,9.599549142597163520e-01,-9.596329884187040360e-01,9.598357348886230600e-01,-9.594089666365533953e-01,-9.601742793456516933e-01,-9.593979517178146121e-01,-9.590608635730670795e-01,9.609644770037265582e-01,9.596137302144980286e-01
2.792438463695156026e-01,2.801545334072263471e-01,-2.812552711303157316e-01,2.805625813090848464e-01,-2.820185007005404088e-01,-2.794017775230832612e-01,-2.820559700479002840e-01,-2.832000352444943303e-01,2.766717801600921955e-01,2.813209711056335327e-01
-2.792438463695156026e-01,-2.801545334072263471e-01,2.812552711303157316e-01,2.805625813090848464e-01,2.820185007005404088e-01,-2.794017775230832612e-01,-2.820559700479002840e-01,-2.832000352444943303e-01,-2.766717801600921955e-01,-2.813209711056335327e-01
9.602202217537173512e-01,9.599549142597163520e-01,-9.596329884187040360e-01,-9.598357348886230600e-01,-9.594089666365533953e-01,9.601742793456516933e-01,9.593979517178146121e-01,9.590608635730670795e-01,9.609644770037265582e-01,9.596137302144980286e-01
9.511920656196474200e-01,9.509827426392760685e-01,-9.507242527751037509e-01,9.508810433867952439e-01,-9.505339409540747297e-01,-9.511461819826808606e-01,-9.505263032335775630e-01,-9.502354590319977978e-01,9.518040523915205497e-01,9.507105763389376296e-01
3.085995047018518234e-01,3.092439541887285759e-01,-3.100377318734297005e-01,3.095565236392854858e-01,-3.106207125970761873e-01,-3.087408954119441051e-01,-3.106440838984530495e-01,-3.115326185140943616e-01,3.067067750328960063e-01,3.100796672426056055e-01
-3.085995047018518234e-01,-3.092439541887285759e-01,3.100377318734297005e-01,3.095565236392854858e-01,3.106207125970761873e-01,-3.087408954119441051e-01,-3.106440838984530495e-01,-3.115326185140943616e-01,-3.067067750328960063e-01,-3.100796672426056055e-01
9.511920656196474200e-01,9.509827426392760685e-01,-9.507242527751037509e-01,-9.508810433867952439e-01,-9.505339409540747297e-01,9.511461819826808606e-01,9.505263032335775630e-01,9.502354590319977978e-01,9.518040523915205497e-01,9.507105763389376296e-01
9.414163367441146235e-01,9.412517489988864172e-01,-9.410434143910858529e-01,9.411632968319330050e-01,-9.408848297792645754e-01,-9.413725949973231755e-01,-9.408781619392940776e-01,-9.406313856135853912e-01,9.419189740837412561e-01,9.410306857028831740e-01
3.372466173459594541e-01,3.377057076901981425e-01,-3.382858144101925646e-01,3.379521396536006028e-01,-3.387266406576903699e-01,-3.373686965146673877e-01,-3.387451614204039507e-01,-3.394298107100591211e-01,3.358402094166691998e-01,3.383212209802418657e-01
-3.372466173459594541e-01,-3.377057076901981425e-01,3.382858144101925646e-01,3.379521396536006028e-01,3.387266406576903699e-01,-3.373686965146673877e-01,-3.387451614204039507e-01,-3.394298107100591211e-01,-3.358402094166691998e-01,-3.383212209802418657e-01
9.414163367441146235e-01,9.412517489988864172e-01,-9.410434143910858529e-01,-9.411632968319330050e-01,-9.408848297792645754e-01,9.413725949973231755e-01,9.408781619392940776e-01,9.406313856135853912e-01,9.419189740837412561e-01,9.410306857028831740e-01
9.309664849034113843e-01,9.308380877231385853e-01,-9.306703271168207392e-01,9.307594840862075669e-01,-9.305394040357301000e-01,-9.309250873291048389e-01,-9.305327435625362353e-01,-9.303246931039605983e-01,9.313792971981936786e-01,9.306556685421163433e-01
3.651046479936766453e-01,3.654318738751868301e-01,-3.658589102704347118e-01,3.656320319441073718e-01,-3.661917769923679344e-01,-3.652101884960201050e-01,-3.662087016415354612e-01,-3.667369157870826180e-01,3.640502777784938582e-01,3.658961964962554325e-01
-3.651046479936766453e-01,-3.654318738751868301e-01,3.658589102704347118e-01,3.656320319441073718e-01,3.661917769923679344e-01,-3.652101884960201050e-01,-3.662087016415354612e-01,-3.667369157870826180e-01,-3.640502777784938582e-01,-3.658961964962554325e-01
9.309664849034113843e-01,9.308380877231385853e-01,-9.306703271168207392e-01,-9.307594840862075669e-01,-9.305394040357301000e-01,9.309250873291048389e-01,9.305327435625362353e-01,9.303246931039605983e-01,9.313792971981936786e-01,9.306556685421163433e-01
9.198475671910640861e-01,9.197487130425140434e-01,-9.196142511588516477e-01,9.196771767931025687e-01,-9.195064489176695277e-01,-9.198079220029312664e-01,-9.194994740658887222e-01,-9.193239436210998150e-01,9.201870130132279169e-01,9.195958198825014973e-01
3.922759910224954405e-01,3.925077131173846934e-01,-3.928226432698916359e-01,3.926752990523704190e-01,-3.930749170308598384e-01,-3.923689419674413204e-01,-3.930912326579595328e-01,-3.935015713881570010e-01,3.914790685104294066e-01,3.928657888575051160e-01
-3.922759910224954405e-01,-3.925077131173846934e-01,3.928226432698916359e-01,3.926752990523704190e-01,3.930749170308598384e-01,-3.923689419674413204e-01,-3.930912326579595328e-01,-3.935015713881570010e-01,-3.914790685104294066e-01,-3.928657888575051160e-01
9.198475671910640861e-01,9.197487130425140434e-01,-9.196142511588516477e-01,-9.196771767931025687e-01,-9.195064489176695277e-01,9.198079220029312664e-01,9.194994740658887222e-01,9.193239436210998150e-01,9.201870130132279169e-01,9.195958198825014973e-01
9.080181142139706063e-01,9.079436048559162975e-01,-9.078367798982335257e-01,9.078768652392927851e-01,-9.077478572404344970e-01,-9.079793763396671880e-01,-9.077405048033798662e-01,-9.075915678729927771e-01,9.082977959841452842e-01,9.078133672593372561e-01
4.189309063071197659e-01,4.190923649999408473e-01,-4.193237186995343313e-01,4.192369229484384507e-01,-4.195161828528188308e-01,-4.190148590943151841e-01,-4.195320916679737833e-01,-4.198541960321971467e-01,4.183241731126041696e-01,4.193744033978036856e-01
-4.189309063071197659e-01,-4.190923649999408473e-01,4.193237186995343313e-01,4.192369229484384507e-01,4.195161828528188308e-01,-4.190148590943151841e-01,-4.195320916679737833e-01,-4.198541960321971467e-01,-4.183241731126041696e-01,-4.193744033978036856e-01
9.080181142139706063e-01,9.079436048559162975e-01,-9.078367798982335257e-01,-9.078768652392927851e-01,-9.077478572404344970e-01,9.079793763396671880e-01,9.077405048033798662e-01,9.075915678729927771e-01,9.082977959841452842e-01,9.078133672593372561e-01
8.954112318344589205e-01,8.953570005801004816e-01,-8.952733542992998839e-01,8.952932247726084203e-01,-8.951996634546346421e-01,-8.953725557758522857e-01,-8.951919585679947167e-01,-8.950644345252828371e-01,8.956422017563011595e-01,8.952441628744696178e-01
4.452400767054746633e-01,4.453491231743987866e-01,-4.455172511605809960e-01,4.454773189246153398e-01,-4.456653032834266281e-01,-4.453178486917160339e-01,-4.456807796115935805e-01,-4.459368319032815942e-01,4.447752763285351962e-01,4.455759069330277322e-01
-4.452400767054746633e-01,-4.453491231743987866e-01,4.455172511605809960e-01,4.454773189246153398e-01,4.456653032834266281e-01,-4.453178486917160339e-01,-4.456807796115935805e-01,4.459368319032815942e-01,-4.447752763285351962e-01,-4.455759069330277322e-01
8.954112318344589205e-01,8.953570005801004816e-01,-8.952733542992998839e-01,-8.952932247726084203e-01,-8.951996634546346421e-01,8.953725557758522857e-01,8.951919585679947167e-01,-8.950644345252828371e-01,8.956422017563011595e-01,8.952441628744696178e-01
8.819530647223835507e-01,8.819159191489439609e-01,-8.818519105376467770e-01,8.818536569999685382e-01,-8.817904484345764349e-01,-8.819137158156500345e-01,-8.817824360885260226e-01,-8.816720071223657085e-01,8.821442008872449891e-01,8.818164361639880822e-01
4.713372376831638233e-01,4.714067368543573000e-01,-4.715264657271128201e-01,4.715231994671965077e-01,-4.716413945462682999e-01,-4.714108588654199461e-01,-4.716563742872394438e-01,-4.718627680341171415e-01,4.709794144556682105e-01,4.715928041340783361e-01
-4.713372376831638233e-01,-4.714067368543573000e-01,4.715264657271128201e-01,4.715231994671965077e-01,4.716413945462682999e-01,-4.714108588654199461e-01,-4.716563742872394438e-01,4.718627680341171415e-01,-4.709794144556682105e-01,-4.715928041340783361e-01
8.819530647223835507e-01,8.819159191489439609e-01,-8.818519105376467770e-01,-8.818536569999685382e-01,-8.817904484345764349e-01,8.819137158156500345e-01,8.817824360885260226e-01,-8.816720071223657085e-01,8.821442008872449891e-01,8.818164361639880822e-01
8.675789284267576562e-01,8.675563323179993347e-01,-8.675091138486699105e-01,8.674944767784881217e-01,-8.674574674812086661e-01,-8.675383309653977859e-01,-8.674491902953460620e-01,-8.673523606613799952e-01,8.677373227041313974e-01,8.674670936349222483e-01
4.972995103052876842e-01,4.973389289558388660e-01,-4.974212876320186494e-01,4.974468140000667393e-01,-4.975113487259240630e-01,-4.973703291369236945e-01,-4.975257804937837647e-01,-4.976945674358234650e-01,4.970230767140154104e-01,4.974945642522952682e-01
-4.972995103052876842e-01,-4.973389289558388660e-01,4.974212876320186494e-01,4.974468140000667393e-01,4.975113487259240630e-01,-4.973703291369236945e-01,-4.975257804937837647e-01,4.976945674358234650e-01,-4.970230767140154104e-01,-4.974945642522952682e-01
8.675789284267576562e-01,8.675563323179993347e-01,-8.675091138486699105e-01,-8.674944767784881217e-01,-8.674574674812086661e-01,8.675383309653977859e-01,8.674491902953460620e-01,-8.673523606613799952e-01,8.677373227041313974e-01,8.674670936349222483e-01
8.522482207534824994e-01,8.522381068871610621e-01,-8.522053385280262683e-01,8.521758712004828817e-01,-8.521615950987707633e-01,-8.522059826766095192e-01,-8.521530909099748197e-01,-8.520670897994374604e-01,8.523795388748292012e-01,8.521567431465308928e-01
5.231376207295009850e-01,5.231540969632063609e-01,-5.232074741288889053e-01,5.232554677628301620e-01,-5.232787171658318526e-01,-5.232064249320665938e-01,-5.232925660207454754e-01,-5.234325882868942070e-01,5.229236289435900131e-01,5.232866185083442367e-01
-5.231376207295009850e-01,-5.231540969632063609e-01,5.232074741288889053e-01,5.232554677628301620e-01,5.232787171658318526e-01,-5.232064249320665938e-01,-5.232925660207454754e-01,5.234325882868942070e-01,-5.229236289435900131e-01,-5.232866185083442367e-01
8.522482207534824994e-01,8.522381068871610621e-01,-8.522053385280262683e-01,-8.521758712004828817e-01,-8.521615950987707633e-01,8.522059826766095192e-01,8.521530909099748197e-01,-8.520670897994374604e-01,8.523795388748292012e-01,8.521567431465308928e-01
8.359592400946530555e-01,8.359598482641118489e-01,-8.359395377319672749e-01,8.358967601531290814e-01,-8.359021922819596107e-01,-8.359151730958204185e-01,-8.358934995699494053e-01,-8.358161761541114121e-01,8.360680360868006922e-01,8.358845951961094700e-01
5.487915350115836199e-01,5.487906086024459951e-01,-5.488215459112960604e-01,5.488866972021659851e-01,-5.488784245515703208e-01,-5.488586552002113761e-01,-5.488916626955661071e-01,-5.490093985344142169e-01,5.486257732133629217e-01,5.489052227059204592e-01
-5.487915350115836199e-01,-5.487906086024459951e-01,5.488215459112960604e-01,5.488866972021659851e-01,5.488784245515703208e-01,-5.488586552002113761e-01,-5.488916626955661071e-01,5.490093985344142169e-01,-5.486257732133629217e-01,-5.489052227059204592e-01
8.359592400946530555e-01,8.359598482641118489e-01,-8.359395377319672749e-01,-8.358967601531290814e-01,-8.359021922819596107e-01,8.359151730958204185e-01,8.358934995699494053e-01,-8.358161761541114121e-01,8.360680360868006922e-01,8.358845951961094700e-01
8.187647341913342203e-01,8.187744695477465751e-01,-8.187648322272427226e-01,8.187103814091695186e-01,-8.187327057927975549e-01,-8.187188773799716213e-01,-8.187238718243221580e-01,-8.186536029757958133e-01,8.188547155455574433e-01,8.187040749758558444e-01
5.741291753992249225e-01,5.741152915720032501e-01,-5.741290355903408971e-01,5.742066800141324423e-01,-5.741748483390790581e-01,-5.741945661721983285e-01,-5.741874447469145215e-01,-5.742876268341048362e-01,5.740008317318052722e-01,5.742156716930741922e-01
-5.741291753992249225e-01,-5.741152915720032501e-01,5.741290355903408971e-01,5.742066800141324423e-01,5.741748483390790581e-01,-5.741945661721983285e-01,-5.741874447469145215e-01,5.742876268341048362e-01,-5.740008317318052722e-01,-5.742156716930741922e-01
8.187647341913342203e-01,8.187744695477465751e-01,-8.187648322272427226e-01,-8.187103814091695186e-01,-8.187327057927975549e-01,8.187188773799716213e-01,8.187238718243221580e-01,-8.186536029757958133e-01,8.188547155455574433e-01,8.187040749758558444e-01
8.007886500560803533e-01,8.008059574081372034e-01,-8.008052914785248610e-01,8.007410707802644634e-01,-8.007774634273967518e-01,-8.007413000663458069e-01,-8.007685531008815749e-01,-8.007041704792310366e-01,8.008628972486349085e-01,8.007396211532723518e-01
5.989470243196474142e-01,5.989238837946244676e-01,-5.989247741912123724e-01,5.990106322642991810e-01,-5.989619804852258644e-01,-5.990103257607987119e-01,-5.989738928907675231e-01,-5.990599564126836141e-01,5.988477434294318114e-01,5.990125700812245491e-01
-5.989470243196474142e-01,-5.989238837946244676e-01,5.989247741912123724e-01,5.990106322642991810e-01,5.989619804852258644e-01,-5.990103257607987119e-01,-5.989738928907675231e-01,5.990599564126836141e-01,-5.988477434294318114e-01,-5.990125700812245491e-01
8.007886500560803533e-01,8.008059574081372034e-01,-8.008052914785248610e-01,-8.007410707802644634e-01,-8.007774634273967518e-01,8.007413000663458069e-01,8.007685531008815749e-01,-8.007041704792310366e-01,8.008628972486349085e-01,8.007396211532723518e-01
7.822443308666848782e-01,7.822675809463686125e-01,-7.822741541233575457e-01,7.822024836155360150e-01,-7.822499082981266838e-01,-7.821960792011668495e-01,-7.822410130437578157e-01,-7.821817501520254012e-01,7.823054777020143069e-01,7.822049204774935705e-01
6.229717544374965277e-01,6.229425589894438398e-01,-6.229343045543287438e-01,6.230242969786066176e-01,-6.229647509832094698e-01,-6.230323375895684412e-01,-6.229759204915350512e-01,-6.230503268028309005e-01,6.228949667138297119e-01,6.230212375038252093e-01
-6.229717544374965277e-01,-6.229425589894438398e-01,6.229343045543287438e-01,6.230242969786066176e-01,6.229647509832094698e-01,-6.230323375895684412e-01,-6.229759204915350512e-01,6.230503268028309005e-01,-6.228949667138297119e-01,-6.230212375038252093e-01
7.822443308666848782e-01,7.822675809463686125e-01,-7.822741541233575457e-01,-7.822024836155360150e-01,-7.822499082981266838e-01,7.821960792011668495e-01,7.822410130437578157e-01,-7.821817501520254012e-01,7.823054777020143069e-01,7.822049204774935705e-01
7.634544805842572446e-01,7.634818638160412174e-01,-7.634938078261749306e-01,7.634175793345862049e-01,-7.634725907545959478e-01,-7.634062591095829298e-01,-7.634638375273455901e-01,-7.634092954786471097e-01,7.635048626215166223e-01,7.634229011338297122e-01
6.458616384921944675e-01,6.458292681692149317e-01,-6.458151480192207972e-01,6.459052558718816339e-01,-6.458402303716185289e-01,-6.459186353963728422e-01,-6.458505777562010275e-01,-6.459150467180615474e-01,6.458020786226217336e-01,6.458989658022427083e-01
-6.458616384921944675e-01,-6.458292681692149317e-01,-6.458151480192207972e-01,6.459052558718816339e-01,6.458402303716185289e-01,-6.459186353963728422e-01,-6.458505777562010275e-01,6.459150467180615474e-01,-6.458020786226217336e-01,-6.458989658022427083e-01
7.634544805842572446e-01,7.634818638160412174e-01,7.634938078261749306e-01,-7.634175793345862049e-01,-7.634725907545959478e-01,7.634062591095829298e-01,7.634638375273455901e-01,-7.634092954786471097e-01,7.635048626215166223e-01,7.634229011338297122e-01
7.448738160609132963e-01,7.449032371242898520e-01,-7.449184439980447436e-01,7.448412899816408972e-01,-7.448998333480461032e-01,-7.448269539663037175e-01,-7.448913942928394594e-01,-7.448415257426191927e-01,7.449155947445386117e-01,7.448484056789430596e-01
6.672053642971199627e-01,6.671725169112964204e-01,-6.671555379306476352e-01,6.672416749113362355e-01,-6.671763172340974268e-01,-6.672576778466304814e-01,-6.671857392873962178e-01,-6.672414117314715565e-01,6.671587192762982177e-01,6.672337315795241475e-01
-6.672053642971199627e-01,-6.671725169112964204e-01,-6.671555379306476352e-01,6.672416749113362355e-01,-6.671763172340974268e-01,-6.672576778466304814e-01,-6.671857392873962178e-01,6.672414117314715565e-01,-6.671587192762982177e-01,-6.672337315795241475e-01
7.448738160609132963e-01,7.449032371242898520e-01,7.449184439980447436e-01,-7.448412899816408972e-01,7.448998333480461032e-01,7.448269539663037175e-01,7.448913942928394594e-01,-7.448415257426191927e-01,7.449155947445386117e-01,7.448484056789430596e-01
7.271167625754132446e-01,7.271457238431978665e-01,-7.271617333507931491e-01,7.270882302049351820e-01,-7.271454153916595553e-01,-7.270730634434019457e-01,-7.271375194989859736e-01,-7.270926330156037842e-01,7.271520337617287666e-01,7.270958991922513714e-01
6.865138116468233465e-01,6.864831362069659937e-01,-6.864661780089897913e-01,6.865440302686021123e-01,-6.864834629289264800e-01,-6.865600923553790702e-01,-6.864918264166454120e-01,-6.865393674178026373e-01,6.864764524702807735e-01,6.865359082945415858e-01
-6.865138116468233465e-01,-6.864831362069659937e-01,-6.864661780089897913e-01,6.865440302686021123e-01,-6.864834629289264800e-01,-6.865600923553790702e-01,-6.864918264166454120e-01,6.865393674178026373e-01,-6.864764524702807735e-01,-6.865359082945415858e-01
7.271167625754132446e-01,7.271457238431978665e-01,7.271617333507931491e-01,-7.270882302049351820e-01,7.271454153916595553e-01,7.270730634434019457e-01,7.271375194989859736e-01,-7.270926330156037842e-01,7.271520337617287666e-01,7.270958991922513714e-01
7.109952752457624481e-01,7.110207273758588631e-01,-7.110345859772833066e-01,7.109705329317379530e-01,-7.110203418740710379e-01,-7.109571325174661727e-01,-7.110132911665746347e-01,-7.109740835429084749e-01,7.110261735026359720e-01,7.109772929694687660e-01
7.031967851022944416e-01,7.031710497751628708e-01,-7.031570361904325717e-01,7.032218009296642425e-01,-7.031714395801916817e-01,-7.032353487436067141e-01,-7.031785689172244114e-01,-7.032182111765319377e-01,7.031655428092301596e-01,7.032149663380367066e-01
-7.031967851022944416e-01,-7.031710497751628708e-01,-7.031570361904325717e-01,7.032218009296642425e-01,-7.031714395801916817e-01,-7.032353487436067141e-01,-7.031785689172244114e-01,7.032182111765319377e-01,-7.031655428092301596e-01,-7.032149663380367066e-01
7.109952752457624481e-01,7.110207273758588631e-01,7.110345859772833066e-01,-7.109705329317379530e-01,7.110203418740710379e-01,7.109571325174661727e-01,7.110132911665746347e-01,-7.109740835429084749e-01,7.110261735026359720e-01,7.109772929694687660e-01
6.975765979347574586e-01,6.975947188894072726e-01,-6.976027751040893010e-01,6.975556248155863059e-01,-6.975904775660344281e-01,-6.975471833926277787e-01,-6.975846724214345151e-01,-6.975523052014034331e-01,6.976054132299093213e-01,6.975596906880110470e-01
7.165102162661531882e-01,7.164925737072288525e-01,-7.164847298910655971e-01,7.165306345775712682e-01,-7.164967031390947483e-01,-7.165388523597389092e-01,-7.165023550573159650e-01,-7.165338662674697323e-01,7.164821612799076034e-01,7.165266763542346151e-01
-7.165102162661531882e-01,-7.164925737072288525e-01,-7.164847298910655971e-01,7.165306345775712682e-01,7.164967031390947483e-01,-7.165388523597389092e-01,-7.165023550573159650e-01,7.165338662674697323e-01,-7.164821612799076034e-01,-7.165266763542346151e-01
6.975765979347574586e-01,6.975947188894072726e-01,6.976027751040893010e-01,-6.975556248155863059e-01,-6.975904775660344281e-01,6.975471833926277787e-01,6.975846724214345151e-01,-6.975523052014034331e-01,6.976054132299093213e-01,6.975596906880110470e-01
6.882787091400527357e-01,6.882845443043182909e-01,-6.882821195452605290e-01,6.882616945500789063e-01,-6.882717442313748268e-01,-6.882622963248984371e-01,-6.882677259212992560e-01,-6.882439770269037638e-01,6.883080415557643050e-01,6.882607980041041129e-01
7.254463581440758757e-01,7.254408218950713083e-01,-7.254431224529483968e-01,7.254625006263617504e-01,-7.254529661478411606e-01,-7.254619297093249930e-01,-7.254567784886452042e-01,-7.254793092061210258e-01,7.254185274237681114e-01,7.254633511975320248e-01
-7.254463581440758757e-01,7.254408218950713083e-01,7.254431224529483968e-01,7.254625006263617504e-01,7.254529661478411606e-01,-7.254619297093249930e-01,7.254567784886452042e-01,7.254793092061210258e-01,-7.254185274237681114e-01,7.254633511975320248e-01
6.882787091400527357e-01,-6.882845443043182909e-01,-6.882821195452605290e-01,-6.882616945500789063e-01,-6.882717442313748268e-01,6.882622963248984371e-01,-6.882677259212992560e-01,-6.882439770269037638e-01,6.883080415557643050e-01,-6.882607980041041129e-01
6.850342605172285992e-01,6.850211102440649791e-01,-6.850019426277295098e-01,6.850216650855179834e-01,-6.849936040464932319e-01,-6.850367893873606784e-01,-6.849921282524180643e-01,-6.849796736994604451e-01,6.850672526058356748e-01,6.850127870802594776e-01
7.285108522991361468e-01,7.285232175572639024e-01,-7.285412401478977840e-01,7.285226958465085279e-01,-7.285490803064650356e-01,-7.285084743404544039e-01,-7.285504678690577496e-01,-7.285621775926750532e-01,7.284798277283264234e-01,7.285310436326890571e-01
7.285108522991361468e-01,7.285232175572639024e-01,7.285412401478977840e-01,7.285226958465085279e-01,7.285490803064650356e-01,7.285084743404544039e-01,7.285504678690577496e-01,7.285621775926750532e-01,7.284798277283264234e-01,7.285310436326890571e-01
-6.850342605172285992e-01,-6.850211102440649791e-01,-6.850019426277295098e-01,-6.850216650855179834e-01,-6.849936040464932319e-01,-6.850367893873606784e-01,-6.849921282524180643e-01,-6.849796736994604451e-01,-6.850672526058356748e-01,-6.850127870802594776e-01
6.905734238925543833e-01,6.905318024203195293e-01,-6.904871061373318852e-01,6.905660923483758484e-01,-6.904811378261943577e-01,-6.906034740160101881e-01,-6.904833007335640094e-01,-6.904862162682670057e-01,6.906141257686676527e-01,6.905450130917231144e-01
7.232622942012908451e-01,7.233020322425098847e-01,-7.233447008571315395e-01,7.232692943148454345e-01,-7.233503980134688982e-01,-7.232336010425801653e-01,-7.233483333830821316e-01,-7.233455503032641953e-01,7.232234297150355040e-01,7.232894198688047949e-01
-7.232622942012908451e-01,-7.233020322425098847e-01,-7.233447008571315395e-01,-7.232692943148454345e-01,-7.233503980134688982e-01,-7.232336010425801653e-01,-7.233483333830821316e-01,-7.233455503032641953e-01,-7.232234297150355040e-01,-7.232894198688047949e-01
6.905734238925543833e-01,6.905318024203195293e-01,6.904871061373318852e-01,6.905660923483758484e-01,6.904811378261943577e-01,6.906034740160101881e-01,6.904833007335640094e-01,6.904862162682670057e-01,6.906141257686676527e-01,6.905450130917231144e-01
7.088922274954603253e-01,7.088082187187316752e-01,-7.087252074011595182e-01,7.088915697653797032e-01,-7.087223220424661019e-01,-7.089625728863608867e-01,-7.087297615672144557e-01,-7.087543475604205501e-01,7.089461299986189458e-01,7.088521669500134070e-01
7.053168151947920572e-01,7.054012397754759744e-01,-7.054846422100082837e-01,7.053174762584404345e-01,-7.054875408104206436e-01,-7.052461061546893006e-01,-7.054800670953639274e-01,-7.054553669894380041e-01,7.052626353068630616e-01,7.053570765295192890e-01
-7.053168151947920572e-01,-7.054012397754759744e-01,-7.054846422100082837e-01,-7.053174762584404345e-01,-7.054875408104206436e-01,-7.052461061546893006e-01,-7.054800670953639274e-01,-7.054553669894380041e-01,-7.052626353068630616e-01,-7.053570765295192890e-01
7.088922274954603253e-01,7.088082187187316752e-01,7.087252074011595182e-01,7.088915697653797032e-01,7.087223220424661019e-01,7.089625728863608867e-01,7.087297615672144557e-01,7.087543475604205501e-01,7.089461299986189458e-01,7.088521669500134070e-01
7.458945476710671096e-01,7.457480367346737138e-01,-7.456083612220779644e-01,7.459027299650993204e-01,-7.456099234952604515e-01,-7.460238745492988599e-01,-7.456250441262602946e-01,-7.456808060671469285e-01,7.459690309283135701e-01,7.458362507824549681e-01
6.660640537925570648e-01,6.662280883499130946e-01,-6.663844023352641921e-01,6.660548907039210986e-01,-6.663826543251195611e-01,-6.659191982534006238e-01,-6.663657355924841319e-01,-6.663033359236991693e-01,6.659806340246483547e-01,6.661293320510446314e-01
-6.660640537925570648e-01,-6.662280883499130946e-01,-6.663844023352641921e-01,-6.660548907039210986e-01,-6.663826543251195611e-01,-6.659191982534006238e-01,-6.663657355924841319e-01,-6.663033359236991693e-01,-6.659806340246483547e-01,-6.661293320510446314e-01
7.458945476710671096e-01,7.457480367346737138e-01,7.456083612220779644e-01,7.459027299650993204e-01,7.456099234952604515e-01,7.460238745492988599e-01,7.456250441262602946e-01,7.456808060671469285e-01,7.459690309283135701e-01,7.458362507824549681e-01
8.094404222669600024e-01,8.092085631190060191e-01,8.089915444387423271e-01,8.094599812092089230e-01,-8.089997300067515162e-01,8.096502634717680502e-01,-8.090253336544825924e-01,-8.091237236357236018e-01,8.095429881721215581e-01,8.093566554935122115e-01
5.872020119177775443e-01,5.875214901387640909e-01,5.878202795299071193e-01,5.871750495557411798e-01,-5.878090139228925315e-01,5.869126432954878680e-01,-5.877737740876612937e-01,-5.876383240138965958e-01,5.870606018984344532e-01,5.873174645865353316e-01
-5.872020119177775443e-01,-5.875214901387640909e-01,-5.878202795299071193e-01,-5.871750495557411798e-01,-5.878090139228925315e-01,-5.869126432954878680e-01,-5.877737740876612937e-01,-5.876383240138965958e-01,-5.870606018984344532e-01,-5.873174645865353316e-01
8.094404222669600024e-01,8.092085631190060191e-01,8.089915444387423271e-01,8.094599812092089230e-01,8.089997300067515162e-01,8.096502634717680502e-01,8.090253336544825924e-01,8.091237236357236018e-01,8.095429881721215581e-01,8.093566554935122115e-01
9.034050428161493063e-01,9.031033265085574024e-01,9.028233159688863196e-01,9.034344967600392851e-01,-9.028388788597199177e-01,9.036816770998421511e-01,-9.028734239312924403e-01,-9.030090980907220510e-01,9.035274466571719953e-01,9.033015555194349178e-01
4.287882095094864288e-01,4.294233128850575287e-01,4.300116976815217540e-01,4.287261480991503282e-01,-4.299790213711872644e-01,4.282048884284443413e-01,-4.299064786189951692e-01,-4.296214249375616689e-01,4.285302242983234922e-01,4.290061768741439407e-01
-4.287882095094864288e-01,-4.294233128850575287e-01,-4.300116976815217540e-01,-4.287261480991503282e-01,-4.299790213711872644e-01,-4.282048884284443413e-01,-4.299064786189951692e-01,-4.296214249375616689e-01,-4.285302242983234922e-01,-4.290061768741439407e-01
9.034050428161493063e-01,9.031033265085574024e-01,9.028233159688863196e-01,9.034344967600392851e-01,9.028388788597199177e-01,9.036816770998421511e-01,9.028734239312924403e-01,9.030090980907220510e-01,9.035274466571719953e-01,9.033015555194349178e-01
9.925244168454292470e-01,9.923835438832915301e-01,-9.922518389111678605e-01,9.925391362241952065e-01,-9.922606238011175694e-01,-9.926534713663767162e-01,-9.922773068799448648e-01,-9.923433159591905639e-01,9.925785924773744551e-01,9.924775781120812601e-01
1.220462288054843386e-01,1.231864514857022030e-01,-1.242428596636681454e-01,1.219264658034865112e-01,-1.241726799816177534e-01,-1.209920897591322125e-01,-1.240392931739129068e-01,-1.235100938025645856e-01,1.216048426487778694e-01,1.224265369304286116e-01
-1.220462288054843386e-01,-1.231864514857022030e-01,-1.242428596636681454e-01,-1.219264658034865112e-01,-1.241726799816177534e-01,-1.209920897591322125e-01,-1.240392931739129068e-01,-1.235100938025645856e-01,-1.216048426487778694e-01,-1.224265369304286116e-01
9.925244168454292470e-01,9.923835438832915301e-01,9.922518389111678605e-01,9.925391362241952065e-01,9.922606238011175694e-01,9.926534713663767162e-01,9.922773068799448648e-01,9.923433159591905639e-01,9.925785924773744551e-01,9.924775781120812601e-01
9.457372532931250797e-01,-9.461714661436539942e-01,-9.465759171942162986e-01,9.456886902954730889e-01,-9.465479484084976525e-01,-9.453343124109271356e-01,-9.464960865607134899e-01,-9.462915813436834078e-01,9.455715776051766275e-01,9.458796460104419435e-01
-3.249323740927878013e-01,3.236658101430675005e-01,3.224810583397547115e-01,-3.250736855656461421e-01,3.225631432195320003e-01,3.261028024696501215e-01,3.227152895746563943e-01,3.233144646904481112e-01,-3.254141847327151615e-01,-3.245176347491167679e-01
3.249323740927878013e-01,3.236658101430675005e-01,3.224810583397547115e-01,3.250736855656461421e-01,3.225631432195320003e-01,3.261028024696501215e-01,3.227152895746563943e-01,3.233144646904481112e-01,3.254141847327151615e-01,3.245176347491167679e-01
9.457372532931250797e-01,9.461714661436539942e-01,9.465759171942162986e-01,9.456886902954730889e-01,9.465479484084976525e-01,9.453343124109271356e-01,9.464960865607134899e-01,9.462915813436834078e-01,9.455715776051766275e-01,9.458796460104419435e-01
-7.321111805414142193e-01,-7.327793449853963192e-01,-7.334067692568424501e-01,-7.320353846680757171e-01,-7.333603578480124563e-01,-7.314933266409379131e-01,-7.332786568542737360e-01,-7.329590415402139625e-01,7.318600680256245328e-01,-7.323291582166258085e-01
6.811851578875284252e-01,6.804663338937303463e-01,6.797900490653276950e-01,6.812666112425165288e-01,6.798401176284282199e-01,6.818485998224048661e-01,6.799282398915287295e-01,6.802727713384174590e-01,-6.814549440935387947e-01,6.809508088149454075e-01
6.811851578875284252e-01,6.804663338937303463e-01,6.797900490653276950e-01,6.812666112425165288e-01,6.798401176284282199e-01,6.818485998224048661e-01,6.799282398915287295e-01,6.802727713384174590e-01,6.814549440935387947e-01,6.809508088149454075e-01
7.321111805414142193e-01,7.327793449853963192e-01,7.334067692568424501e-01,7.320353846680757171e-01,7.333603578480124563e-01,7.314933266409379131e-01,7.332786568542737360e-01,7.329590415402139625e-01,7.318600680256245328e-01,7.323291582166258085e-01
-5.226429537498974431e-01,-5.231419153960438218e-01,-5.236099783955565634e-01,-5.225892595499839199e-01,-5.235694667601767938e-01,-5.221811321093269287e-01,-5.235082056493514102e-01,-5.232664169665259823e-01,5.224592608026178420e-01,-5.228078596543607182e-01
8.525516658218330601e-01,8.522455845328613666e-01,8.519580920001903479e-01,8.525845798529314568e-01,8.519829889595590400e-01,8.528346060456397648e-01,8.520206327418348158e-01,8.521691480422263210e-01,-8.526642485771185331e-01,8.524505509902767786e-01
8.525516658218330601e-01,8.522455845328613666e-01,8.519580920001903479e-01,8.525845798529314568e-01,8.519829889595590400e-01,8.528346060456397648e-01,8.520206327418348158e-01,8.521691480422263210e-01,8.526642485771185331e-01,8.524505509902767786e-01
5.226429537498974431e-01,5.231419153960438218e-01,5.236099783955565634e-01,5.225892595499839199e-01,5.235694667601767938e-01,5.221811321093269287e-01,5.235082056493514102e-01,5.232664169665259823e-01,5.224592608026178420e-01,5.228078596543607182e-01
3.805208193645050474e-01,-3.808445984724220801e-01,-3.811474703614237680e-01,3.804893212352200016e-01,-3.811165900677597751e-01,-3.802207109946817987e-01,-3.810772349120461477e-01,-3.809188751654227212e-01,3.804034873473280398e-01,3.806305866872785049e-01
-9.247723536255642030e-01,9.246390602902191391e-01,9.245142539934620984e-01,-9.247853136950011654e-01,9.245269843412485811e-01,9.248957838214523219e-01,9.245432066873831012e-01,9.246084633739348746e-01,-9.248206241288043916e-01,-9.247271794848997972e-01
9.247723536255642030e-01,9.246390602902191391e-01,9.245142539934620984e-01,9.247853136950011654e-01,9.245269843412485811e-01,9.248957838214523219e-01,9.245432066873831012e-01,9.246084633739348746e-01,9.248206241288043916e-01,9.247271794848997972e-01
3.805208193645050474e-01,3.808445984724220801e-01,3.811474703614237680e-01,3.804893212352200016e-01,3.811165900677597751e-01,3.802207109946817987e-01,3.810772349120461477e-01,3.809188751654227212e-01,3.804034873473280398e-01,3.806305866872785049e-01
2.885319000523475230e-01,2.887485499945091627e-01,-2.889507365384633708e-01,2.885135350215704553e-01,-2.889275059879817253e-01,-2.883311710878658229e-01,-2.889017245497199626e-01,-2.887956582173414888e-01,2.884534751876569603e-01,2.886078497262620224e-01
-9.574702829081339628e-01,-9.574049691097641368e-01,9.573439673669436045e-01,-9.574758169840934530e-01,9.573509786298673996e-01,9.575307492603565285e-01,9.573587590617206322e-01,9.573907602409856832e-01,-9.574939125927452999e-01,-9.574473923283636223e-01
9.574702829081339628e-01,9.574049691097641368e-01,9.573439673669436045e-01,9.574758169840934530e-01,9.573509786298673996e-01,9.575307492603565285e-01,9.573587590617206322e-01,9.573907602409856832e-01,9.574939125927452999e-01,9.574473923283636223e-01
2.885319000523475230e-01,2.887485499945091627e-01,2.889507365384633708e-01,2.885135350215704553e-01,2.889275059879817253e-01,2.883311710878658229e-01,2.889017245497199626e-01,2.887956582173414888e-01,2.884534751876569603e-01,2.886078497262620224e-01
2.247165190284621805e-01,2.248787053816561354e-01,2.250297295552379506e-01,2.247047799414611524e-01,-2.250115142629260656e-01,2.245667262038374135e-01,2.249927649001453589e-01,-2.249142824677536068e-01,2.246566878857272631e-01,2.247754433707759292e-01
-9.744241817995542565e-01,-9.743867650301241135e-01,-9.743518978358366445e-01,-9.744268889308522752e-01,9.743561045373015927e-01,-9.744587140982889917e-01,-9.743604342041952693e-01,9.743785535109110718e-01,-9.744379778047523866e-01,-9.744105911049362190e-01
9.744241817995542565e-01,9.743867650301241135e-01,9.743518978358366445e-01,9.744268889308522752e-01,9.743561045373015927e-01,9.744587140982889917e-01,9.743604342041952693e-01,9.743785535109110718e-01,9.744379778047523866e-01,9.744105911049362190e-01
2.247165190284621805e-01,2.248787053816561354e-01,2.250297295552379506e-01,2.247047799414611524e-01,2.250115142629260656e-01,2.245667262038374135e-01,2.249927649001453589e-01,2.249142824677536068e-01,2.246566878857272631e-01,2.247754433707759292e-01
1.732185934404196770e-01,1.733651946242849295e-01,1.735012876738059873e-01,1.732093229970242954e-01,-1.734852031870697253e-01,1.730838098822067572e-01,1.734687293137501252e-01,-1.733992655807684857e-01,1.731628598408142261e-01,1.732733790560036513e-01
-9.848834037014343457e-01,-9.848576086383675765e-01,-9.848336423861296929e-01,-9.848850341166285327e-01,9.848364759060973528e-01,-9.849070995564302988e-01,-9.848393777415039851e-01,9.848516104957386608e-01,-9.848932043484462939e-01,-9.848737665866191815e-01
9.848834037014343457e-01,9.848576086383675765e-01,9.848336423861296929e-01,9.848850341166285327e-01,9.848364759060973528e-01,9.849070995564302988e-01,9.848393777415039851e-01,9.848516104957386608e-01,9.848932043484462939e-01,9.848737665866191815e-01
1.732185934404196770e-01,1.733651946242849295e-01,1.735012876738059873e-01,1.732093229970242954e-01,1.734852031870697253e-01,1.730838098822067572e-01,1.734687293137501252e-01,1.733992655807684857e-01,1.731628598408142261e-01,1.732733790560036513e-01
1.215134598876337624e-01,1.216790735503645721e-01,1.218322434724014441e-01,1.215037029651224870e-01,-1.218147882706633461e-01,1.213616272750954461e-01,1.217965226580894345e-01,-1.217193368483368149e-01,1.214492349665016735e-01,1.215762138980015228e-01
-9.925897838816076790e-01,-9.925694953301380519e-01,-9.925507062364528066e-01,-9.925909782814689164e-01,9.925528486476543621e-01,-9.926083595382121372e-01,-9.925550901931828873e-01,9.925645586243755369e-01,-9.925976442275347145e-01,-9.925820994830741872e-01
9.925897838816076790e-01,9.925694953301380519e-01,9.925507062364528066e-01,9.925909782814689164e-01,9.925528486476543621e-01,9.926083595382121372e-01,9.925550901931828873e-01,9.925645586243755369e-01,9.925976442275347145e-01,9.925820994830741872e-01
1.215134598876337624e-01,1.216790735503645721e-01,1.218322434724014441e-01,1.215037029651224870e-01,1.218147882706633461e-01,1.213616272750954461e-01,1.217965226580894345e-01,1.217193368483368149e-01,1.214492349665016735e-01,1.215762138980015228e-01
5.755301854939463141e-02,5.777413410476905931e-02,5.797804506380924150e-02,5.754028064294111622e-02,-5.795492726517025017e-02,5.735037739330291900e-02,5.793074828169198637e-02,5.782816783571264468e-02,5.746703852965361070e-02,5.763710982894033885e-02
-9.983424512940701767e-01,-9.983296797293189639e-01,-9.983178583450158516e-01,-9.983431855346796002e-01,9.983192006596331991e-01,-9.983541126338119076e-01,-9.983206040163266071e-01,-9.983265512870849179e-01,-9.983474042048846586e-01,-9.983375999984006599e-01
9.983424512940701767e-01,9.983296797293189639e-01,9.983178583450158516e-01,9.983431855346796002e-01,9.983192006596331991e-01,9.983541126338119076e-01,9.983206040163266071e-01,9.983265512870849179e-01,9.983474042048846586e-01,9.983375999984006599e-01
5.755301854939463141e-02,5.777413410476905931e-02,5.797804506380924150e-02,5.754028064294111622e-02,5.795492726517025017e-02,5.735037739330291900e-02,5.793074828169198637e-02,5.782816783571264468e-02,5.746703852965361070e-02,5.763710982894033885e-02
-3.145058197308479159e-02,-3.113587260201432574e-02,-3.084591107259373327e-02,-3.146854764150774919e-02,3.087923668510857839e-02,-3.173907351855900089e-02,-3.091356232441068094e-02,-3.105977885691277654e-02,-3.157253511910111665e-02,-3.133078007686447564e-02
-9.995053080867325468e-01,-9.995151611843170469e-01,-9.995241516692336958e-01,-9.995047426147282144e-01,9.995231226648761957e-01,-9.994961886931750250e-01,-9.995220616196597296e-01,-9.995175286793921421e-01,-9.995014632436278745e-01,-9.995090706040516970e-01
9.995053080867325468e-01,9.995151611843170469e-01,9.995241516692336958e-01,9.995047426147282144e-01,9.995231226648761957e-01,9.994961886931750250e-01,9.995220616196597296e-01,9.995175286793921421e-01,9.995014632436278745e-01,9.995090706040516970e-01
-3.145058197308479159e-02,-3.113587260201432574e-02,-3.084591107259373327e-02,-3.146854764150774919e-02,-3.087923668510857839e-02,-3.173907351855900089e-02,-3.091356232441068094e-02,-3.105977885691277654e-02,-3.157253511910111665e-02,-3.133078007686447564e-02
-1.567736975056420179e-01,-1.563412683644953560e-01,-1.559421119828726110e-01,-1.567981507975247935e-01,1.559881771896589053e-01,-1.571698838607558935e-01,-1.560354072651480295e-01,1.562365021378920305e-01,-1.569414909378671341e-01,-1.566087852486809651e-01
-9.876345517297424603e-01,-9.877030969912875547e-01,-9.877661958734572645e-01,-9.876306697882952790e-01,9.877589222968565785e-01,-9.875715810042310361e-01,-9.877514625044092611e-01,9.877196745026983749e-01,-9.876079021667453217e-01,-9.876607152169880610e-01
9.876345517297424603e-01,9.877030969912875547e-01,9.877661958734572645e-01,9.876306697882952790e-01,9.877589222968565785e-01,9.875715810042310361e-01,9.877514625044092611e-01,9.877196745026983749e-01,9.876079021667453217e-01,9.876607152169880610e-01
-1.567736975056420179e-01,-1.563412683644953560e-01,-1.559421119828726110e-01,-1.567981507975247935e-01,-1.559881771896589053e-01,-1.571698838607558935e-01,-1.560354072651480295e-01,-1.562365021378920305e-01,-1.569414909378671341e-01,-1.566087852486809651e-01
-3.190517153834152020e-01,-3.185298960568029303e-01,-3.180456807272683539e-01,-3.190808552643750740e-01,3.181005259664134721e-01,-3.195289570616173802e-01,-3.181577885990220511e-01,3.183999373454858284e-01,-3.192564380197107088e-01,-3.188520198602441402e-01
-9.477373069109921166e-01,-9.479128152515094996e-01,-9.480753899193504752e-01,-9.477274965958067954e-01,9.480569895211422571e-01,-9.475765117388226244e-01,-9.480377743285233194e-01,9.479564757405218867e-01,-9.476683632911708788e-01,-9.478045101343642864e-01
9.477373069109921166e-01,9.479128152515094996e-01,9.480753899193504752e-01,9.477274965958067954e-01,9.480569895211422571e-01,9.475765117388226244e-01,9.480377743285233194e-01,9.479564757405218867e-01,9.476683632911708788e-01,9.478045101343642864e-01
-3.190517153834152020e-01,-3.185298960568029303e-01,-3.180456807272683539e-01,-3.190808552643750740e-01,-3.181005259664134721e-01,-3.195289570616173802e-01,-3.181577885990220511e-01,-3.183999373454858284e-01,-3.192564380197107088e-01,-3.188520198602441402e-01
-4.959751689938661223e-01,-4.954658736182683265e-01,-4.949893497856495683e-01,-4.960029730781578272e-01,4.950411921243521585e-01,-4.964396489539670831e-01,-4.950974391433944355e-01,4.953324813044581165e-01,-4.961791294193708124e-01,-4.957791077568336480e-01
-8.683367041312408663e-01,-8.686274046331294851e-01,-8.688990410851997748e-01,-8.683208224484935123e-01,8.688695057948001566e-01,-8.680712384052714503e-01,-8.688374564633207786e-01,8.687034781585536436e-01,-8.682201745690060202e-01,-8.684486607231527433e-01
8.683367041312408663e-01,8.686274046331294851e-01,8.688990410851997748e-01,8.683208224484935123e-01,8.688695057948001566e-01,8.680712384052714503e-01,8.688374564633207786e-01,8.687034781585536436e-01,8.682201745690060202e-01,8.684486607231527433e-01
-4.959751689938661223e-01,-4.954658736182683265e-01,-4.949893497856495683e-01,-4.960029730781578272e-01,-4.950411921243521585e-01,-4.964396489539670831e-01,-4.950974391433944355e-01,-4.953324813044581165e-01,-4.961791294193708124e-01,-4.957791077568336480e-01
-6.497786039054511686e-01,-6.493853836331064944e-01,-6.490141818998392820e-01,-6.497990405142165526e-01,6.490525381031708729e-01,-6.501359177194653283e-01,-6.490961682529151622e-01,6.492759861036669911e-01,-6.499403114323354380e-01,-6.496256985694136565e-01
-7.601235201641131090e-01,-7.604594818421840374e-01,-7.607763085775490763e-01,-7.601060498027912837e-01,7.607435854358760574e-01,-7.598179311460533381e-01,-7.607063588267047871e-01,7.605528869638920053e-01,-7.599852574723003906e-01,-7.602542020654678989e-01
7.601235201641131090e-01,7.604594818421840374e-01,7.607763085775490763e-01,7.601060498027912837e-01,7.607435854358760574e-01,7.598179311460533381e-01,7.607063588267047871e-01,7.605528869638920053e-01,7.599852574723003906e-01,7.602542020654678989e-01
-6.497786039054511686e-01,-6.493853836331064944e-01,-6.490141818998392820e-01,-6.497990405142165526e-01,-6.490525381031708729e-01,-6.501359177194653283e-01,-6.490961682529151622e-01,-6.492759861036669911e-01,-6.499403114323354380e-01,-6.496256985694136565e-01
-7.581658582471371144e-01,-7.579115021375096850e-01,-7.576696382989902556e-01,-7.581778324247204770e-01,7.576932919188872351e-01,7.583959027002152853e-01,7.577215210893676334e-01,7.578362212562139710e-01,-7.582736488191242907e-01,-7.580653312840457403e-01
-6.520617542751466766e-01,-6.523573828260575969e-01,-6.526382759231007524e-01,-6.520478313895019529e-01,6.526108146369625773e-01,6.517941812930869716e-01,6.525780386114868881e-01,6.524448342596502748e-01,-6.519364029616168121e-01,-6.521786208587414535e-01
6.520617542751466766e-01,6.523573828260575969e-01,6.526382759231007524e-01,6.520478313895019529e-01,6.526108146369625773e-01,6.517941812930869716e-01,6.525780386114868881e-01,6.524448342596502748e-01,6.519364029616168121e-01,6.521786208587414535e-01
-7.581658582471371144e-01,-7.579115021375096850e-01,-7.576696382989902556e-01,-7.581778324247204770e-01,-7.576932919188872351e-01,-7.583959027002152853e-01,-7.577215210893676334e-01,-7.578362212562139710e-01,-7.582736488191242907e-01,-7.580653312840457403e-01
-8.246290966994025418e-01,-8.244795562015265755e-01,8.243365692778987786e-01,-8.246349105324362050e-01,8.243497216531581184e-01,8.247634504317339355e-01,8.243662372240111447e-01,8.244322566761937976e-01,-8.246947660949610626e-01,-8.245684913688271500e-01
-5.656738043048552544e-01,-5.658917400048651958e-01,5.661000093191519422e-01,-5.656653289102673288e-01,5.660808567778642386e-01,5.654778959711341813e-01,5.660568053871674055e-01,5.659606471759309754e-01,-5.655780607268789950e-01,-5.657621435212294436e-01
5.656738043048552544e-01,5.658917400048651958e-01,5.661000093191519422e-01,5.656653289102673288e-01,5.660808567778642386e-01,5.654778959711341813e-01,5.660568053871674055e-01,5.659606471759309754e-01,5.655780607268789950e-01,5.657621435212294436e-01
-8.246290966994025418e-01,-8.244795562015265755e-01,-8.243365692778987786e-01,-8.246349105324362050e-01,-8.243497216531581184e-01,-8.247634504317339355e-01,-8.243662372240111447e-01,-8.244322566761937976e-01,-8.246947660949610626e-01,-8.245684913688271500e-01
-8.625314827716497046e-01,-8.624475750079044767e-01,8.623669306408553448e-01,-8.625335954979701514e-01,8.623737745417751066e-01,8.626060888484698985e-01,8.623829416642555534e-01,8.624187507411842368e-01,-8.625701455074863411e-01,-8.624961020860096861e-01
-5.060034004112416994e-01,-5.061464021041589545e-01,5.062837909088836463e-01,-5.059997990487190567e-01,5.062721333261109846e-01,5.058762056882548652e-01,5.062565179101450319e-01,5.061955139765812461e-01,-5.059374902882706193e-01,-5.060637053637017102e-01
5.060034004112416994e-01,5.061464021041589545e-01,5.062837909088836463e-01,5.059997990487190567e-01,5.062721333261109846e-01,5.058762056882548652e-01,5.062565179101450319e-01,5.061955139765812461e-01,5.059374902882706193e-01,5.060637053637017102e-01
-8.625314827716497046e-01,-8.624475750079044767e-01,-8.623669306408553448e-01,-8.625335954979701514e-01,-8.623737745417751066e-01,-8.626060888484698985e-01,-8.623829416642555534e-01,-8.624187507411842368e-01,-8.625701455074863411e-01,-8.624961020860096861e-01
-8.831098782184072515e-01,-8.830650358183803617e-01,8.830216389134902810e-01,-8.831098706712918744e-01,8.830248606300855618e-01,8.831490016172823809e-01,8.830296578409133623e-01,8.830476374563858144e-01,-8.831321792972043339e-01,-8.830896272903943078e-01
-4.691662210699634183e-01,-4.692506180231226232e-01,4.693322759096519303e-01,-4.691662352758710908e-01,4.693262143852799384e-01,4.690925718260710031e-01,4.693171884486647127e-01,4.692833578795392313e-01,-4.691242414220035961e-01,-4.692043373330138101e-01
4.691662210699634183e-01,4.692506180231226232e-01,4.693322759096519303e-01,4.691662352758710908e-01,4.693262143852799384e-01,4.690925718260710031e-01,4.693171884486647127e-01,4.692833578795392313e-01,4.691242414220035961e-01,4.692043373330138101e-01
-8.831098782184072515e-01,-8.830650358183803617e-01,-8.830216389134902810e-01,-8.831098706712918744e-01,-8.830248606300855618e-01,-8.831490016172823809e-01,-8.830296578409133623e-01,-8.830476374563858144e-01,-8.831321792972043339e-01,-8.830896272903943078e-01
-8.933366413398754480e-01,-8.933154930306187458e-01,8.932947346823161272e-01,-8.933353743775419575e-01,8.932958324770849945e-01,8.933542754062721025e-01,8.932979842344926924e-01,8.933052259214881996e-01,-8.933488906444816413e-01,-8.933256089011938350e-01
-4.493880786576239794e-01,-4.494301168273689973e-01,4.494713750494577220e-01,-4.493905972377894020e-01,4.494691932480706642e-01,4.493530222590413903e-01,4.494649167205289619e-01,4.494505237969570466e-01,-4.493637274906308043e-01,-4.494100093247940242e-01
4.493880786576239794e-01,4.494301168273689973e-01,4.494713750494577220e-01,4.493905972377894020e-01,4.494691932480706642e-01,4.493530222590413903e-01,4.494649167205289619e-01,4.494505237969570466e-01,4.493637274906308043e-01,4.494100093247940242e-01
-8.933366413398754480e-01,-8.933154930306187458e-01,-8.932947346823161272e-01,-8.933353743775419575e-01,-8.932958324770849945e-01,-8.933542754062721025e-01,-8.932979842344926924e-01,-8.933052259214881996e-01,-8.933488906444816413e-01,-8.933256089011938350e-01
-8.971420247770417467e-01,-8.971360339388525507e-01,8.971297730399940829e-01,-8.971399417425196532e-01,8.971295544783171039e-01,8.971459159050172438e-01,8.971300167530796843e-01,8.971304174074793414e-01,-8.971477975856455567e-01,-8.971368849661270906e-01
-4.417422182437966138e-01,-4.417543849340558881e-01,4.417670996409859274e-01,-4.417464486900020137e-01,4.417675434903929332e-01,4.417343155958655676e-01,4.417666047140946795e-01,4.417657910729190229e-01,-4.417304939521671248e-01,-4.417526566227688023e-01
-4.417422182437966138e-01,-4.417543849340558881e-01,-4.417670996409859274e-01,-4.417464486900020137e-01,-4.417675434903929332e-01,-4.417343155958655676e-01,-4.417666047140946795e-01,-4.417657910729190229e-01,-4.417304939521671248e-01,-4.417526566227688023e-01
8.971420247770417467e-01,8.971360339388525507e-01,8.971297730399940829e-01,8.971399417425196532e-01,8.971295544783171039e-01,8.971459159050172438e-01,8.971300167530796843e-01,8.971304174074793414e-01,8.971477975856455567e-01,8.971368849661270906e-01
-8.967021009619323690e-01,-8.967065077795557393e-01,8.967101946311351046e-01,-8.966994250369656472e-01,8.967090973926487019e-01,8.966965524485557282e-01,8.967084014362567412e-01,8.967041074475351481e-01,-8.967034309238256506e-01,-8.967009705836782585e-01
-4.426345469238213148e-01,-4.426256193509292003e-01,4.426181501526930684e-01,-4.426399678501423685e-01,4.426203730661987801e-01,4.426457870881352896e-01,4.426217830085107385e-01,4.426304821029831693e-01,-4.426318526376519236e-01,-4.426368368700120404e-01
-4.426345469238213148e-01,-4.426256193509292003e-01,-4.426181501526930684e-01,-4.426399678501423685e-01,-4.426203730661987801e-01,-4.426457870881352896e-01,-4.426217830085107385e-01,-4.426304821029831693e-01,-4.426318526376519236e-01,-4.426368368700120404e-01
8.967021009619323690e-01,8.967065077795557393e-01,8.967101946311351046e-01,8.966994250369656472e-01,8.967090973926487019e-01,8.966965524485557282e-01,8.967084014362567412e-01,8.967041074475351481e-01,8.967034309238256506e-01,8.967009705836782585e-01
