5.312159846873097946e-01,-8.252149096949231710e-01,-9.999112509625958101e-01,-9.299107733364381234e-01,8.516325169398429873e-01,9.913267359698485492e-01,8.751221647769098499e-01,6.737727030049331933e-01,-3.753794450069745103e-01,-9.941646698247841307e-01
8.472364354846241286e-01,-5.648188672638333463e-01,1.332254474253882943e-02,3.677852003994012131e-01,5.241393479702778357e-01,-1.314203277707295392e-01,4.839020528125245746e-01,7.389386609762855773e-01,-9.268712274454613542e-01,-1.078731165405821535e-01
-8.472364354846241286e-01,-5.648188672638333463e-01,1.332254474253882943e-02,3.677852003994012131e-01,5.241393479702778357e-01,-1.314203277707295392e-01,4.839020528125245746e-01,7.389386609762855773e-01,-9.268712274454613542e-01,-1.078731165405821535e-01
5.312159846873097946e-01,8.252149096949231710e-01,9.999112509625958101e-01,9.299107733364381234e-01,-8.516325169398429873e-01,-9.913267359698485492e-01,-8.751221647769098499e-01,-6.737727030049331933e-01,3.753794450069745103e-01,9.941646698247841307e-01
-5.234530246159783962e-02,-1.885025762721066478e-01,-4.208590422881407743e-03,1.843890937126990009e-02,8.245016504578017713e-02,3.262992074009442300e-02,1.687816756014476893e-01,1.154486186460817326e-01,-5.396333732662548371e-02,1.164166116237950847e-02
-9.986290448961534505e-01,-9.820726952414361444e-01,9.999911438441104750e-01,-9.998299888587051099e-01,9.965951887722134250e-01,-9.994675023593789787e-01,9.856534614057659294e-01,9.933134532727880828e-01,-9.985429175676792113e-01,9.999322335665454808e-01
-9.986290448961534505e-01,-9.820726952414361444e-01,-9.999911438441104750e-01,9.998299888587051099e-01,9.965951887722134250e-01,-9.994675023593789787e-01,-9.856534614057659294e-01,9.933134532727880828e-01,-9.985429175676792113e-01,-9.999322335665454808e-01
5.234530246159783962e-02,1.885025762721066478e-01,-4.208590422881407743e-03,1.843890937126990009e-02,-8.245016504578017713e-02,-3.262992074009442300e-02,1.687816756014476893e-01,-1.154486186460817326e-01,5.396333732662548371e-02,1.164166116237950847e-02
7.407923912319006043e-02,-3.624885033644278248e-02,-1.172749609865000736e-01,1.127302187195817623e-01,7.420127519495350876e-02,1.302865206037017443e-01,5.411138947256294296e-02,4.775544166174551519e-02,6.850199125454699278e-02,-9.955711558027324770e-02
-9.972523583982788598e-01,9.993427944650854489e-01,9.930994831967314695e-01,-9.936256326139312200e-01,-9.972432856426975967e-01,-9.914763852704620017e-01,-9.985349055137474616e-01,-9.988590580215468417e-01,-9.976509796487756931e-01,9.950318491070204718e-01
-9.972523583982788598e-01,-9.993427944650854489e-01,-9.930994831967314695e-01,9.936256326139312200e-01,9.972432856426975967e-01,9.914763852704620017e-01,9.985349055137474616e-01,9.988590580215468417e-01,-9.976509796487756931e-01,-9.950318491070204718e-01
-7.407923912319006043e-02,-3.624885033644278248e-02,-1.172749609865000736e-01,1.127302187195817623e-01,7.420127519495350876e-02,1.302865206037017443e-01,5.411138947256294296e-02,4.775544166174551519e-02,-6.850199125454699278e-02,-9.955711558027324770e-02
1.786396397538732028e-01,-1.789110539158405844e-01,-2.088071528322094639e-01,1.998293149062926877e-01,1.873635858008504407e-01,2.152153424854381658e-01,1.898876993774374633e-01,1.699892564393138961e-01,1.730536929689552028e-01,-1.942146207442170536e-01
-9.839145690092235830e-01,9.838652523525378557e-01,9.779568359217634121e-01,-9.798307225761406780e-01,-9.822906325094662439e-01,-9.765666164470684363e-01,-9.818058166588462532e-01,-9.854459156621481197e-01,-9.849123917129921635e-01,9.809590618823907926e-01
-9.839145690092235830e-01,-9.838652523525378557e-01,-9.779568359217634121e-01,9.798307225761406780e-01,9.822906325094662439e-01,9.765666164470684363e-01,9.818058166588462532e-01,9.854459156621481197e-01,-9.849123917129921635e-01,-9.809590618823907926e-01
-1.786396397538732028e-01,-1.789110539158405844e-01,-2.088071528322094639e-01,1.998293149062926877e-01,1.873635858008504407e-01,2.152153424854381658e-01,1.898876993774374633e-01,1.699892564393138961e-01,-1.730536929689552028e-01,-1.942146207442170536e-01
2.478614848820688554e-01,-2.612534713351794546e-01,-2.659253465356165580e-01,-2.573923872004576507e-01,2.574273175714982265e-01,2.685121536093060812e-01,2.666963050193687512e-01,2.480519883601179365e-01,-2.437288846971657763e-01,-2.559586730604179738e-01
-9.687954811579458925e-01,9.652702335177019144e-01,9.639936255338581450e-01,9.663069693483792300e-01,-9.662976643705308843e-01,-9.632762964820075213e-01,-9.637806186518879104e-01,-9.687467218373395639e-01,9.698434052795719129e-01,9.666877250100726071e-01
-9.687954811579458925e-01,-9.652702335177019144e-01,9.639936255338581450e-01,9.663069693483792300e-01,9.662976643705308843e-01,-9.632762964820075213e-01,9.637806186518879104e-01,9.687467218373395639e-01,-9.698434052795719129e-01,-9.666877250100726071e-01
-2.478614848820688554e-01,-2.612534713351794546e-01,2.659253465356165580e-01,2.573923872004576507e-01,2.574273175714982265e-01,-2.685121536093060812e-01,2.666963050193687512e-01,2.480519883601179365e-01,-2.437288846971657763e-01,-2.559586730604179738e-01
-2.773698452841156792e-01,-2.924641137366321142e-01,-2.865218358675873933e-01,-2.800109833649356283e-01,2.850241546020125805e-01,2.870340159312560480e-01,2.945237829610601321e-01,2.810291729832816165e-01,-2.748228452766511842e-01,-2.806232274554882333e-01
9.607632220932824652e-01,9.562764988099657915e-01,9.580737119716141725e-01,9.599967964503849371e-01,-9.585203343139925281e-01,-9.579203900629609247e-01,-9.556441499168537579e-01,-9.596992257641626667e-01,9.614948797128592961e-01,9.598180057763372464e-01
-9.607632220932824652e-01,-9.562764988099657915e-01,9.580737119716141725e-01,9.599967964503849371e-01,9.585203343139925281e-01,-9.579203900629609247e-01,-9.556441499168537579e-01,-9.596992257641626667e-01,-9.614948797128592961e-01,-9.598180057763372464e-01
-2.773698452841156792e-01,-2.924641137366321142e-01,2.865218358675873933e-01,2.800109833649356283e-01,2.850241546020125805e-01,-2.870340159312560480e-01,-2.945237829610601321e-01,-2.810291729832816165e-01,-2.748228452766511842e-01,-2.806232274554882333e-01
-2.746328142205852751e-01,-2.874109454128619401e-01,-2.780924682085357258e-01,-2.736978392391763992e-01,2.799551086462100935e-01,2.775925480205641005e-01,2.876325661133797840e-01,2.790779421017750006e-01,-2.732949961653900472e-01,-2.751121895656477578e-01
9.615491757332443878e-01,9.578073650045112464e-01,9.605543082646003095e-01,9.618157270474454457e-01,-9.600130921726479638e-01,-9.606989004279388178e-01,-9.577408349397200649e-01,-9.602684532109956317e-01,9.619302703787626641e-01,9.614121297094161411e-01
-9.615491757332443878e-01,-9.578073650045112464e-01,9.605543082646003095e-01,-9.618157270474454457e-01,9.600130921726479638e-01,-9.606989004279388178e-01,-9.577408349397200649e-01,-9.602684532109956317e-01,-9.619302703787626641e-01,-9.614121297094161411e-01
-2.746328142205852751e-01,-2.874109454128619401e-01,2.780924682085357258e-01,-2.736978392391763992e-01,2.799551086462100935e-01,-2.775925480205641005e-01,-2.876325661133797840e-01,-2.790779421017750006e-01,-2.732949961653900472e-01,-2.751121895656477578e-01
-2.515931332530452758e-01,-2.612026554282032564e-01,-2.516999978467511223e-01,-2.490335329632014094e-01,2.549357314914227346e-01,2.507738152023463729e-01,2.605005093928007276e-01,2.557075693736636235e-01,-2.510533858157713016e-01,-2.506157709420920865e-01
9.678330926869133100e-01,9.652839855696641047e-01,9.678053063937732681e-01,9.684948628980262209e-01,-9.669579995061485800e-01,-9.680457084295448489e-01,-9.654737099507638698e-01,-9.667541771127822203e-01,9.679732421252341679e-01,9.680866362857720731e-01
-9.678330926869133100e-01,-9.652839855696641047e-01,9.678053063937732681e-01,-9.684948628980262209e-01,-9.669579995061485800e-01,-9.680457084295448489e-01,-9.654737099507638698e-01,-9.667541771127822203e-01,-9.679732421252341679e-01,-9.680866362857720731e-01
-2.515931332530452758e-01,-2.612026554282032564e-01,2.516999978467511223e-01,-2.490335329632014094e-01,-2.549357314914227346e-01,-2.507738152023463729e-01,-2.605005093928007276e-01,-2.557075693736636235e-01,-2.510533858157713016e-01,-2.506157709420920865e-01
-2.195210255282733225e-01,-2.262650827445859270e-01,-2.177277898844963144e-01,-2.163401425148991364e-01,2.213724955973666864e-01,-2.166609321697457735e-01,-2.251318865942970593e-01,2.229646834370109798e-01,-2.194761253226474584e-01,-2.178218982646211721e-01
9.756077692141527091e-01,9.740657638632953530e-01,9.760095335149205908e-01,9.763180540872085089e-01,-9.751893242816974672e-01,9.762469157294874078e-01,9.743282986953075708e-01,-9.748265229977248758e-01,9.756178711018764771e-01,9.759885350947504756e-01
-9.756077692141527091e-01,-9.740657638632953530e-01,-9.760095335149205908e-01,-9.763180540872085089e-01,-9.751893242816974672e-01,-9.762469157294874078e-01,-9.743282986953075708e-01,-9.748265229977248758e-01,-9.756178711018764771e-01,-9.759885350947504756e-01
-2.195210255282733225e-01,-2.262650827445859270e-01,-2.177277898844963144e-01,-2.163401425148991364e-01,-2.213724955973666864e-01,-2.166609321697457735e-01,-2.251318865942970593e-01,-2.229646834370109798e-01,-2.194761253226474584e-01,-2.178218982646211721e-01
-1.862591044561640596e-01,-1.907059496331399706e-01,-1.833190107257927914e-01,1.828687371787598992e-01,1.870071548722069821e-01,-1.822189443537816922e-01,1.893661235165278456e-01,1.890306236603757073e-01,-1.865315206881839050e-01,-1.841786053297580772e-01
9.825006595454212066e-01,9.816472078982971805e-01,9.830534778467124868e-01,-9.831373377929686352e-01,-9.823585516635982007e-01,9.832579805516931115e-01,-9.819065491503370380e-01,-9.819711927131923312e-01,9.824489766851780548e-01,9.828927923933440391e-01
-9.825006595454212066e-01,9.816472078982971805e-01,9.830534778467124868e-01,-9.831373377929686352e-01,-9.823585516635982007e-01,-9.832579805516931115e-01,9.819065491503370380e-01,9.819711927131923312e-01,-9.824489766851780548e-01,9.828927923933440391e-01
-1.862591044561640596e-01,1.907059496331399706e-01,1.833190107257927914e-01,-1.828687371787598992e-01,-1.870071548722069821e-01,-1.822189443537816922e-01,1.893661235165278456e-01,1.890306236603757073e-01,-1.865315206881839050e-01,1.841786053297580772e-01
-1.556985711838235198e-01,-1.582649925515011158e-01,-1.518711341036660945e-01,1.521841604202804621e-01,1.555470324624605161e-01,-1.507515402110079783e-01,-1.567824883697552796e-01,1.578873652264995153e-01,-1.562160053945761407e-01,-1.533331764351951454e-01
9.878046137426752527e-01,9.873966741551611914e-01,9.884003028257660750e-01,-9.883521545062642355e-01,-9.878284874876418487e-01,9.885716833512928625e-01,9.876331562582272294e-01,-9.874571281335883244e-01,9.877229164388978688e-01,9.881745478427853557e-01
-9.878046137426752527e-01,9.873966741551611914e-01,9.884003028257660750e-01,-9.883521545062642355e-01,-9.878284874876418487e-01,-9.885716833512928625e-01,-9.876331562582272294e-01,-9.874571281335883244e-01,-9.877229164388978688e-01,9.881745478427853557e-01
-1.556985711838235198e-01,1.582649925515011158e-01,1.518711341036660945e-01,-1.521841604202804621e-01,-1.555470324624605161e-01,-1.507515402110079783e-01,-1.567824883697552796e-01,-1.578873652264995153e-01,-1.562160053945761407e-01,1.533331764351951454e-01
-1.289326153550698351e-01,-1.296985455274631827e-01,-1.241430454762543767e-01,1.252251275690659804e-01,1.278791452363457759e-01,-1.229760159738311209e-01,-1.280488313912607201e-01,-1.305838403143428084e-01,-1.297042561963396290e-01,-1.262382258144650327e-01
9.916533571252112989e-01,9.915534717240722662e-01,9.922643318490697029e-01,-9.921283522938506572e-01,-9.917897580705408167e-01,9.924096429878158654e-01,9.917678643610775557e-01,9.914372701531639631e-01,9.915527247325552906e-01,9.919999548100877362e-01
-9.916533571252112989e-01,9.915534717240722662e-01,9.922643318490697029e-01,-9.921283522938506572e-01,-9.917897580705408167e-01,-9.924096429878158654e-01,-9.917678643610775557e-01,-9.914372701531639631e-01,-9.915527247325552906e-01,9.919999548100877362e-01
-1.289326153550698351e-01,1.296985455274631827e-01,1.241430454762543767e-01,-1.252251275690659804e-01,-1.278791452363457759e-01,-1.229760159738311209e-01,-1.280488313912607201e-01,-1.305838403143428084e-01,-1.297042561963396290e-01,1.262382258144650327e-01
-1.057853207501389531e-01,-1.043708065627691334e-01,-9.968971483626895558e-02,1.017471076753069803e-01,1.035925700317755216e-01,-9.843106588066609375e-02,-1.024762145067859148e-01,-1.068208510258795430e-01,-1.068957067540013822e-01,-1.026273109494667823e-01
9.943889912472836379e-01,9.945384531215658575e-01,9.950185730708061005e-01,-9.948102965287953792e-01,-9.946198165300206284e-01,9.951438716434907183e-01,9.947354550132205819e-01,9.942782838753481123e-01,9.942702388574053973e-01,9.947198776777721463e-01
-9.943889912472836379e-01,9.945384531215658575e-01,9.950185730708061005e-01,-9.948102965287953792e-01,-9.946198165300206284e-01,-9.951438716434907183e-01,-9.947354550132205819e-01,-9.942782838753481123e-01,9.942702388574053973e-01,9.947198776777721463e-01
-1.057853207501389531e-01,1.043708065627691334e-01,9.968971483626895558e-02,-1.017471076753069803e-01,-1.035925700317755216e-01,-9.843106588066609375e-02,-1.024762145067859148e-01,-1.068208510258795430e-01,1.068957067540013822e-01,1.026273109494667823e-01
-8.566207486792322412e-02,-8.097839365288533875e-02,-7.753413727829409907e-02,-8.107970027214470021e-02,8.173481929348523634e-02,-7.612058067996270438e-02,-7.869484895520256762e-02,-8.579711959763609841e-02,-8.730724845278542423e-02,-8.178902934017741322e-02
9.963242488915554640e-01,9.967158570833508646e-01,9.969896978186437719e-01,9.967076212228838106e-01,-9.966541121748616616e-01,9.970986195943435382e-01,9.968987515028382429e-01,9.963126287811214787e-01,9.961814314509198631e-01,9.966496649673806107e-01
-9.963242488915554640e-01,9.967158570833508646e-01,9.969896978186437719e-01,9.967076212228838106e-01,-9.966541121748616616e-01,-9.970986195943435382e-01,-9.968987515028382429e-01,-9.963126287811214787e-01,9.961814314509198631e-01,9.966496649673806107e-01
-8.566207486792322412e-02,8.097839365288533875e-02,7.753413727829409907e-02,8.107970027214470021e-02,-8.173481929348523634e-02,-7.612058067996270438e-02,-7.869484895520256762e-02,-8.579711959763609841e-02,8.730724845278542423e-02,8.178902934017741322e-02
-6.633735145271137112e-02,-5.565024612966464057e-02,-5.430091435891910151e-02,-6.065069674278628087e-02,5.917048358048777185e-02,-5.256089747801214601e-02,-5.260034240062416017e-02,-6.486095830241661586e-02,-6.901635152236901272e-02,-6.109720410345825803e-02
9.977972518514167666e-01,9.984503243054747568e-01,9.985246169723535070e-01,9.981590519474412559e-01,-9.982478919951954799e-01,9.986177206800938011e-01,9.986156437685809184e-01,9.978943110811346884e-01,9.976155287597223698e-01,9.981318207785685459e-01
-9.977972518514167666e-01,9.984503243054747568e-01,9.985246169723535070e-01,9.981590519474412559e-01,-9.982478919951954799e-01,-9.986177206800938011e-01,-9.986156437685809184e-01,-9.978943110811346884e-01,9.976155287597223698e-01,9.981318207785685459e-01
-6.633735145271137112e-02,5.565024612966464057e-02,5.430091435891910151e-02,6.065069674278628087e-02,-5.917048358048777185e-02,-5.256089747801214601e-02,-5.260034240062416017e-02,-6.486095830241661586e-02,6.901635152236901272e-02,6.109720410345825803e-02
-3.004919102277978787e-02,-3.199503167266793974e-03,-4.778217377337507996e-03,-1.966897568779830963e-02,1.335377173777011969e-02,-1.466465038326236845e-03,2.690737867115460501e-03,-2.472716653072729379e-02,-3.598183651036787611e-02,-1.984610335285393393e-02
9.995484210976858241e-01,9.999948815766421806e-01,9.999885842541876846e-01,9.998065469856620702e-01,-9.999108344149369998e-01,9.999989247395676406e-01,9.999963799583129198e-01,9.996942368721357663e-01,9.993524440563203992e-01,9.998030466955517559e-01
-9.995484210976858241e-01,9.999948815766421806e-01,9.999885842541876846e-01,9.998065469856620702e-01,-9.999108344149369998e-01,-9.999989247395676406e-01,-9.999963799583129198e-01,-9.996942368721357663e-01,9.993524440563203992e-01,9.998030466955517559e-01
-3.004919102277978787e-02,3.199503167266793974e-03,4.778217377337507996e-03,1.966897568779830963e-02,-1.335377173777011969e-02,-1.466465038326236845e-03,2.690737867115460501e-03,-2.472716653072729379e-02,3.598183651036787611e-02,1.984610335285393393e-02
9.122085885282199547e-01,8.269700194115112701e-01,-9.086638170029880390e-01,9.269321997549265779e-01,-8.843269318247540811e-01,-9.142014547620870291e-01,-8.388088151651336144e-01,-8.754248349111056759e-01,9.188402659885395174e-01,9.185699589765102813e-01
4.097261170774359473e-01,5.622460199899368405e-01,-4.175285231808243958e-01,3.752288595743841770e-01,-4.668681587444326042e-01,-4.052600401111410289e-01,-5.444260937916778342e-01,-4.833542783723586700e-01,3.946296562577500389e-01,3.952584350344623965e-01
-4.097261170774359473e-01,-5.622460199899368405e-01,-4.175285231808243958e-01,-3.752288595743841770e-01,-4.668681587444326042e-01,-4.052600401111410289e-01,-5.444260937916778342e-01,-4.833542783723586700e-01,-3.946296562577500389e-01,-3.952584350344623965e-01
9.122085885282199547e-01,8.269700194115112701e-01,9.086638170029880390e-01,9.269321997549265779e-01,8.843269318247540811e-01,9.142014547620870291e-01,8.388088151651336144e-01,8.754248349111056759e-01,9.188402659885395174e-01,9.185699589765102813e-01
9.857475923901212189e-01,9.803992253247172384e-01,-9.841156288331779356e-01,9.858636855833714518e-01,-9.835272585446025451e-01,-9.842421882247855969e-01,-9.803099033742070922e-01,-9.840761099400989753e-01,9.863676492636728188e-01,9.854625003051411536e-01
1.682310437971531181e-01,1.970212145498401735e-01,-1.775286711668812578e-01,1.675493761491561873e-01,-1.807598730353019434e-01,-1.768256624997796289e-01,-1.974651699577745501e-01,-1.777476015173265478e-01,1.645565571044075026e-01,1.698930854753648578e-01
-1.682310437971531181e-01,-1.970212145498401735e-01,1.775286711668812578e-01,-1.675493761491561873e-01,-1.807598730353019434e-01,-1.768256624997796289e-01,-1.974651699577745501e-01,-1.777476015173265478e-01,-1.645565571044075026e-01,-1.698930854753648578e-01
9.857475923901212189e-01,9.803992253247172384e-01,-9.841156288331779356e-01,9.858636855833714518e-01,9.835272585446025451e-01,9.842421882247855969e-01,9.803099033742070922e-01,9.840761099400989753e-01,9.863676492636728188e-01,9.854625003051411536e-01
9.854994181321373725e-01,9.828679901993352397e-01,-9.847450543706655068e-01,9.856224111883246097e-01,-9.844023884935206858e-01,-9.848258916303050947e-01,-9.828419962160801493e-01,-9.846389622119282592e-01,9.858104550392108312e-01,9.854051739390762288e-01
1.696788049852396008e-01,1.843109162299385317e-01,-1.740033847156861602e-01,1.689629029204731125e-01,-1.759316274245524558e-01,-1.735452770160416103e-01,-1.844494794625097522e-01,-1.746027322071938281e-01,1.678622850296749291e-01,1.702252718432230305e-01
-1.696788049852396008e-01,-1.843109162299385317e-01,1.740033847156861602e-01,-1.689629029204731125e-01,-1.759316274245524558e-01,-1.735452770160416103e-01,-1.844494794625097522e-01,-1.746027322071938281e-01,-1.678622850296749291e-01,-1.702252718432230305e-01
9.854994181321373725e-01,9.828679901993352397e-01,-9.847450543706655068e-01,9.856224111883246097e-01,9.844023884935206858e-01,9.848258916303050947e-01,9.828419962160801493e-01,9.846389622119282592e-01,9.858104550392108312e-01,9.854051739390762288e-01
9.817409410728800134e-01,9.799165741850974776e-01,-9.812706579344512292e-01,9.818731131827457270e-01,-9.809917499440878874e-01,-9.813409634263702275e-01,-9.799175105668130881e-01,-9.811258285693494896e-01,9.819540502411241434e-01,9.817123583170368484e-01
1.902228288648231680e-01,1.994078926154688736e-01,-1.926340984272754131e-01,1.895394143940065668e-01,-1.940494435488963054e-01,-1.922756185828128905e-01,-1.994032910574449480e-01,-1.933703920307020541e-01,1.891196531697641736e-01,1.903702853062995415e-01
-1.902228288648231680e-01,-1.994078926154688736e-01,1.926340984272754131e-01,-1.895394143940065668e-01,-1.940494435488963054e-01,-1.922756185828128905e-01,-1.994032910574449480e-01,-1.933703920307020541e-01,-1.891196531697641736e-01,-1.903702853062995415e-01
9.817409410728800134e-01,9.799165741850974776e-01,-9.812706579344512292e-01,9.818731131827457270e-01,9.809917499440878874e-01,9.813409634263702275e-01,9.799175105668130881e-01,9.811258285693494896e-01,9.819540502411241434e-01,9.817123583170368484e-01
9.760728645735188280e-01,9.746657131171149180e-01,-9.757426875489189078e-01,9.762014927058954017e-01,-9.755041652986536915e-01,-9.758049314301695532e-01,-9.746777699885232904e-01,-9.755905442355441437e-01,9.762351069909936951e-01,9.760729876965456020e-01
2.174437008589696352e-01,2.236665993703700894e-01,-2.189205511020215211e-01,2.168655012646814872e-01,-2.199809616420855263e-01,-2.186429413371536179e-01,-2.236140529801281529e-01,-2.195975637346527509e-01,2.167141340067212096e-01,2.174431481770328911e-01
-2.174437008589696352e-01,-2.236665993703700894e-01,2.189205511020215211e-01,-2.168655012646814872e-01,-2.199809616420855263e-01,-2.186429413371536179e-01,-2.236140529801281529e-01,-2.195975637346527509e-01,-2.167141340067212096e-01,-2.174431481770328911e-01
9.760728645735188280e-01,9.746657131171149180e-01,-9.757426875489189078e-01,9.762014927058954017e-01,9.755041652986536915e-01,9.758049314301695532e-01,9.746777699885232904e-01,9.755905442355441437e-01,9.762351069909936951e-01,9.760729876965456020e-01
9.689623568958817268e-01,9.678360334869298143e-01,-9.687167020143919727e-01,9.690796309932068198e-01,-9.685133542722077493e-01,-9.687704826679216508e-01,-9.678523071284131918e-01,-9.685737055209719948e-01,9.690909388122950219e-01,9.689751634784427026e-01
2.472083148253268470e-01,2.515818202579162555e-01,-2.481691988107304625e-01,2.467481890390894883e-01,-2.489616086797260264e-01,-2.479591738802213174e-01,-2.515192071914341687e-01,-2.487267114191269723e-01,2.467037744176296954e-01,2.471581124744345881e-01
-2.472083148253268470e-01,-2.515818202579162555e-01,2.481691988107304625e-01,-2.467481890390894883e-01,-2.489616086797260264e-01,-2.479591738802213174e-01,-2.515192071914341687e-01,-2.487267114191269723e-01,-2.467037744176296954e-01,-2.471581124744345881e-01
9.689623568958817268e-01,9.678360334869298143e-01,-9.687167020143919727e-01,9.690796309932068198e-01,9.685133542722077493e-01,9.687704826679216508e-01,9.678523071284131918e-01,9.685737055209719948e-01,9.690909388122950219e-01,9.689751634784427026e-01
9.607272716966112069e-01,9.598141788762248883e-01,-9.605385101983926477e-01,9.608295641040459634e-01,-9.603673394495155780e-01,-9.605835772414658136e-01,-9.598315252655224006e-01,-9.604121807049260662e-01,9.608306908315025208e-01,9.607446446063073742e-01
2.774943412366925877e-01,2.806363163030726193e-01,-2.781470302301509157e-01,2.771399443307100419e-01,-2.787374630699264166e-01,-2.779913508258647914e-01,-2.805769824958216918e-01,-2.785829197090309295e-01,2.771360379962472531e-01,2.774341865385376860e-01
-2.774943412366925877e-01,-2.806363163030726193e-01,2.781470302301509157e-01,-2.771399443307100419e-01,2.787374630699264166e-01,-2.779913508258647914e-01,-2.805769824958216918e-01,-2.785829197090309295e-01,-2.771360379962472531e-01,-2.774341865385376860e-01
9.607272716966112069e-01,9.598141788762248883e-01,-9.605385101983926477e-01,9.608295641040459634e-01,-9.603673394495155780e-01,9.605835772414658136e-01,9.598315252655224006e-01,9.604121807049260662e-01,9.608306908315025208e-01,9.607446446063073742e-01
9.516078549324137326e-01,9.508640855103888123e-01,-9.514598328667741578e-01,9.516943825145335323e-01,-9.513173597830296702e-01,-9.514964529616719568e-01,-9.508812291447323872e-01,-9.513523910224921387e-01,9.516913853560541314e-01,9.516255376244515674e-01
3.073149694221387063e-01,3.096086091931100071e-01,-3.077729462463041354e-01,3.070469056842634048e-01,-3.082130447846843646e-01,-3.076597146221078938e-01,-3.095559530362851364e-01,-3.081048978769846958e-01,3.070561952462030342e-01,3.072602091728988127e-01
-3.073149694221387063e-01,-3.096086091931100071e-01,3.077729462463041354e-01,-3.070469056842634048e-01,3.082130447846843646e-01,-3.076597146221078938e-01,-3.095559530362851364e-01,-3.081048978769846958e-01,-3.070561952462030342e-01,-3.072602091728988127e-01
9.516078549324137326e-01,9.508640855103888123e-01,-9.514598328667741578e-01,9.516943825145335323e-01,-9.513173597830296702e-01,9.514964529616719568e-01,9.508812291447323872e-01,9.513523910224921387e-01,9.516913853560541314e-01,9.516255376244515674e-01
9.417583973474666914e-01,9.411506543261949354e-01,-9.416405841473639571e-01,9.418299913277207169e-01,-9.415228569564880745e-01,-9.416693824000115232e-01,-9.411672675158871959e-01,-9.415514112510752209e-01,9.418258343450920389e-01,9.417742033886065123e-01
3.362902333186782444e-01,3.379873457118992564e-01,-3.366199790366152245e-01,3.360896717181675042e-01,-3.369491205337866724e-01,-3.365394096541752811e-01,-3.379410814871112168e-01,-3.368693218016572399e-01,3.361013206760299910e-01,3.362459662683785488e-01
-3.362902333186782444e-01,-3.379873457118992564e-01,3.366199790366152245e-01,-3.360896717181675042e-01,3.369491205337866724e-01,-3.365394096541752811e-01,3.379410814871112168e-01,-3.368693218016572399e-01,-3.361013206760299910e-01,-3.362459662683785488e-01
9.417583973474666914e-01,9.411506543261949354e-01,-9.416405841473639571e-01,9.418299913277207169e-01,-9.415228569564880745e-01,9.416693824000115232e-01,-9.411672675158871959e-01,9.415514112510752209e-01,9.418258343450920389e-01,9.417742033886065123e-01
9.312492372154252962e-01,9.307507662756799860e-01,-9.311542669081062096e-01,9.313074498103880439e-01,-9.310573236698873600e-01,-9.311760150707680816e-01,-9.307669687190166519e-01,-9.310814845255072081e-01,9.313035172661022765e-01,9.312621031701363572e-01
3.643828456248846548e-01,3.656542233821929444e-01,-3.646254670464303405e-01,3.642340372997445730e-01,-3.648729368433164533e-01,-3.645699232752540597e-01,-3.656129783549991186e-01,-3.648112788467177681e-01,3.642440922345712706e-01,3.643499625348330939e-01
3.643828456248846548e-01,-3.656542233821929444e-01,3.646254670464303405e-01,-3.642340372997445730e-01,3.648729368433164533e-01,-3.645699232752540597e-01,3.656129783549991186e-01,3.648112788467177681e-01,-3.642440922345712706e-01,-3.643499625348330939e-01
-9.312492372154252962e-01,9.307507662756799860e-01,-9.311542669081062096e-01,9.313074498103880439e-01,-9.310573236698873600e-01,9.311760150707680816e-01,-9.307669687190166519e-01,-9.310814845255072081e-01,9.313035172661022765e-01,9.312621031701363572e-01
9.200828911997943615e-01,9.196719826213635152e-01,-9.200053873937473758e-01,9.201294558509330868e-01,-9.199256051537365586e-01,-9.200208570510252093e-01,-9.196880732377384904e-01,-9.199467569467147943e-01,9.201263459033018899e-01,9.200923519394571537e-01
3.917237206519758597e-01,3.926874639981396964e-01,-3.919057120870795830e-01,3.916143312947902855e-01,-3.920929494170122265e-01,-3.918693948129876037e-01,-3.926497777208796669e-01,-3.920433195237764123e-01,3.916216382870555957e-01,3.917014984685635026e-01
3.917237206519758597e-01,-3.926874639981396964e-01,3.919057120870795830e-01,3.916143312947902855e-01,3.920929494170122265e-01,-3.918693948129876037e-01,3.926497777208796669e-01,3.920433195237764123e-01,-3.916216382870555957e-01,-3.917014984685635026e-01
-9.200828911997943615e-01,9.196719826213635152e-01,-9.200053873937473758e-01,-9.201294558509330868e-01,-9.199256051537365586e-01,9.200208570510252093e-01,-9.196880732377384904e-01,-9.199467569467147943e-01,9.201263459033018899e-01,9.200923519394571537e-01
9.082156807295187484e-01,9.078748317543162694e-01,-9.081516235992181940e-01,9.082522372023102974e-01,-9.080858805861832250e-01,-9.081615113567008679e-01,-9.078911529229090061e-01,-9.081049910966826344e-01,9.082501706863336244e-01,9.082215815966787620e-01
4.185024220682800888e-01,4.192413265257517452e-01,-4.186414080739074839e-01,4.184230796896821203e-01,-4.187839938202226331e-01,-4.186199580649646035e-01,-4.192059809262161374e-01,-4.187425523460614474e-01,4.184275653542030016e-01,4.184896160265239029e-01
4.185024220682800888e-01,-4.192413265257517452e-01,4.186414080739074839e-01,4.184230796896821203e-01,4.187839938202226331e-01,-4.186199580649646035e-01,4.192059809262161374e-01,4.187425523460614474e-01,-4.184275653542030016e-01,-4.184896160265239029e-01
-9.082156807295187484e-01,9.078748317543162694e-01,-9.081516235992181940e-01,-9.082522372023102974e-01,-9.080858805861832250e-01,9.081615113567008679e-01,-9.078911529229090061e-01,-9.081049910966826344e-01,9.082501706863336244e-01,9.082215815966787620e-01
8.955788123104898579e-01,8.952940423972417516e-01,-8.955251567871055363e-01,8.956067963681111355e-01,-8.954708610430579530e-01,-8.955300602501389262e-01,-8.953109152957752226e-01,-8.954886316157157911e-01,8.956058206807786526e-01,8.955811564418463266e-01
4.449029005755442134e-01,4.454756757085689411e-01,-4.450108915087697681e-01,4.448465648954130214e-01,-4.451201377412669080e-01,-4.450010238059938228e-01,-4.454417638168215454e-01,-4.450843859842902317e-01,4.448485292351868625e-01,4.448981818644411335e-01
4.449029005755442134e-01,-4.454756757085689411e-01,4.450108915087697681e-01,4.448465648954130214e-01,4.451201377412669080e-01,-4.450010238059938228e-01,4.454417638168215454e-01,4.450843859842902317e-01,-4.448485292351868625e-01,-4.448981818644411335e-01
-8.955788123104898579e-01,8.952940423972417516e-01,-8.955251567871055363e-01,-8.956067963681111355e-01,-8.954708610430579530e-01,8.955300602501389262e-01,-8.953109152957752226e-01,-8.954886316157157911e-01,8.956058206807786526e-01,8.955811564418463266e-01
8.820968384627815295e-01,8.818570656178812417e-01,-8.820512621806851916e-01,8.821174614693397809e-01,-8.820063088057675804e-01,-8.820516858147109396e-01,-8.818747603115468792e-01,-8.820232569818134971e-01,8.821175481957240772e-01,8.820957109474687474e-01
4.710681135185925128e-01,4.715168245352647225e-01,-4.711534472817325847e-01,4.710294939501005196e-01,-4.712375953028631326e-01,-4.711526541912148258e-01,-4.714837294387280719e-01,-4.712058723564400697e-01,4.710293315337850117e-01,4.710702248371039236e-01
4.710681135185925128e-01,-4.715168245352647225e-01,4.711534472817325847e-01,4.710294939501005196e-01,4.712375953028631326e-01,-4.711526541912148258e-01,4.714837294387280719e-01,4.712058723564400697e-01,-4.710293315337850117e-01,4.710702248371039236e-01
-8.820968384627815295e-01,8.818570656178812417e-01,-8.820512621806851916e-01,-8.821174614693397809e-01,-8.820063088057675804e-01,8.820516858147109396e-01,-8.818747603115468792e-01,-8.820232569818134971e-01,8.821175481957240772e-01,-8.820957109474687474e-01
8.677037668577121110e-01,8.675002517255377965e-01,-8.676644938928188555e-01,8.677180393532816227e-01,-8.676271935212185316e-01,-8.676608706816612004e-01,-8.675189718941247463e-01,-8.676436995935341567e-01,8.677191280459254363e-01,8.676993027498537403e-01
4.970816562506981673e-01,4.974367429695243925e-01,-4.971502047044922268e-01,4.970567414097677994e-01,-4.972152985000500292e-01,-4.971565281558128491e-01,-4.974040946793267803e-01,-4.971864947438187077e-01,4.970548408608642110e-01,4.970894486985394378e-01
4.970816562506981673e-01,-4.974367429695243925e-01,4.971502047044922268e-01,4.970567414097677994e-01,4.972152985000500292e-01,-4.971565281558128491e-01,4.974040946793267803e-01,4.971864947438187077e-01,-4.970548408608642110e-01,4.970894486985394378e-01
-8.677037668577121110e-01,8.675002517255377965e-01,-8.676644938928188555e-01,-8.677180393532816227e-01,-8.676271935212185316e-01,8.676608706816612004e-01,-8.675189718941247463e-01,-8.676436995935341567e-01,8.677191280459254363e-01,-8.676993027498537403e-01
8.523579324584654726e-01,8.521838041820540832e-01,-8.523236065445728427e-01,8.523667065736956205e-01,-8.522926085987468925e-01,-8.523163274295035841e-01,-8.522036760923218379e-01,-8.523089415348183984e-01,8.523687216117974419e-01,8.523503103325532626e-01
5.229588463494331263e-01,5.232425478588325074e-01,-5.230147892047146696e-01,5.229445453628058793e-01,-5.230653012081218911e-01,-5.230266513258030603e-01,-5.232101819104183482e-01,-5.230386870775407537e-01,5.229412609632846376e-01,5.229712692643834204e-01
5.229588463494331263e-01,-5.232425478588325074e-01,5.230147892047146696e-01,5.229445453628058793e-01,5.230653012081218911e-01,-5.230266513258030603e-01,5.232101819104183482e-01,5.230386870775407537e-01,-5.229412609632846376e-01,5.229712692643834204e-01
-8.523579324584654726e-01,8.521838041820540832e-01,-8.523236065445728427e-01,-8.523667065736956205e-01,-8.522926085987468925e-01,8.523163274295035841e-01,-8.522036760923218379e-01,-8.523089415348183984e-01,8.523687216117974419e-01,-8.523503103325532626e-01
8.360567705852501863e-01,8.359066375749040212e-01,-8.360263632408505563e-01,8.360607887853835907e-01,-8.360005849058812499e-01,-8.360158102272634562e-01,-8.359276983356787039e-01,-8.360169154704906180e-01,8.360636428034513568e-01,8.360462215155737287e-01
5.486429406805143350e-01,5.488716546317710110e-01,-5.486892745136151550e-01,5.486368174444385959e-01,-5.487285504117899171e-01,-5.487053535824598649e-01,-5.488395787069428877e-01,-5.487036696133955616e-01,5.486324682173145950e-01,5.486590156823566433e-01
5.486429406805143350e-01,-5.488716546317710110e-01,5.486892745136151550e-01,5.486368174444385959e-01,5.487285504117899171e-01,-5.487053535824598649e-01,5.488395787069428877e-01,5.487036696133955616e-01,-5.486324682173145950e-01,-5.486590156823566433e-01
-8.360567705852501863e-01,8.359066375749040212e-01,-8.360263632408505563e-01,-8.360607887853835907e-01,-8.360005849058812499e-01,8.360158102272634562e-01,-8.359276983356787039e-01,-8.360169154704906180e-01,8.360636428034513568e-01,8.360462215155737287e-01
8.188523217402802201e-01,8.187219612650956657e-01,-8.188250661306968325e-01,8.188522662472629277e-01,-8.188036309737964924e-01,-8.188116470831694471e-01,-8.187441443008257602e-01,-8.188200362766134832e-01,8.188558567910905195e-01,8.188391480197444450e-01
5.740042466572459201e-01,5.741901689703814426e-01,-5.740431264949176215e-01,5.740043258214362343e-01,-5.740737007598649688e-01,-5.740622671809628708e-01,-5.741585374903944716e-01,-5.740503010990983812e-01,5.739992036570512601e-01,5.740230393201122272e-01
5.740042466572459201e-01,-5.741901689703814426e-01,5.740431264949176215e-01,5.740043258214362343e-01,5.740737007598649688e-01,-5.740622671809628708e-01,5.741585374903944716e-01,5.740503010990983812e-01,-5.739992036570512601e-01,-5.740230393201122272e-01
-8.188523217402802201e-01,8.187219612650956657e-01,-8.188250661306968325e-01,-8.188522662472629277e-01,-8.188036309737964924e-01,8.188116470831694471e-01,-8.187441443008257602e-01,-8.188200362766134832e-01,8.188558567910905195e-01,8.188391480197444450e-01
8.008679425692255549e-01,8.007540585901401498e-01,-8.008432867624185603e-01,8.008644832631750532e-01,-8.008254734842157330e-01,-8.008274709829724669e-01,-8.007771757203935303e-01,-8.008419354203077933e-01,8.008686859339572139e-01,8.008525428776736010e-01
5.988409960623398698e-01,5.989932701219758959e-01,-5.988739684170338862e-01,5.988456223832712144e-01,-5.988977884570803045e-01,-5.988951174613267314e-01,-5.989623651326266840e-01,-5.988757754929275867e-01,5.988400019123775175e-01,5.988615904917961030e-01
5.988409960623398698e-01,-5.989932701219758959e-01,5.988739684170338862e-01,5.988456223832712144e-01,5.988977884570803045e-01,-5.988951174613267314e-01,5.989623651326266840e-01,5.988757754929275867e-01,-5.988400019123775175e-01,-5.988615904917961030e-01
-8.008679425692255549e-01,8.007540585901401498e-01,-8.008432867624185603e-01,-8.008644832631750532e-01,-8.008254734842157330e-01,8.008274709829724669e-01,-8.007771757203935303e-01,-8.008419354203077933e-01,8.008686859339572139e-01,8.008525428776736010e-01
-7.823164697450319949e-01,7.822165075089969610e-01,-7.822940448068860242e-01,7.823103100763820761e-01,-7.822792451477683651e-01,-7.822763991542026618e-01,-7.822402275456554754e-01,-7.822956442059564308e-01,7.823149697167861572e-01,7.822993689380640658e-01
-6.228811613507592160e-01,6.230066896755019901e-01,-6.229093252309534368e-01,6.228888975958672969e-01,-6.229279112473912194e-01,-6.229314852584788564e-01,-6.229769068025887702e-01,-6.229073165860132821e-01,6.228830453279523560e-01,6.229026387479078553e-01
6.228811613507592160e-01,-6.230066896755019901e-01,-6.229093252309534368e-01,6.228888975958672969e-01,6.229279112473912194e-01,-6.229314852584788564e-01,6.229769068025887702e-01,6.229073165860132821e-01,-6.228830453279523560e-01,-6.229026387479078553e-01
-7.823164697450319949e-01,7.822165075089969610e-01,7.822940448068860242e-01,-7.823103100763820761e-01,-7.822792451477683651e-01,7.822763991542026618e-01,-7.822402275456554754e-01,-7.822956442059564308e-01,7.823149697167861572e-01,7.822993689380640658e-01
-7.635201567316546312e-01,7.634321638575168878e-01,-7.634997564983123652e-01,7.635120783163978908e-01,-7.634874408087709563e-01,-7.634809826290246404e-01,-7.634559873387830597e-01,-7.635035458867847069e-01,7.635169988267775931e-01,7.635020397397110914e-01
-6.457839965998455334e-01,6.458880175292227577e-01,-6.458081153307209110e-01,6.457935477108568412e-01,-6.458226751417708300e-01,-6.458303098831913447e-01,-6.458598573967606615e-01,-6.458036353399586593e-01,6.457877302198845593e-01,6.458054159832514740e-01
-6.457839965998455334e-01,-6.458880175292227577e-01,-6.458081153307209110e-01,6.457935477108568412e-01,6.458226751417708300e-01,-6.458303098831913447e-01,6.458598573967606615e-01,6.458036353399586593e-01,-6.457877302198845593e-01,-6.458054159832514740e-01
7.635201567316546312e-01,7.634321638575168878e-01,7.634997564983123652e-01,-7.635120783163978908e-01,-7.634874408087709563e-01,7.634809826290246404e-01,-7.634559873387830597e-01,-7.635035458867847069e-01,7.635169988267775931e-01,7.635020397397110914e-01
-7.449333010240104525e-01,7.448558271805150177e-01,-7.449148717402644948e-01,7.449242089641460174e-01,-7.449045605528586966e-01,-7.448958465990960232e-01,-7.448790555703634908e-01,-7.449200143149189435e-01,7.449291415701705388e-01,7.449150522053943346e-01
-6.671389488146159952e-01,6.672254466934177675e-01,-6.671595265453273971e-01,6.671491009505606806e-01,-6.671710392901900599e-01,-6.671807683974529946e-01,-6.671995148174220125e-01,-6.671537845752363305e-01,6.671435932687420634e-01,6.671593250474991965e-01
-6.671389488146159952e-01,-6.672254466934177675e-01,-6.671595265453273971e-01,-6.671491009505606806e-01,6.671710392901900599e-01,-6.671807683974529946e-01,-6.671995148174220125e-01,6.671537845752363305e-01,-6.671435932687420634e-01,-6.671593250474991965e-01
7.449333010240104525e-01,7.448558271805150177e-01,7.449148717402644948e-01,7.449242089641460174e-01,-7.449045605528586966e-01,7.448958465990960232e-01,7.448790555703634908e-01,-7.449200143149189435e-01,7.449291415701705388e-01,7.449150522053943346e-01
-7.271699141618667150e-01,7.271019446018096577e-01,-7.271535537707495278e-01,7.271608874252287746e-01,-7.271447935272248309e-01,-7.271353783622072076e-01,-7.271236395725647617e-01,-7.271590910727721013e-01,7.271655162930621419e-01,7.271526665402037182e-01
-6.864575121140590319e-01,6.865295056705625898e-01,-6.864748423930551180e-01,6.864670740821833261e-01,-6.864841216271864166e-01,-6.864940943184068001e-01,-6.865065278456913278e-01,-6.864689769175443823e-01,6.864621707816420670e-01,6.864757821973556107e-01
-6.864575121140590319e-01,-6.865295056705625898e-01,-6.864748423930551180e-01,-6.864670740821833261e-01,-6.864841216271864166e-01,-6.864940943184068001e-01,-6.865065278456913278e-01,-6.864689769175443823e-01,-6.864621707816420670e-01,-6.864757821973556107e-01
7.271699141618667150e-01,7.271019446018096577e-01,7.271535537707495278e-01,7.271608874252287746e-01,7.271447935272248309e-01,7.271353783622072076e-01,7.271236395725647617e-01,7.271590910727721013e-01,7.271655162930621419e-01,7.271526665402037182e-01
-7.110415112774243207e-01,7.109824335879524337e-01,-7.110274803072065275e-01,7.110338664216636628e-01,-7.110198209709857053e-01,-7.110115469013574829e-01,-7.110013571589084425e-01,-7.110322766679368911e-01,7.110377891334488387e-01,7.110267152752862696e-01
-7.031500332363759265e-01,7.032097689376569649e-01,-7.031642213935410668e-01,7.031577638065725777e-01,-7.031719662972829576e-01,-7.031803326124379527e-01,-7.031906356872156261e-01,-7.031593713635695408e-01,7.031537971341812465e-01,7.031649949797251775e-01
-7.031500332363759265e-01,-7.032097689376569649e-01,-7.031642213935410668e-01,-7.031577638065725777e-01,7.031719662972829576e-01,-7.031803326124379527e-01,-7.031906356872156261e-01,-7.031593713635695408e-01,-7.031537971341812465e-01,-7.031649949797251775e-01
7.110415112774243207e-01,7.109824335879524337e-01,7.110274803072065275e-01,7.110338664216636628e-01,-7.110198209709857053e-01,7.110115469013574829e-01,7.110013571589084425e-01,7.110322766679368911e-01,7.110377891334488387e-01,7.110267152752862696e-01
-6.976148228538788798e-01,6.975644319695862849e-01,-6.976035720200298718e-01,6.976102059687314672e-01,-6.975965434623871975e-01,-6.975916686269646450e-01,-6.975789500842791702e-01,-6.976062359994973372e-01,6.976129041903583738e-01,6.976043526720622223e-01
-7.164729994455835138e-01,7.165220605472998328e-01,-7.164839539758690590e-01,7.164774947814229744e-01,-7.164907972537607472e-01,-7.164955435048057097e-01,-7.165079262641237401e-01,-7.164813601864417070e-01,7.164748676032492991e-01,7.164831938943110323e-01
7.164729994455835138e-01,-7.165220605472998328e-01,-7.164839539758690590e-01,7.164774947814229744e-01,7.164907972537607472e-01,-7.164955435048057097e-01,7.165079262641237401e-01,7.164813601864417070e-01,-7.164748676032492991e-01,-7.164831938943110323e-01
-6.976148228538788798e-01,6.975644319695862849e-01,6.976035720200298718e-01,-6.976102059687314672e-01,-6.975965434623871975e-01,6.975916686269646450e-01,-6.975789500842791702e-01,-6.976062359994973372e-01,6.976129041903583738e-01,6.976043526720622223e-01
-6.883071638464457465e-01,6.882657189983487633e-01,-6.882993883272893187e-01,6.883076962584977476e-01,-6.882924709367409521e-01,-6.882938738164695591e-01,-6.882736375042254329e-01,-6.882981487521242503e-01,6.883084885047824342e-01,6.883034935196764570e-01
-7.254193602307992261e-01,7.254586825255355809e-01,-7.254267378779744035e-01,7.254188550563870352e-01,-7.254333011737159609e-01,-7.254319701162321721e-01,-7.254511699051163776e-01,-7.254279140096544509e-01,7.254181033392134159e-01,7.254228427673123925e-01
7.254193602307992261e-01,7.254586825255355809e-01,7.254267378779744035e-01,7.254188550563870352e-01,7.254333011737159609e-01,-7.254319701162321721e-01,7.254511699051163776e-01,7.254279140096544509e-01,-7.254181033392134159e-01,7.254228427673123925e-01
-6.883071638464457465e-01,-6.882657189983487633e-01,-6.882993883272893187e-01,-6.883076962584977476e-01,-6.882924709367409521e-01,6.882938738164695591e-01,-6.882736375042254329e-01,-6.882981487521242503e-01,6.883084885047824342e-01,-6.883034935196764570e-01
6.850502430362400696e-01,6.850186040036888580e-01,-6.850469806023256059e-01,6.850587625913968637e-01,-6.850395634593910987e-01,-6.850510875641400155e-01,-6.850168840253223479e-01,-6.850394800357543224e-01,6.850567259315799573e-01,6.850567458503628027e-01
7.284958232659870525e-01,7.285255741350726844e-01,-7.284988911231348174e-01,7.284878117008850573e-01,-7.285058657933832782e-01,-7.284950291025938940e-01,-7.285271913938682342e-01,-7.285059442395396268e-01,7.284897269391683583e-01,7.284897082079550001e-01
7.284958232659870525e-01,7.285255741350726844e-01,7.284988911231348174e-01,7.284878117008850573e-01,7.285058657933832782e-01,7.284950291025938940e-01,7.285271913938682342e-01,7.285059442395396268e-01,7.284897269391683583e-01,7.284897082079550001e-01
-6.850502430362400696e-01,-6.850186040036888580e-01,-6.850469806023256059e-01,-6.850587625913968637e-01,-6.850395634593910987e-01,-6.850510875641400155e-01,-6.850168840253223479e-01,-6.850394800357543224e-01,-6.850567259315799573e-01,-6.850567458503628027e-01
6.905727978523994448e-01,6.905526876413633497e-01,-6.905755963637266737e-01,6.905932562441751132e-01,-6.905669145346798876e-01,-6.905939515675293405e-01,-6.905369577076829746e-01,-6.905585461341883224e-01,6.905870984834998616e-01,6.905942496672734521e-01
7.232628919461504546e-01,7.232820926798130268e-01,-7.232602199118124409e-01,7.232433576812627996e-01,-7.232685093034620927e-01,-7.232426937469502715e-01,-7.232971104876733115e-01,-7.232764992456454101e-01,7.232492374058481222e-01,7.232424091039569847e-01
-7.232628919461504546e-01,-7.232820926798130268e-01,-7.232602199118124409e-01,-7.232433576812627996e-01,-7.232685093034620927e-01,-7.232426937469502715e-01,-7.232971104876733115e-01,-7.232764992456454101e-01,-7.232492374058481222e-01,-7.232424091039569847e-01
6.905727978523994448e-01,6.905526876413633497e-01,6.905755963637266737e-01,6.905932562441751132e-01,6.905669145346798876e-01,6.905939515675293405e-01,6.905369577076829746e-01,6.905585461341883224e-01,6.905870984834998616e-01,6.905942496672734521e-01
7.088686340509539052e-01,7.088630849761980990e-01,7.088798072372599623e-01,7.089066933348381339e-01,-7.088688557754947439e-01,-7.089192634618893818e-01,-7.088268671046159541e-01,-7.088484549460011275e-01,7.088945651747000642e-01,7.089119890876673935e-01
7.053405274466616470e-01,7.053461042339620457e-01,7.053292981943010131e-01,7.053022757265609011e-01,-7.053403046129868015e-01,-7.052896411352234107e-01,-7.053825008253714612e-01,-7.053608069071224396e-01,7.053144656575341953e-01,7.052969528700424595e-01
-7.053405274466616470e-01,-7.053461042339620457e-01,-7.053292981943010131e-01,-7.053022757265609011e-01,-7.053403046129868015e-01,-7.052896411352234107e-01,-7.053825008253714612e-01,-7.053608069071224396e-01,-7.053144656575341953e-01,-7.052969528700424595e-01
7.088686340509539052e-01,7.088630849761980990e-01,7.088798072372599623e-01,7.089066933348381339e-01,7.088688557754947439e-01,7.089192634618893818e-01,7.088268671046159541e-01,7.088484549460011275e-01,7.088945651747000642e-01,7.089119890876673935e-01
7.458385382912321449e-01,7.458524442891711903e-01,7.458614035559155697e-01,7.459021099273432931e-01,-7.458468830321872689e-01,-7.459319634479697481e-01,-7.457863146676022570e-01,-7.458089998979804403e-01,7.458814508078024375e-01,7.459136955946383818e-01
6.661267708173859159e-01,6.661112004371856354e-01,6.661011685064059940e-01,6.660555850722501559e-01,-6.661174273888730291e-01,-6.660221512131987431e-01,-6.661852391448763733e-01,-6.661598424336114821e-01,6.660787200780758921e-01,6.660426102918258762e-01
-6.661267708173859159e-01,-6.661112004371856354e-01,-6.661011685064059940e-01,-6.660555850722501559e-01,-6.661174273888730291e-01,-6.660221512131987431e-01,-6.661852391448763733e-01,-6.661598424336114821e-01,-6.660787200780758921e-01,-6.660426102918258762e-01
7.458385382912321449e-01,7.458524442891711903e-01,7.458614035559155697e-01,7.459021099273432931e-01,7.458468830321872689e-01,7.459319634479697481e-01,7.457863146676022570e-01,7.458089998979804403e-01,7.458814508078024375e-01,7.459136955946383818e-01
8.093409981063909298e-01,8.093805637359416938e-01,8.093791561433095749e-01,8.094384827501880375e-01,-8.093598457437849447e-01,-8.094923594922281973e-01,-8.092737454524241425e-01,-8.092982767560741308e-01,8.094066536493328412e-01,8.094588324733150708e-01
5.873390407457612650e-01,5.872845162665955021e-01,5.872864561700227304e-01,5.872046854743867561e-01,-5.873130682162595040e-01,-5.871304113429189897e-01,-5.874317023462429788e-01,-5.873979053756054336e-01,5.872485581320646686e-01,5.871766331615537737e-01
-5.873390407457612650e-01,-5.872845162665955021e-01,-5.872864561700227304e-01,-5.872046854743867561e-01,-5.873130682162595040e-01,-5.871304113429189897e-01,-5.874317023462429788e-01,-5.873979053756054336e-01,-5.872485581320646686e-01,-5.871766331615537737e-01
8.093409981063909298e-01,8.093805637359416938e-01,8.093791561433095749e-01,8.094384827501880375e-01,8.093598457437849447e-01,8.094923594922281973e-01,8.092737454524241425e-01,8.092982767560741308e-01,8.094066536493328412e-01,8.094588324733150708e-01
9.032686924243105153e-01,9.033319723350053954e-01,9.033190421609929022e-01,9.033923068913567445e-01,-9.032966718312822607e-01,-9.034676735992596130e-01,-9.031914994836239829e-01,-9.032156178843524508e-01,9.033521060785357770e-01,9.034204972811357148e-01
4.290753655082942264e-01,4.289421263496382974e-01,4.289693556296841348e-01,4.288150415383217839e-01,-4.290164596592173640e-01,-4.286562291173914296e-01,-4.292378306493065954e-01,-4.291870776360668382e-01,4.288997230629481017e-01,4.287556473007734792e-01
-4.290753655082942264e-01,-4.289421263496382974e-01,-4.289693556296841348e-01,-4.288150415383217839e-01,-4.290164596592173640e-01,-4.286562291173914296e-01,-4.292378306493065954e-01,-4.291870776360668382e-01,-4.288997230629481017e-01,-4.287556473007734792e-01
9.032686924243105153e-01,9.033319723350053954e-01,9.033190421609929022e-01,9.033923068913567445e-01,9.032966718312822607e-01,9.034676735992596130e-01,9.031914994836239829e-01,9.032156178843524508e-01,9.033521060785357770e-01,9.034204972811357148e-01
9.924588848960368415e-01,9.924915177814261913e-01,9.924825387212218297e-01,9.925157911944384459e-01,-9.924728067995259861e-01,-9.925521082978865373e-01,-9.924254574990215572e-01,-9.924348031948558857e-01,9.924974711463134813e-01,9.925294143128836621e-01
1.225779824883521246e-01,1.223134789461931132e-01,1.223863159568023412e-01,1.221163552914929368e-01,-1.224652104210442044e-01,-1.218208205251484072e-01,-1.228483264349073678e-01,-1.227728040226636619e-01,1.222651617108197197e-01,1.220055807072941145e-01
-1.225779824883521246e-01,-1.223134789461931132e-01,-1.223863159568023412e-01,-1.221163552914929368e-01,-1.224652104210442044e-01,-1.218208205251484072e-01,-1.228483264349073678e-01,-1.227728040226636619e-01,-1.222651617108197197e-01,-1.220055807072941145e-01
9.924588848960368415e-01,9.924915177814261913e-01,9.924825387212218297e-01,9.925157911944384459e-01,9.924728067995259861e-01,9.925521082978865373e-01,9.924254574990215572e-01,9.924348031948558857e-01,9.924974711463134813e-01,9.925294143128836621e-01
-9.459453966894630916e-01,-9.458384453894409516e-01,-9.458710357875432795e-01,-9.457678303354699612e-01,-9.459004525951686393e-01,-9.456549602960024892e-01,-9.460435433033757002e-01,-9.460175551430092256e-01,-9.458245560188879297e-01,9.457249959550007024e-01
3.243259263179780194e-01,3.246376984012876443e-01,3.245427300960535000e-01,3.248433639502858461e-01,3.244569829426624530e-01,3.251717946986881214e-01,3.240395256353672537e-01,3.241153889608503480e-01,3.246781625420372408e-01,-3.249680476999454171e-01
3.243259263179780194e-01,3.246376984012876443e-01,3.245427300960535000e-01,3.248433639502858461e-01,3.244569829426624530e-01,3.251717946986881214e-01,3.240395256353672537e-01,3.241153889608503480e-01,3.246781625420372408e-01,3.249680476999454171e-01
9.459453966894630916e-01,9.458384453894409516e-01,9.458710357875432795e-01,9.457678303354699612e-01,9.459004525951686393e-01,9.456549602960024892e-01,9.460435433033757002e-01,9.460175551430092256e-01,9.458245560188879297e-01,9.457249959550007024e-01
-7.324343018604848599e-01,-7.322665081717459890e-01,-7.323207753754261695e-01,-7.321624736477925222e-01,-7.323651029935213108e-01,-7.319880061424158812e-01,-7.325826999030486952e-01,-7.325444417236907091e-01,-7.322481927842375837e-01,-7.320955726613067593e-01
6.808377144798489766e-01,6.810181796471797000e-01,6.809598240377581213e-01,6.811300258995675039e-01,6.809121499263240951e-01,6.813175169211860283e-01,6.806780353461978628e-01,6.807192085579238938e-01,6.810378727825772138e-01,6.812019322416174028e-01
6.808377144798489766e-01,6.810181796471797000e-01,6.809598240377581213e-01,6.811300258995675039e-01,6.809121499263240951e-01,6.813175169211860283e-01,6.806780353461978628e-01,6.807192085579238938e-01,6.810378727825772138e-01,6.812019322416174028e-01
7.324343018604848599e-01,7.322665081717459890e-01,7.323207753754261695e-01,7.321624736477925222e-01,7.323651029935213108e-01,7.319880061424158812e-01,7.325826999030486952e-01,7.325444417236907091e-01,7.322481927842375837e-01,7.320955726613067593e-01
-5.228810924707690821e-01,-5.227582085252210353e-01,-5.228006102310871483e-01,-5.226852181387622309e-01,-5.228322268088663183e-01,-5.225507537255918988e-01,-5.229935114130930263e-01,-5.229649735674797295e-01,-5.227456134686212508e-01,5.226334730306687604e-01
8.524056329803170184e-01,8.524810000343124861e-01,8.524549970186126036e-01,8.525257548832378962e-01,8.524356061369574578e-01,8.526081806907647165e-01,8.523366629564886887e-01,8.523541731120727327e-01,8.524887234440786665e-01,-8.525574777502694657e-01
8.524056329803170184e-01,8.524810000343124861e-01,8.524549970186126036e-01,8.525257548832378962e-01,8.524356061369574578e-01,8.526081806907647165e-01,8.523366629564886887e-01,8.523541731120727327e-01,8.524887234440786665e-01,8.525574777502694657e-01
5.228810924707690821e-01,5.227582085252210353e-01,5.228006102310871483e-01,5.226852181387622309e-01,5.228322268088663183e-01,5.225507537255918988e-01,5.229935114130930263e-01,5.229649735674797295e-01,5.227456134686212508e-01,5.226334730306687604e-01
-3.806712688739852801e-01,3.805953915088244321e-01,-3.806229288615908257e-01,3.805502825707435810e-01,-3.806424384178586640e-01,-3.804596958378873572e-01,-3.807471444461011933e-01,-3.807276125555890123e-01,3.805864367966853568e-01,3.805153481122248715e-01
9.247104330837140340e-01,-9.247416655273213992e-01,9.247303315155313008e-01,-9.247602297002868177e-01,9.247223010587052316e-01,9.247975020743418595e-01,9.246791940971417212e-01,9.246872363333027423e-01,-9.247453509623081436e-01,-9.247746048908525029e-01
9.247104330837140340e-01,9.247416655273213992e-01,9.247303315155313008e-01,9.247602297002868177e-01,9.247223010587052316e-01,9.247975020743418595e-01,9.246791940971417212e-01,9.246872363333027423e-01,9.247453509623081436e-01,9.247746048908525029e-01
3.806712688739852801e-01,3.805953915088244321e-01,3.806229288615908257e-01,3.805502825707435810e-01,3.806424384178586640e-01,3.804596958378873572e-01,3.807471444461011933e-01,3.807276125555890123e-01,3.805864367966853568e-01,3.805153481122248715e-01
2.886290121589838997e-01,2.885821478009561458e-01,2.885993340618974168e-01,2.885518488928449643e-01,-2.886119905080268278e-01,-2.884895511393209544e-01,-2.886828869481727344e-01,-2.886683004579504441e-01,2.885741422446886362e-01,2.885277804828594306e-01
-9.574410129820682958e-01,-9.574551394037149610e-01,-9.574499592036281870e-01,-9.574642711352318036e-01,9.574461441433635978e-01,9.574830436532195677e-01,9.574247702996140363e-01,9.574291682995240693e-01,-9.574575522850830023e-01,-9.574715243231177730e-01
9.574410129820682958e-01,9.574551394037149610e-01,9.574499592036281870e-01,9.574642711352318036e-01,9.574461441433635978e-01,9.574830436532195677e-01,9.574247702996140363e-01,9.574291682995240693e-01,9.574575522850830023e-01,9.574715243231177730e-01
2.886290121589838997e-01,2.885821478009561458e-01,2.885993340618974168e-01,2.885518488928449643e-01,2.886119905080268278e-01,2.884895511393209544e-01,2.886828869481727344e-01,2.886683004579504441e-01,2.885741422446886362e-01,2.885277804828594306e-01
2.247862874103960240e-01,2.247548428020775813e-01,2.247656616140221442e-01,2.247303725878671832e-01,-2.247752148212047163e-01,-2.246833831954677396e-01,2.248295698718225655e-01,-2.248169364328317099e-01,2.247461576900422753e-01,2.247122172635983017e-01
-9.744080895560395250e-01,-9.744153429811197586e-01,-9.744128474928945849e-01,-9.744209868616945380e-01,9.744106438263495651e-01,9.744318228156542139e-01,-9.743981037087721120e-01,9.744010186227003434e-01,-9.744173462144249953e-01,-9.744251738396731977e-01
9.744080895560395250e-01,9.744153429811197586e-01,9.744128474928945849e-01,9.744209868616945380e-01,9.744106438263495651e-01,9.744318228156542139e-01,9.743981037087721120e-01,9.744010186227003434e-01,9.744173462144249953e-01,9.744251738396731977e-01
2.247862874103960240e-01,2.247548428020775813e-01,2.247656616140221442e-01,2.247303725878671832e-01,2.247752148212047163e-01,2.246833831954677396e-01,2.248295698718225655e-01,2.248169364328317099e-01,2.247461576900422753e-01,2.247122172635983017e-01
1.732794033990158744e-01,1.732540278847432280e-01,1.732615136942381728e-01,1.732293710621959637e-01,1.732705049386340235e-01,1.731873541763744029e-01,1.733210061488853759e-01,1.733080021361607936e-01,1.732434636461205046e-01,1.732131847019910686e-01
-9.848727066772036132e-01,-9.848771709313363099e-01,-9.848758540406914452e-01,-9.848815081020640960e-01,-9.848742722390054771e-01,-9.848888974668091878e-01,-9.848653861455066716e-01,-9.848676745611931738e-01,-9.848790292741009811e-01,-9.848843549602125380e-01
9.848727066772036132e-01,9.848771709313363099e-01,9.848758540406914452e-01,9.848815081020640960e-01,9.848742722390054771e-01,9.848888974668091878e-01,9.848653861455066716e-01,9.848676745611931738e-01,9.848790292741009811e-01,9.848843549602125380e-01
1.732794033990158744e-01,1.732540278847432280e-01,1.732615136942381728e-01,1.732293710621959637e-01,1.732705049386340235e-01,1.731873541763744029e-01,1.733210061488853759e-01,1.733080021361607936e-01,1.732434636461205046e-01,1.732131847019910686e-01
1.215807374776718963e-01,1.215540213698813043e-01,1.215607688967987737e-01,1.215241854383933146e-01,1.215712624260204128e-01,1.214772686194223739e-01,1.216292902265300041e-01,1.216135796121616541e-01,1.215402493077500645e-01,1.215061950432469035e-01
-9.925815454028881213e-01,-9.925848174784916989e-01,-9.925839911388955050e-01,-9.925884707941831087e-01,-9.925827059505638594e-01,-9.925942137695366041e-01,-9.925755969995386785e-01,-9.925775220374056795e-01,-9.925865039371680743e-01,-9.925906732214001549e-01
9.925815454028881213e-01,9.925848174784916989e-01,9.925839911388955050e-01,9.925884707941831087e-01,9.925827059505638594e-01,9.925942137695366041e-01,9.925755969995386785e-01,9.925775220374056795e-01,9.925865039371680743e-01,9.925906732214001549e-01
1.215807374776718963e-01,1.215540213698813043e-01,1.215607688967987737e-01,1.215241854383933146e-01,1.215712624260204128e-01,1.214772686194223739e-01,1.216292902265300041e-01,1.216135796121616541e-01,1.215402493077500645e-01,1.215061950432469035e-01
5.764222283015730391e-02,5.760725971109109667e-02,5.761570221936412189e-02,5.756692559458895936e-02,5.762978121205687004e-02,5.750433594996671310e-02,5.770755083479175290e-02,5.768631315404167126e-02,5.758838971609633872e-02,5.754300673180595682e-02
-9.983373047959285262e-01,-9.983393228900575567e-01,-9.983388356954614462e-01,-9.983416494755626980e-01,-9.983380230750756867e-01,-9.983452565855928107e-01,-9.983335307284083582e-01,-9.983347581220909372e-01,-9.983404115680717394e-01,-9.983430284107078778e-01
9.983373047959285262e-01,9.983393228900575567e-01,9.983388356954614462e-01,9.983416494755626980e-01,9.983380230750756867e-01,9.983452565855928107e-01,9.983335307284083582e-01,9.983347581220909372e-01,9.983404115680717394e-01,9.983430284107078778e-01
5.764222283015730391e-02,5.760725971109109667e-02,5.761570221936412189e-02,5.756692559458895936e-02,5.762978121205687004e-02,5.750433594996671310e-02,5.770755083479175290e-02,5.768631315404167126e-02,5.758838971609633872e-02,5.754300673180595682e-02
-3.132379757913864721e-02,-3.137350492252558715e-02,-3.136128435878934861e-02,-3.143042858992573657e-02,-3.134138645710496385e-02,-3.151985031666156012e-02,-3.123082497454152118e-02,-3.126093449117917089e-02,-3.140011693313803781e-02,-3.146457213138174891e-02
-9.995092894541907080e-01,-9.995077304297732557e-01,-9.995081139457383523e-01,-9.995059420326892763e-01,-9.995087380783352904e-01,-9.995031260761594316e-01,-9.995121988107045219e-01,-9.995112575527790311e-01,-9.995068947518997993e-01,-9.995048677723331609e-01
9.995092894541907080e-01,9.995077304297732557e-01,9.995081139457383523e-01,9.995059420326892763e-01,9.995087380783352904e-01,9.995031260761594316e-01,9.995121988107045219e-01,9.995112575527790311e-01,9.995068947518997993e-01,9.995048677723331609e-01
-3.132379757913864721e-02,-3.137350492252558715e-02,-3.136128435878934861e-02,-3.143042858992573657e-02,-3.134138645710496385e-02,-3.151985031666156012e-02,-3.123082497454152118e-02,-3.126093449117917089e-02,-3.140011693313803781e-02,-3.146457213138174891e-02
-1.565995555212497947e-01,-1.566675851716187173e-01,-1.566508450880561842e-01,-1.567459964236554149e-01,-1.566235028309454769e-01,-1.568688046771684053e-01,-1.564714744891425313e-01,-1.565131013210569189e-01,-1.567045583391139529e-01,-1.567929812291613267e-01
-9.876621786879089537e-01,-9.876513897912023721e-01,-9.876540450649700098e-01,-9.876389485055534490e-01,-9.876583814057190436e-01,-9.876194500510590002e-01,-9.876824781635004102e-01,-9.876758826228696497e-01,-9.876455241612464020e-01,-9.876314905050728177e-01
9.876621786879089537e-01,9.876513897912023721e-01,9.876540450649700098e-01,9.876389485055534490e-01,9.876583814057190436e-01,9.876194500510590002e-01,9.876824781635004102e-01,9.876758826228696497e-01,9.876455241612464020e-01,9.876314905050728177e-01
-1.565995555212497947e-01,-1.566675851716187173e-01,-1.566508450880561842e-01,-1.567459964236554149e-01,-1.566235028309454769e-01,-1.568688046771684053e-01,-1.564714744891425313e-01,-1.565131013210569189e-01,-1.567045583391139529e-01,-1.567929812291613267e-01
-3.188416429823727749e-01,-3.189226551436610824e-01,-3.189036928821787353e-01,-3.190197714578574817e-01,-3.188701806652763926e-01,-3.191666720406806657e-01,-3.186857418715267065e-01,-3.187372894331292339e-01,-3.189695735546280719e-01,-3.190762784621933301e-01
-9.478080009687093188e-01,-9.477807447063467672e-01,-9.477871251848217771e-01,-9.477480600977119529e-01,-9.477984004430973775e-01,-9.476985994811201186e-01,-9.478604316711373157e-01,-9.478430990015285218e-01,-9.477649556437390821e-01,-9.477290375010765100e-01
9.478080009687093188e-01,9.477807447063467672e-01,9.477871251848217771e-01,9.477480600977119529e-01,9.477984004430973775e-01,9.476985994811201186e-01,9.478604316711373157e-01,9.478430990015285218e-01,9.477649556437390821e-01,9.477290375010765100e-01
-3.188416429823727749e-01,-3.189226551436610824e-01,-3.189036928821787353e-01,-3.190197714578574817e-01,-3.188701806652763926e-01,-3.191666720406806657e-01,-3.186857418715267065e-01,-3.187372894331292339e-01,-3.189695735546280719e-01,-3.190762784621933301e-01
-4.957704737799746297e-01,-4.958474840543862783e-01,-4.958314677169087248e-01,-4.959469518404956423e-01,4.957977651404214536e-01,-4.960879966732876234e-01,-4.956158670770924868e-01,4.956685455762793180e-01,-4.958974147077506167e-01,-4.960016758146811311e-01
-8.684535896223698481e-01,-8.684096225612284448e-01,-8.684187674283048164e-01,-8.683528205517160314e-01,8.684380093488328622e-01,-8.682722496755750363e-01,-8.685418310602095460e-01,8.685117690200265805e-01,-8.683811110832438951e-01,-8.683215634711762831e-01
8.684535896223698481e-01,8.684096225612284448e-01,8.684187674283048164e-01,8.683528205517160314e-01,8.684380093488328622e-01,8.682722496755750363e-01,8.685418310602095460e-01,8.685117690200265805e-01,8.683811110832438951e-01,8.683215634711762831e-01
-4.957704737799746297e-01,-4.958474840543862783e-01,-4.958314677169087248e-01,-4.959469518404956423e-01,-4.957977651404214536e-01,-4.960879966732876234e-01,-4.956158670770924868e-01,-4.956685455762793180e-01,-4.958974147077506167e-01,-4.960016758146811311e-01
-6.496216237216455580e-01,-6.496782441750399428e-01,-6.496688311636419355e-01,-6.497600226175124227e-01,6.496418054935666486e-01,6.498667209806311407e-01,6.494992502894776365e-01,6.495425421785343545e-01,-6.497213565953410264e-01,-6.498018221409074258e-01
-7.602576839422623411e-01,-7.602092994995767183e-01,-7.602173438000920935e-01,-7.601394036675706012e-01,7.602404386475761777e-01,7.600481859473664503e-01,7.603622320140621671e-01,7.603252500741026765e-01,-7.601724533182647736e-01,-7.601036718384910351e-01
7.602576839422623411e-01,7.602092994995767183e-01,7.602173438000920935e-01,7.601394036675706012e-01,7.602404386475761777e-01,7.600481859473664503e-01,7.603622320140621671e-01,7.603252500741026765e-01,7.601724533182647736e-01,7.601036718384910351e-01
-6.496216237216455580e-01,-6.496782441750399428e-01,-6.496688311636419355e-01,-6.497600226175124227e-01,-6.496418054935666486e-01,-6.498667209806311407e-01,-6.494992502894776365e-01,-6.495425421785343545e-01,-6.497213565953410264e-01,-6.498018221409074258e-01
-7.580659628011252593e-01,-7.580995075708687470e-01,-7.580961400250653126e-01,-7.581564562124218920e-01,7.580779111713037421e-01,7.582239658783136438e-01,7.579838873836068913e-01,7.580141426888984402e-01,-7.581313302255043851e-01,-7.581831292894372076e-01
-6.521778868088083936e-01,-6.521388936574833428e-01,-6.521428083472948778e-01,-6.520726860584040718e-01,6.521639982352237519e-01,6.519941852254219627e-01,6.522732759103622158e-01,6.522381156323312501e-01,-6.521018985791309230e-01,-6.520416723345805465e-01
6.521778868088083936e-01,6.521388936574833428e-01,6.521428083472948778e-01,6.520726860584040718e-01,6.521639982352237519e-01,6.519941852254219627e-01,6.522732759103622158e-01,6.522381156323312501e-01,6.521018985791309230e-01,6.520416723345805465e-01
-7.580659628011252593e-01,-7.580995075708687470e-01,-7.580961400250653126e-01,-7.581564562124218920e-01,-7.580779111713037421e-01,-7.582239658783136438e-01,-7.579838873836068913e-01,-7.580141426888984402e-01,-7.581313302255043851e-01,-7.581831292894372076e-01
-8.245721443337509227e-01,-8.245889713965731671e-01,-8.245893020445809185e-01,-8.246255930297454739e-01,8.245780517904570672e-01,8.246642837492726974e-01,8.245213192442404360e-01,8.245409322346188841e-01,-8.246108873944021367e-01,-8.246409931631536461e-01
-5.657568194806315010e-01,-5.657322938025913794e-01,-5.657318118628567039e-01,-5.656789118575489272e-01,5.657482094584608268e-01,5.656225058360911939e-01,5.658308882623297453e-01,5.658023074092800586e-01,-5.657003485862602821e-01,-5.656564614630399390e-01
5.657568194806315010e-01,5.657322938025913794e-01,5.657318118628567039e-01,5.656789118575489272e-01,5.657482094584608268e-01,5.656225058360911939e-01,5.658308882623297453e-01,5.658023074092800586e-01,5.657003485862602821e-01,5.656564614630399390e-01
-8.245721443337509227e-01,-8.245889713965731671e-01,-8.245893020445809185e-01,-8.246255930297454739e-01,-8.245780517904570672e-01,-8.246642837492726974e-01,-8.245213192442404360e-01,-8.245409322346188841e-01,-8.246108873944021367e-01,-8.246409931631536461e-01
-8.625012435741614691e-01,-8.625080335937997944e-01,-8.625102250116455371e-01,-8.625311808450356610e-01,8.625034953690352557e-01,8.625521464500848223e-01,8.624704360620664145e-01,8.624829980045766176e-01,-8.625230724274710603e-01,-8.625395949155157949e-01
-5.060549425042946137e-01,-5.060433696691979399e-01,-5.060396345646857030e-01,-5.060039150738542268e-01,5.060511046092051046e-01,5.059681755351331800e-01,5.061074460219971982e-01,5.060860382909584398e-01,-5.060177363791464877e-01,-5.059895722275093988e-01
5.060549425042946137e-01,5.060433696691979399e-01,5.060396345646857030e-01,5.060039150738542268e-01,5.060511046092051046e-01,5.059681755351331800e-01,5.061074460219971982e-01,5.060860382909584398e-01,5.060177363791464877e-01,5.059895722275093988e-01
-8.625012435741614691e-01,-8.625080335937997944e-01,-8.625102250116455371e-01,-8.625311808450356610e-01,-8.625034953690352557e-01,-8.625521464500848223e-01,-8.624704360620664145e-01,-8.624829980045766176e-01,-8.625230724274710603e-01,-8.625395949155157949e-01
-8.830954251837138669e-01,-8.830964721911277460e-01,-8.830995381704961344e-01,-8.831112423818610058e-01,8.830955696609670280e-01,8.831218027780347590e-01,8.830767570349516982e-01,8.830849394610900127e-01,-8.831070951845962913e-01,-8.831155378446069459e-01
-4.691934249534998602e-01,-4.691914543164492080e-01,-4.691856835870596432e-01,-4.691636533010266619e-01,4.691931530246068460e-01,4.691437748260911533e-01,4.692285596429876526e-01,4.692131601916157968e-01,-4.691714595269241839e-01,-4.691555678209847757e-01
4.691934249534998602e-01,4.691914543164492080e-01,4.691856835870596432e-01,4.691636533010266619e-01,4.691931530246068460e-01,4.691437748260911533e-01,4.692285596429876526e-01,4.692131601916157968e-01,4.691714595269241839e-01,4.691555678209847757e-01
-8.830954251837138669e-01,-8.830964721911277460e-01,-8.830995381704961344e-01,-8.831112423818610058e-01,-8.830955696609670280e-01,-8.831218027780347590e-01,-8.830767570349516982e-01,-8.830849394610900127e-01,-8.831070951845962913e-01,-8.831155378446069459e-01
-8.933317197878846150e-01,-8.933293756767738403e-01,-8.933328670179889741e-01,-8.933389038416947869e-01,8.933306065522348405e-01,8.933432230027842369e-01,8.933205035781214276e-01,8.933259545961589332e-01,-8.933371849192431879e-01,-8.933407232302288392e-01
-4.493978620563525150e-01,-4.494025217474258427e-01,-4.493955815374913176e-01,-4.493835810117220997e-01,4.494000749855477927e-01,4.493749947593855265e-01,4.494201574105586294e-01,4.494093221606124122e-01,-4.493869980768934735e-01,-4.493799641934335121e-01
4.493978620563525150e-01,4.494025217474258427e-01,4.493955815374913176e-01,4.493835810117220997e-01,4.494000749855477927e-01,4.493749947593855265e-01,4.494201574105586294e-01,4.494093221606124122e-01,4.493869980768934735e-01,4.493799641934335121e-01
-8.933317197878846150e-01,-8.933293756767738403e-01,-8.933328670179889741e-01,-8.933389038416947869e-01,-8.933306065522348405e-01,-8.933432230027842369e-01,-8.933205035781214276e-01,-8.933259545961589332e-01,-8.933371849192431879e-01,-8.933407232302288392e-01
-8.971432099431727591e-01,-8.971386987942248092e-01,-8.971424334091460118e-01,-8.971448202053131649e-01,8.971412796909082887e-01,8.971451794170590688e-01,8.971367679971813391e-01,8.971404569210648106e-01,-8.971446787319882210e-01,-8.971450672385631320e-01
-4.417398112609506877e-01,-4.417489729765141648e-01,-4.417413883447147138e-01,-4.417365409141246757e-01,4.417437314490828548e-01,4.417358113722871238e-01,4.417528941700005207e-01,4.417454024157616566e-01,-4.417368282392558076e-01,-4.417360392015959314e-01
-4.417398112609506877e-01,-4.417489729765141648e-01,-4.417413883447147138e-01,-4.417365409141246757e-01,-4.417437314490828548e-01,-4.417358113722871238e-01,-4.417528941700005207e-01,-4.417454024157616566e-01,-4.417368282392558076e-01,-4.417360392015959314e-01
8.971432099431727591e-01,8.971386987942248092e-01,8.971424334091460118e-01,8.971448202053131649e-01,8.971412796909082887e-01,8.971451794170590688e-01,8.971367679971813391e-01,8.971404569210648106e-01,8.971446787319882210e-01,8.971450672385631320e-01
-8.967075184839403690e-01,-8.967014675621441944e-01,8.967053864131580010e-01,-8.967052616731110426e-01,8.967049949468439696e-01,8.967029163450213058e-01,8.967043094600404274e-01,8.967068100395906294e-01,-8.967062256802234010e-01,-8.967044352860067402e-01
-4.426235717789709367e-01,-4.426358300814529079e-01,4.426278910977355929e-01,-4.426281438044325500e-01,4.426286841556709706e-01,4.426328950929128148e-01,4.426300728551914032e-01,4.426250070077624166e-01,-4.426261908499407594e-01,-4.426298179499478236e-01
-4.426235717789709367e-01,-4.426358300814529079e-01,-4.426278910977355929e-01,-4.426281438044325500e-01,-4.426286841556709706e-01,-4.426328950929128148e-01,-4.426300728551914032e-01,-4.426250070077624166e-01,-4.426261908499407594e-01,-4.426298179499478236e-01
8.967075184839403690e-01,8.967014675621441944e-01,8.967053864131580010e-01,8.967052616731110426e-01,8.967049949468439696e-01,8.967029163450213058e-01,8.967043094600404274e-01,8.967068100395906294e-01,8.967062256802234010e-01,8.967044352860067402e-01
