6.860554271674803584e-01,-9.730767393099005735e-01,-9.994166681726421864e-01,-6.544595084075168767e-01,-6.977647847732665332e-01,8.824944658044522328e-01,7.127838424531058870e-01,7.603522203674994984e-01,-4.831748992780071084e-01,1.234170150899769336e-01
7.275492772685889786e-01,-2.304813645699189395e-01,3.415147696213029910e-02,7.560970518756116032e-01,7.163269540721731721e-01,-4.703227804651974320e-01,7.013837707972618851e-01,6.495109706403837668e-01,8.755238527348572219e-01,9.923548963885253649e-01
7.275492772685889786e-01,-2.304813645699189395e-01,3.415147696213029910e-02,7.560970518756116032e-01,7.163269540721731721e-01,4.703227804651974320e-01,7.013837707972618851e-01,6.495109706403837668e-01,-8.755238527348572219e-01,-9.923548963885253649e-01
-6.860554271674803584e-01,9.730767393099005735e-01,9.994166681726421864e-01,6.544595084075168767e-01,6.977647847732665332e-01,8.824944658044522328e-01,-7.127838424531058870e-01,-7.603522203674994984e-01,-4.831748992780071084e-01,1.234170150899769336e-01
-5.242053165020291866e-02,1.681590489517489906e-02,-1.142774800680830365e-02,-2.717353474974352340e-02,-3.538969260536829059e-02,9.671362850257161914e-02,5.277036516465068161e-02,-1.123498127375925359e-01,-5.956066324714772570e-02,1.779586679684173889e-02
-9.986250987540368218e-01,9.998586026746763000e-01,9.999347011557769838e-01,9.996307313249249704e-01,9.993735886330484819e-01,-9.953122495286927940e-01,9.986066736009675537e-01,-9.936687172180815875e-01,9.982246878301296311e-01,9.998416410236917740e-01
9.986250987540368218e-01,-9.998586026746763000e-01,-9.999347011557769838e-01,9.996307313249249704e-01,9.993735886330484819e-01,9.953122495286927940e-01,9.986066736009675537e-01,9.936687172180815875e-01,-9.982246878301296311e-01,-9.998416410236917740e-01
-5.242053165020291866e-02,1.681590489517489906e-02,-1.142774800680830365e-02,2.717353474974352340e-02,3.538969260536829059e-02,9.671362850257161914e-02,-5.277036516465068161e-02,-1.123498127375925359e-01,-5.956066324714772570e-02,1.779586679684173889e-02
7.769891525511675445e-02,-9.693660604752538101e-02,-1.225919145577304831e-01,-1.104811276786326207e-01,-1.145378960786243433e-01,1.487403295434728268e-01,7.833948033888885054e-02,5.600696160188975425e-02,-1.163471945437054567e-01,-8.880218057537313248e-02
-9.969768696254585061e-01,9.952905577809860738e-01,9.924571640554922247e-01,9.938782221312917331e-01,9.934188796081349082e-01,-9.888762887071865793e-01,-9.969267404479794648e-01,-9.984303782698745744e-01,9.932086036285674435e-01,9.960492822772670785e-01
9.969768696254585061e-01,-9.952905577809860738e-01,-9.924571640554922247e-01,9.938782221312917331e-01,9.934188796081349082e-01,9.888762887071865793e-01,9.969267404479794648e-01,9.984303782698745744e-01,-9.932086036285674435e-01,-9.960492822772670785e-01
7.769891525511675445e-02,-9.693660604752538101e-02,-1.225919145577304831e-01,1.104811276786326207e-01,1.145378960786243433e-01,1.487403295434728268e-01,7.833948033888885054e-02,5.600696160188975425e-02,-1.163471945437054567e-01,-8.880218057537313248e-02
1.825752299283576463e-01,-1.928240923736847523e-01,2.125233553792799102e-01,-1.944664175370379722e-01,-1.965355291207397381e-01,2.177834601899299172e-01,1.833995287445196465e-01,1.774436903831878021e-01,-1.900466257448324425e-01,-1.840875308413953138e-01
-9.831918863663426933e-01,9.812333409542628448e-01,-9.771559872499028243e-01,9.809091764533099944e-01,9.804967036116084556e-01,-9.759971129402488232e-01,-9.830384595000787318e-01,-9.841309550782330051e-01,9.817750659102135735e-01,9.829098539483250851e-01
9.831918863663426933e-01,-9.812333409542628448e-01,-9.771559872499028243e-01,9.809091764533099944e-01,9.804967036116084556e-01,9.759971129402488232e-01,9.830384595000787318e-01,-9.841309550782330051e-01,-9.817750659102135735e-01,-9.829098539483250851e-01
1.825752299283576463e-01,-1.928240923736847523e-01,-2.125233553792799102e-01,1.944664175370379722e-01,1.965355291207397381e-01,2.177834601899299172e-01,1.833995287445196465e-01,-1.774436903831878021e-01,-1.900466257448324425e-01,-1.840875308413953138e-01
2.509357635220567095e-01,-2.553281706893953951e-01,2.682005033391792193e-01,-2.520551158248565127e-01,-2.528977296109522488e-01,2.647211552786069566e-01,2.516305100555948915e-01,2.531383683749713898e-01,-2.444184880553873507e-01,-2.484706592493589050e-01
-9.680037409977311214e-01,9.668544488455368402e-01,-9.633631143076897274e-01,9.677128802421295362e-01,9.674930172138845874e-01,-9.643250022414432410e-01,-9.678233756265454124e-01,-9.674300834977468400e-01,9.696698421095287790e-01,9.686394228463908185e-01
9.680037409977311214e-01,-9.668544488455368402e-01,-9.633631143076897274e-01,-9.677128802421295362e-01,9.674930172138845874e-01,9.643250022414432410e-01,9.678233756265454124e-01,-9.674300834977468400e-01,-9.696698421095287790e-01,-9.686394228463908185e-01
2.509357635220567095e-01,-2.553281706893953951e-01,-2.682005033391792193e-01,-2.520551158248565127e-01,2.528977296109522488e-01,2.647211552786069566e-01,2.516305100555948915e-01,-2.531383683749713898e-01,-2.444184880553873507e-01,-2.484706592493589050e-01
2.793976028828772940e-01,-2.804340943503432215e-01,2.877306783207140284e-01,-2.758574898274406828e-01,-2.760166598294442331e-01,2.814306602664593537e-01,2.798742007421360367e-01,2.839360087196942661e-01,-2.684776776602529336e-01,-2.759015299499744112e-01
-9.601754941172483404e-01,9.598732826399027918e-01,-9.577113640095857861e-01,9.611985462463535912e-01,9.611528512659143209e-01,-9.595815668623406403e-01,-9.600366825069501786e-01,-9.588432316871876582e-01,9.632859059480509689e-01,9.611859059366524294e-01
9.601754941172483404e-01,-9.598732826399027918e-01,-9.577113640095857861e-01,-9.611985462463535912e-01,9.611528512659143209e-01,9.595815668623406403e-01,9.600366825069501786e-01,-9.588432316871876582e-01,-9.632859059480509689e-01,-9.611859059366524294e-01
2.793976028828772940e-01,-2.804340943503432215e-01,-2.877306783207140284e-01,-2.758574898274406828e-01,2.760166598294442331e-01,2.814306602664593537e-01,2.798742007421360367e-01,-2.839360087196942661e-01,-2.684776776602529336e-01,-2.759015299499744112e-01
2.758098560329232396e-01,-2.751628252851847090e-01,2.786044064169881374e-01,-2.708734913924361609e-01,-2.707018644199468138e-01,-2.721744764170977438e-01,2.760858325514752298e-01,2.804483344638197817e-01,-2.649980562653106442e-01,-2.725468949016850440e-01
-9.612122155461293449e-01,9.613976386392235618e-01,-9.604059478809143791e-01,9.626149550369930141e-01,9.626632332231065403e-01,9.622479173202085345e-01,-9.611329840684684767e-01,-9.598691221705538679e-01,9.642489461625596281e-01,9.621424998821379582e-01
-9.612122155461293449e-01,-9.613976386392235618e-01,-9.604059478809143791e-01,-9.626149550369930141e-01,-9.626632332231065403e-01,-9.622479173202085345e-01,-9.611329840684684767e-01,-9.598691221705538679e-01,-9.642489461625596281e-01,-9.621424998821379582e-01
-2.758098560329232396e-01,-2.751628252851847090e-01,-2.786044064169881374e-01,-2.708734913924361609e-01,-2.707018644199468138e-01,-2.721744764170977438e-01,-2.760858325514752298e-01,-2.804483344638197817e-01,-2.649980562653106442e-01,-2.725468949016850440e-01
2.521654990060171464e-01,-2.507894330978715502e-01,-2.517882749392417185e-01,-2.473166383339974739e-01,2.470092881141384977e-01,-2.462468880008083782e-01,-2.522891780490990610e-01,2.561060199819202299e-01,-2.431083471555186559e-01,-2.495333866997634098e-01
-9.676841225891053000e-01,9.680416624538676906e-01,9.677823436099260990e-01,9.689347142110095179e-01,-9.690131121844257622e-01,9.692071348013888699e-01,9.676518850492206170e-01,-9.666486986123865588e-01,9.699991399703982164e-01,9.683661956729727738e-01
-9.676841225891053000e-01,-9.680416624538676906e-01,-9.677823436099260990e-01,-9.689347142110095179e-01,-9.690131121844257622e-01,-9.692071348013888699e-01,-9.676518850492206170e-01,-9.666486986123865588e-01,-9.699991399703982164e-01,-9.683661956729727738e-01
-2.521654990060171464e-01,-2.507894330978715502e-01,-2.517882749392417185e-01,-2.473166383339974739e-01,-2.470092881141384977e-01,-2.462468880008083782e-01,-2.522891780490990610e-01,-2.561060199819202299e-01,-2.431083471555186559e-01,-2.495333866997634098e-01
2.196834435030883548e-01,-2.180550667349820670e-01,-2.175668413813730551e-01,-2.154448330151547408e-01,2.150932703895260811e-01,-2.131280806521388960e-01,-2.197026002841891978e-01,2.227773503559019597e-01,-2.126616376791324592e-01,-2.177035945144964180e-01
-9.755712094207298346e-01,9.759364671284718185e-01,9.760454239077873684e-01,9.765160131442148783e-01,-9.765935106445972069e-01,9.770242684997828553e-01,9.755668954143358329e-01,-9.748693513329895755e-01,9.771259017443092443e-01,9.760149306929006841e-01
-9.755712094207298346e-01,-9.759364671284718185e-01,-9.760454239077873684e-01,-9.765160131442148783e-01,-9.765935106445972069e-01,-9.770242684997828553e-01,-9.755668954143358329e-01,-9.748693513329895755e-01,-9.771259017443092443e-01,-9.760149306929006841e-01
-2.196834435030883548e-01,-2.180550667349820670e-01,-2.175668413813730551e-01,-2.154448330151547408e-01,-2.150932703895260811e-01,-2.131280806521388960e-01,-2.197026002841891978e-01,-2.227773503559019597e-01,-2.126616376791324592e-01,-2.177035945144964180e-01
1.861340585875120301e-01,-1.844414846442502531e-01,-1.830019780261289974e-01,1.825719585959258429e-01,1.822078759076751209e-01,1.795584963488233710e-01,1.860833487898534699e-01,1.884764443374453424e-01,-1.809148866612289575e-01,-1.847049822714129097e-01
-9.825243570689434769e-01,9.828434965660730604e-01,9.831125449502331470e-01,-9.831924938354886789e-01,-9.832600317094218889e-01,-9.837472980338751727e-01,-9.825339624171540720e-01,-9.820777107387754779e-01,9.834987563715343883e-01,9.827940117461628766e-01
-9.825243570689434769e-01,9.828434965660730604e-01,9.831125449502331470e-01,9.831924938354886789e-01,9.832600317094218889e-01,9.837472980338751727e-01,9.825339624171540720e-01,-9.820777107387754779e-01,9.834987563715343883e-01,9.827940117461628766e-01
-1.861340585875120301e-01,1.844414846442502531e-01,1.830019780261289974e-01,1.825719585959258429e-01,1.822078759076751209e-01,1.795584963488233710e-01,1.860833487898534699e-01,-1.884764443374453424e-01,1.809148866612289575e-01,1.847049822714129097e-01
1.553392976919998891e-01,-1.536165994112218269e-01,-1.514310597569028249e-01,-1.523701029406981100e-01,1.519951919233384352e-01,1.488314951199609659e-01,1.552371923092942807e-01,1.570542023779591956e-01,-1.516496706163166786e-01,-1.543668585232927104e-01
-9.878611757694276685e-01,9.881305280100053379e-01,9.884678214999724766e-01,9.883235056042334321e-01,-9.883812329421209908e-01,-9.888625718775875262e-01,-9.878772262401471771e-01,-9.875899845155494683e-01,9.884343060628577593e-01,9.880135995975206642e-01
-9.878611757694276685e-01,9.881305280100053379e-01,9.884678214999724766e-01,9.883235056042334321e-01,9.883812329421209908e-01,9.888625718775875262e-01,-9.878772262401471771e-01,-9.875899845155494683e-01,9.884343060628577593e-01,9.880135995975206642e-01
-1.553392976919998891e-01,1.536165994112218269e-01,1.514310597569028249e-01,1.523701029406981100e-01,1.519951919233384352e-01,1.488314951199609659e-01,-1.552371923092942807e-01,-1.570542023779591956e-01,1.516496706163166786e-01,1.543668585232927104e-01
1.283311169234918336e-01,-1.265437245397677268e-01,-1.235699679047787825e-01,-1.258939364429958463e-01,1.254971035493306075e-01,-1.217691765408941834e-01,-1.281820097474666575e-01,-1.294634049980478152e-01,-1.261029705651675048e-01,-1.277918143599942324e-01
-9.917313771526888866e-01,9.919610303734736068e-01,9.923358620104445471e-01,9.920437070849685846e-01,-9.920939859714547060e-01,9.925584454552550673e-01,9.917506603865210435e-01,9.915842005429047479e-01,9.920171575202922920e-01,9.918010144089292046e-01
-9.917313771526888866e-01,9.919610303734736068e-01,9.923358620104445471e-01,9.920437070849685846e-01,9.920939859714547060e-01,-9.925584454552550673e-01,-9.917506603865210435e-01,-9.915842005429047479e-01,9.920171575202922920e-01,9.918010144089292046e-01
-1.283311169234918336e-01,1.265437245397677268e-01,1.235699679047787825e-01,1.258939364429958463e-01,1.254971035493306075e-01,-1.217691765408941834e-01,-1.281820097474666575e-01,-1.294634049980478152e-01,1.261029705651675048e-01,1.277918143599942324e-01
1.048720606297798702e-01,-1.029599716298987139e-01,-9.893679196313985569e-02,-1.030274296196428546e-01,-1.025926599877975826e-01,-9.809295322792237204e-02,-1.046688318228831821e-01,-1.053235346008455087e-01,-1.043986817797051964e-01,-1.048537127351393400e-01
-9.944857218176959002e-01,9.946855001667465057e-01,9.950937198053471100e-01,9.946785152731354440e-01,9.947234520793346579e-01,9.951772568377075245e-01,9.945071320231108070e-01,9.944380086557355058e-01,9.945355273908822458e-01,9.944876564973831323e-01
-9.944857218176959002e-01,9.946855001667465057e-01,-9.950937198053471100e-01,9.946785152731354440e-01,9.947234520793346579e-01,-9.951772568377075245e-01,-9.945071320231108070e-01,-9.944380086557355058e-01,9.945355273908822458e-01,9.944876564973831323e-01
-1.048720606297798702e-01,1.029599716298987139e-01,-9.893679196313985569e-02,1.030274296196428546e-01,1.025926599877975826e-01,-9.809295322792237204e-02,-1.046688318228831821e-01,-1.053235346008455087e-01,1.043986817797051964e-01,1.048537127351393400e-01
-8.427637474956005403e-02,-8.215490049401273642e-02,-7.650057614761775204e-02,-8.329642200442753663e-02,-8.280229306812907086e-02,-7.710805692732734806e-02,-8.399803541136027785e-02,-8.372022702494337498e-02,-8.644668533168055335e-02,-8.504545041795279203e-02
9.964424181351732024e-01,9.966195725174268327e-01,9.970695371181905742e-01,9.965248145837917182e-01,9.965659939324937877e-01,9.970227417450878704e-01,9.964659201633703223e-01,9.964892992836862362e-01,9.962564783202992880e-01,9.963770728811496280e-01
-9.964424181351732024e-01,9.966195725174268327e-01,-9.970695371181905742e-01,9.965248145837917182e-01,9.965659939324937877e-01,-9.970227417450878704e-01,-9.964659201633703223e-01,-9.964892992836862362e-01,9.962564783202992880e-01,9.963770728811496280e-01
-8.427637474956005403e-02,8.215490049401273642e-02,-7.650057614761775204e-02,8.329642200442753663e-02,8.280229306812907086e-02,-7.710805692732734806e-02,-8.399803541136027785e-02,-8.372022702494337498e-02,8.644668533168055335e-02,8.504545041795279203e-02
-6.407280707636714423e-02,-6.151787536604708811e-02,-5.272518200774785335e-02,-6.464465530325150255e-02,-6.403946173212471393e-02,-5.602270582632696422e-02,-6.366062546437006864e-02,-6.168489562545693972e-02,-7.116777305966483225e-02,-6.630841865902305232e-02
9.979452266499173607e-01,9.981059818528529304e-01,9.986090602344090961e-01,9.979083467637313021e-01,9.979473670194536350e-01,9.984294949729282109e-01,9.979716051899897300e-01,9.980956735963122384e-01,9.974643593019894006e-01,9.977991749921123477e-01
-9.979452266499173607e-01,9.981059818528529304e-01,-9.986090602344090961e-01,9.979083467637313021e-01,-9.979473670194536350e-01,-9.984294949729282109e-01,-9.979716051899897300e-01,-9.980956735963122384e-01,9.974643593019894006e-01,9.977991749921123477e-01
-6.407280707636714423e-02,6.151787536604708811e-02,-5.272518200774785335e-02,6.464465530325150255e-02,-6.403946173212471393e-02,-5.602270582632696422e-02,-6.366062546437006864e-02,-6.168489562545693972e-02,7.116777305966483225e-02,6.630841865902305232e-02
-2.508581367495778952e-02,-2.054733928503907694e-02,-1.358608279688266335e-03,-2.916507300676373163e-02,-2.810258055057239870e-02,-1.153796724470365978e-02,-2.425065077062483337e-02,-1.805103337441529149e-02,-4.589893362741999383e-02,-3.133082765714895190e-02
9.996853014585467267e-01,9.997888811385657881e-01,9.999990770913450566e-01,9.995746087794097345e-01,9.996050444882711439e-01,9.999334354405097214e-01,9.997059097240553749e-01,9.998370668234477510e-01,9.989460885812936342e-01,9.995090691125907423e-01
-9.996853014585467267e-01,-9.997888811385657881e-01,-9.999990770913450566e-01,9.995746087794097345e-01,-9.996050444882711439e-01,-9.999334354405097214e-01,-9.997059097240553749e-01,-9.998370668234477510e-01,9.989460885812936342e-01,9.995090691125907423e-01
-2.508581367495778952e-02,-2.054733928503907694e-02,-1.358608279688266335e-03,2.916507300676373163e-02,-2.810258055057239870e-02,-1.153796724470365978e-02,-2.425065077062483337e-02,-1.805103337441529149e-02,4.589893362741999383e-02,3.133082765714895190e-02
-9.073646864945476009e-01,-9.166574415465406078e-01,-9.079425331925525811e-01,9.384778679570719984e-01,-9.396254465069167061e-01,-9.394708889641101290e-01,-9.069218661983322605e-01,-8.736953547231572914e-01,9.627570207122976287e-01,9.273581675158494297e-01
-4.203442942430063445e-01,-3.996737855518555649e-01,-4.190946866996653752e-01,3.453393857566040559e-01,-3.422046467783240176e-01,-3.426287331631494570e-01,-4.212988590197394023e-01,-4.864734598466563531e-01,2.703681177009976677e-01,3.741748643904954652e-01
-4.203442942430063445e-01,-3.996737855518555649e-01,-4.190946866996653752e-01,-3.453393857566040559e-01,-3.422046467783240176e-01,-3.426287331631494570e-01,-4.212988590197394023e-01,-4.864734598466563531e-01,-2.703681177009976677e-01,-3.741748643904954652e-01
9.073646864945476009e-01,9.166574415465406078e-01,9.079425331925525811e-01,9.384778679570719984e-01,9.396254465069167061e-01,9.394708889641101290e-01,9.069218661983322605e-01,8.736953547231572914e-01,9.627570207122976287e-01,9.273581675158494297e-01
-9.852635616293081711e-01,-9.854057072141026996e-01,-9.838833713146867277e-01,9.869336117789935248e-01,-9.869633240420445652e-01,-9.862934586989730024e-01,-9.851998068759079130e-01,-9.834803465823545032e-01,9.890199649032800355e-01,9.864869773394662200e-01
-1.710430183478133526e-01,-1.702221847758812190e-01,-1.788113856845982286e-01,1.611274214430025165e-01,-1.609453230009444125e-01,-1.650006464460591071e-01,-1.714098612439612923e-01,-1.810149382958544662e-01,1.477819644703459723e-01,1.638396885362137512e-01
-1.710430183478133526e-01,-1.702221847758812190e-01,-1.788113856845982286e-01,-1.611274214430025165e-01,-1.609453230009444125e-01,-1.650006464460591071e-01,-1.714098612439612923e-01,-1.810149382958544662e-01,-1.477819644703459723e-01,-1.638396885362137512e-01
9.852635616293081711e-01,9.854057072141026996e-01,9.838833713146867277e-01,9.869336117789935248e-01,9.869633240420445652e-01,9.862934586989730024e-01,9.851998068759079130e-01,9.834803465823545032e-01,9.890199649032800355e-01,9.864869773394662200e-01
-9.852682769645643157e-01,-9.853697421235457776e-01,-9.846357426016706382e-01,9.861772907537775801e-01,-9.862051329452551363e-01,-9.859121307282086022e-01,-9.852389933751890538e-01,-9.843583311572678962e-01,9.873125849879453853e-01,9.859122792828614035e-01
-1.710158542570792695e-01,-1.704302534979535988e-01,-1.746208876144443312e-01,1.656935460467279242e-01,-1.655277491915830568e-01,-1.672640740953174610e-01,-1.711844792410931737e-01,-1.761779665034149123e-01,1.587887260620881591e-01,1.672631984606084421e-01
-1.710158542570792695e-01,-1.704302534979535988e-01,-1.746208876144443312e-01,-1.656935460467279242e-01,-1.655277491915830568e-01,-1.672640740953174610e-01,-1.711844792410931737e-01,-1.761779665034149123e-01,-1.587887260620881591e-01,-1.672631984606084421e-01
9.852682769645643157e-01,9.853697421235457776e-01,9.846357426016706382e-01,9.861772907537775801e-01,9.862051329452551363e-01,9.859121307282086022e-01,9.852389933751890538e-01,9.843583311572678962e-01,9.873125849879453853e-01,9.859122792828614035e-01
-9.815904198924659818e-01,-9.816830704627106385e-01,-9.812010196148591712e-01,9.822625941323450682e-01,-9.822908697492287455e-01,-9.821244551408447876e-01,-9.815718605650644024e-01,-9.809428435386017275e-01,9.830821703024329450e-01,9.820537537721401034e-01
-1.909980302917607120e-01,-1.905212564699925171e-01,-1.929884947523060335e-01,1.875105228204432817e-01,-1.873623420202253642e-01,-1.882327139853722242e-01,-1.910933869782988626e-01,-1.942965200676583792e-01,1.831650797326228874e-01,1.886012319738353815e-01
-1.909980302917607120e-01,-1.905212564699925171e-01,-1.929884947523060335e-01,-1.875105228204432817e-01,-1.873623420202253642e-01,-1.882327139853722242e-01,-1.910933869782988626e-01,-1.942965200676583792e-01,-1.831650797326228874e-01,-1.886012319738353815e-01
9.815904198924659818e-01,9.816830704627106385e-01,9.812010196148591712e-01,9.822625941323450682e-01,9.822908697492287455e-01,9.821244551408447876e-01,9.815718605650644024e-01,9.809428435386017275e-01,9.830821703024329450e-01,9.820537537721401034e-01
-9.759639536850207575e-01,-9.760479099879898479e-01,-9.756926686725183595e-01,9.765033734986802161e-01,-9.765309003926214704e-01,-9.764247429908781140e-01,-9.759506500466536005e-01,-9.754558108882253054e-01,9.771483313181370534e-01,9.763292571087508476e-01
-2.179320102864711062e-01,-2.175556880618768618e-01,-2.191433692784228726e-01,2.155021149448349549e-01,-2.153773446265316027e-01,-2.158581044927373183e-01,-2.179915793637779986e-01,-2.201952792509291879e-01,2.125585533498478008e-01,2.162895783746281997e-01
-2.179320102864711062e-01,-2.175556880618768618e-01,-2.191433692784228726e-01,-2.155021149448349549e-01,-2.153773446265316027e-01,-2.158581044927373183e-01,-2.179915793637779986e-01,-2.201952792509291879e-01,-2.125585533498478008e-01,-2.162895783746281997e-01
9.759639536850207575e-01,9.760479099879898479e-01,9.756926686725183595e-01,9.765033734986802161e-01,9.765309003926214704e-01,9.764247429908781140e-01,9.759506500466536005e-01,9.754558108882253054e-01,9.771483313181370534e-01,9.763292571087508476e-01
-9.688802797809644707e-01,-9.689539976128153098e-01,-9.686786489006495859e-01,9.693222704543424939e-01,-9.693478726583480976e-01,-9.692754083653623010e-01,-9.688701626453745108e-01,-9.684690339741460763e-01,9.698442077909837922e-01,9.691763233885178908e-01
-2.475298031582459646e-01,-2.472410777159498863e-01,-2.483176899941122173e-01,2.457932789993217404e-01,-2.456922908288635132e-01,-2.459780127128443628e-01,-2.475694002406711725e-01,-2.491339604172512212e-01,2.437256913299846728e-01,2.463681273686092743e-01
-2.475298031582459646e-01,-2.472410777159498863e-01,-2.483176899941122173e-01,-2.457932789993217404e-01,-2.456922908288635132e-01,-2.459780127128443628e-01,-2.475694002406711725e-01,-2.491339604172512212e-01,-2.437256913299846728e-01,-2.463681273686092743e-01
9.688802797809644707e-01,9.689539976128153098e-01,9.686786489006495859e-01,9.693222704543424939e-01,9.693478726583480976e-01,9.692754083653623010e-01,9.688701626453745108e-01,9.684690339741460763e-01,9.698442077909837922e-01,9.691763233885178908e-01
-9.606644672468875878e-01,-9.607272985131390941e-01,-9.605086366896861128e-01,9.610272344848820314e-01,-9.610500994280013476e-01,-9.609984948153914575e-01,-9.606564891355104940e-01,-9.603287633878261342e-01,9.614529766677060163e-01,9.609056443489064625e-01
-2.777116874912787248e-01,-2.774942483938105386e-01,-2.782501731257691624e-01,2.764537114569813325e-01,-2.763742144076192231e-01,-2.765535987156054754e-01,-2.777392840090057158e-01,-2.788703394231957233e-01,2.749694049468184298e-01,2.768760420448342918e-01
-2.777116874912787248e-01,-2.774942483938105386e-01,-2.782501731257691624e-01,-2.764537114569813325e-01,-2.763742144076192231e-01,-2.765535987156054754e-01,-2.777392840090057158e-01,-2.788703394231957233e-01,-2.749694049468184298e-01,-2.768760420448342918e-01
9.606644672468875878e-01,9.607272985131390941e-01,9.605086366896861128e-01,9.610272344848820314e-01,9.610500994280013476e-01,9.609984948153914575e-01,9.606564891355104940e-01,9.603287633878261342e-01,9.614529766677060163e-01,9.609056443489064625e-01
-9.515596013505731587e-01,-9.516118634018094768e-01,-9.514359099616758186e-01,9.518563182893813313e-01,-9.518760136690829210e-01,-9.518384682172879030e-01,-9.515531131127589193e-01,-9.512850302464447294e-01,9.522041809132691936e-01,9.517555921626209559e-01
-3.074643476527617603e-01,-3.073025568278534569e-01,-3.078468925219122188e-01,3.065445307497496330e-01,-3.064833675771916899e-01,-3.065999517641304628e-01,-3.074844271266709006e-01,-3.083128139228417108e-01,3.054622691123894396e-01,3.068571211283496192e-01
-3.074643476527617603e-01,-3.073025568278534569e-01,-3.078468925219122188e-01,-3.065445307497496330e-01,-3.064833675771916899e-01,3.065999517641304628e-01,-3.074844271266709006e-01,-3.083128139228417108e-01,-3.054622691123894396e-01,-3.068571211283496192e-01
9.515596013505731587e-01,9.516118634018094768e-01,9.514359099616758186e-01,9.518563182893813313e-01,9.518760136690829210e-01,-9.518384682172879030e-01,9.515531131127589193e-01,9.512850302464447294e-01,9.522041809132691936e-01,9.517555921626209559e-01
-9.417213880885128008e-01,-9.417639869147460541e-01,-9.416211343646184728e-01,9.419631381223471100e-01,-9.419795223574016774e-01,-9.419522019815363967e-01,-9.417159340653699084e-01,-9.414965817164107076e-01,9.422475507517884541e-01,9.418798383372161132e-01
-3.363938572813787720e-01,-3.362745796970712520e-01,-3.366743817368484382e-01,3.357163183682023710e-01,-3.356703434313518808e-01,-3.357470017470515211e-01,-3.364091252142069055e-01,-3.370225313184771476e-01,3.349172332118129369e-01,3.359499518289290054e-01
3.363938572813787720e-01,-3.362745796970712520e-01,-3.366743817368484382e-01,-3.357163183682023710e-01,3.356703434313518808e-01,3.357470017470515211e-01,3.364091252142069055e-01,-3.370225313184771476e-01,-3.349172332118129369e-01,-3.359499518289290054e-01
-9.417213880885128008e-01,9.417639869147460541e-01,9.416211343646184728e-01,9.419631381223471100e-01,-9.419795223574016774e-01,-9.419522019815363967e-01,-9.417159340653699084e-01,9.414965817164107076e-01,9.422475507517884541e-01,9.418798383372161132e-01
-9.312210284492281609e-01,-9.312551026366459039e-01,-9.311382345587349008e-01,9.314173656836439719e-01,-9.314304814043733449e-01,-9.314110937356890885e-01,-9.312162683672809971e-01,-9.310365876316601952e-01,9.316502105056289063e-01,9.313482831931986228e-01
-3.644549302368703669e-01,-3.643678550767205371e-01,-3.646664066552365302e-01,3.639528690681539946e-01,-3.639193019212054181e-01,-3.639689196429929940e-01,-3.644670925174400833e-01,-3.649258451948749760e-01,3.633564162978512591e-01,3.641296134525199291e-01
3.644549302368703669e-01,3.643678550767205371e-01,-3.646664066552365302e-01,-3.639528690681539946e-01,3.639193019212054181e-01,3.639689196429929940e-01,3.644670925174400833e-01,-3.649258451948749760e-01,-3.633564162978512591e-01,-3.641296134525199291e-01
-9.312210284492281609e-01,-9.312551026366459039e-01,9.311382345587349008e-01,9.314173656836439719e-01,-9.314304814043733449e-01,-9.314110937356890885e-01,-9.312162683672809971e-01,9.310365876316601952e-01,9.316502105056289063e-01,9.313482831931986228e-01
-9.200616390194426009e-01,-9.200883310769825130e-01,-9.199919850881135286e-01,9.202206536165684625e-01,-9.202306417744365863e-01,-9.202177317267886680e-01,-9.200573125049230638e-01,-9.199097961232598486e-01,9.204117209252764553e-01,9.201629647159086378e-01
-3.917736341369295050e-01,-3.917109431914979067e-01,-3.919371727377136128e-01,3.913999855103413306e-01,-3.913765015166452144e-01,-3.914068550953138104e-01,-3.917837945936744060e-01,-3.921300383756169405e-01,3.909504623137964874e-01,3.915355901642014191e-01
3.917736341369295050e-01,3.917109431914979067e-01,-3.919371727377136128e-01,-3.913999855103413306e-01,3.913765015166452144e-01,3.914068550953138104e-01,3.917837945936744060e-01,-3.921300383756169405e-01,-3.909504623137964874e-01,-3.915355901642014191e-01
-9.200616390194426009e-01,-9.200883310769825130e-01,9.199919850881135286e-01,9.202206536165684625e-01,-9.202306417744365863e-01,-9.202177317267886680e-01,-9.200573125049230638e-01,9.199097961232598486e-01,9.204117209252764553e-01,9.201629647159086378e-01
-9.081999851822487591e-01,-9.082203273737763372e-01,-9.081402508247772287e-01,9.083283683908615069e-01,-9.083354113659664053e-01,-9.083280013444232637e-01,-9.081958918536889858e-01,-9.080744056186506041e-01,9.084856300793821005e-01,9.082796960194402525e-01
-4.185364821792276202e-01,-4.184923379765400631e-01,-4.186660779570169355e-01,4.182577855538317513e-01,-4.182424900205867768e-01,-4.182585826658496431e-01,-4.185453643514431277e-01,-4.188088750973817387e-01,4.179160919841065636e-01,4.183634709183308709e-01
4.185364821792276202e-01,4.184923379765400631e-01,4.186660779570169355e-01,4.182577855538317513e-01,4.182424900205867768e-01,4.182585826658496431e-01,4.185453643514431277e-01,4.188088750973817387e-01,-4.179160919841065636e-01,-4.183634709183308709e-01
-9.081999851822487591e-01,-9.082203273737763372e-01,-9.081402508247772287e-01,-9.083283683908615069e-01,-9.083354113659664053e-01,-9.083280013444232637e-01,-9.081958918536889858e-01,-9.080744056186506041e-01,9.084856300793821005e-01,9.082796960194402525e-01
-8.955676080706485020e-01,-8.955824833948614616e-01,-8.955153507685817971e-01,8.956707928076330649e-01,-8.956750825735427801e-01,-8.956724804949669494e-01,-8.955635944451678654e-01,-8.954631941653374838e-01,8.958006620074465687e-01,8.956291956372874896e-01
-4.449254537274952570e-01,-4.448955106946940186e-01,-4.450306242696382419e-01,4.447176979965447585e-01,-4.447090582132069425e-01,-4.447142989425829640e-01,-4.449335324567602612e-01,-4.451355612565805475e-01,4.444560427612840869e-01,4.448014657373619007e-01
4.449254537274952570e-01,4.448955106946940186e-01,4.450306242696382419e-01,4.447176979965447585e-01,4.447090582132069425e-01,4.447142989425829640e-01,4.449335324567602612e-01,4.451355612565805475e-01,-4.444560427612840869e-01,-4.448014657373619007e-01
-8.955676080706485020e-01,-8.955824833948614616e-01,-8.955153507685817971e-01,-8.956707928076330649e-01,-8.956750825735427801e-01,-8.956724804949669494e-01,-8.955635944451678654e-01,-8.954631941653374838e-01,8.958006620074465687e-01,8.956291956372874896e-01
-8.820893113878526259e-01,-8.820994562478017276e-01,-8.820426650550343695e-01,8.821716606417622231e-01,-8.821733851548524408e-01,-8.821750738543585602e-01,-8.820852618160058833e-01,-8.820020005185351675e-01,8.822792522964784112e-01,8.821355857210876339e-01
-4.710822080436749548e-01,-4.710632115622408467e-01,-4.711695416966302785e-01,4.709279787404391793e-01,-4.709247482607260005e-01,-4.709215848419534556e-01,-4.710897906843111715e-01,-4.712456589522089900e-01,4.707263758991705460e-01,4.709955503022439371e-01
4.710822080436749548e-01,4.710632115622408467e-01,4.711695416966302785e-01,4.709279787404391793e-01,4.709247482607260005e-01,4.709215848419534556e-01,4.710897906843111715e-01,4.712456589522089900e-01,-4.707263758991705460e-01,4.709955503022439371e-01
-8.820893113878526259e-01,-8.820994562478017276e-01,-8.820426650550343695e-01,-8.821716606417622231e-01,-8.821733851548524408e-01,-8.821750738543585602e-01,-8.820852618160058833e-01,-8.820020005185351675e-01,8.822792522964784112e-01,-8.821355857210876339e-01
-8.676992881362234344e-01,-8.677053152226787969e-01,-8.676568294510466073e-01,8.677642955040276718e-01,-8.677636373368889933e-01,-8.677692032124600940e-01,-8.676951188108298352e-01,-8.676258608710845088e-01,8.678536719767951935e-01,8.677325198942376083e-01
-4.970894742075022132e-01,-4.970789534211959571e-01,-4.971635810344093853e-01,4.969759827681801134e-01,-4.969771319848148017e-01,-4.969674133743699485e-01,-4.970967519425768533e-01,-4.972176239311207890e-01,4.968198909427773979e-01,4.970314616983483869e-01
4.970894742075022132e-01,4.970789534211959571e-01,4.971635810344093853e-01,4.969759827681801134e-01,4.969771319848148017e-01,4.969674133743699485e-01,4.970967519425768533e-01,4.972176239311207890e-01,-4.968198909427773979e-01,4.970314616983483869e-01
-8.676992881362234344e-01,-8.677053152226787969e-01,-8.676568294510466073e-01,-8.677642955040276718e-01,-8.677636373368889933e-01,-8.677692032124600940e-01,-8.676951188108298352e-01,-8.676258608710845088e-01,8.678536719767951935e-01,-8.677325198942376083e-01
-8.523560059332231376e-01,-8.523584354435991273e-01,-8.523166633977992124e-01,8.524064858130514510e-01,-8.524036287553645730e-01,-8.524127092066245970e-01,-8.523516615070239055e-01,-8.522939161654061735e-01,8.524808745738242655e-01,8.523780610806918068e-01
-5.229619863331974594e-01,-5.229580265452856702e-01,-5.230261038365510151e-01,5.228797021723488037e-01,-5.228843597629273532e-01,-5.228695565655188116e-01,-5.229690670835283051e-01,-5.230631706280185478e-01,5.227584131181894911e-01,5.229260377800292181e-01
5.229619863331974594e-01,5.229580265452856702e-01,5.230261038365510151e-01,5.228797021723488037e-01,5.228843597629273532e-01,5.228695565655188116e-01,5.229690670835283051e-01,5.230631706280185478e-01,-5.227584131181894911e-01,5.229260377800292181e-01
-8.523560059332231376e-01,-8.523584354435991273e-01,-8.523166633977992124e-01,-8.524064858130514510e-01,-8.524036287553645730e-01,-8.524127092066245970e-01,-8.523516615070239055e-01,-8.522939161654061735e-01,8.524808745738242655e-01,-8.523780610806918068e-01
-8.360569901770081858e-01,-8.360562834940600263e-01,-8.360199826993673922e-01,8.360952476579678327e-01,-8.360903884810148012e-01,-8.361026282162272727e-01,-8.360524426282411881e-01,-8.360042219355851012e-01,8.361572260777262455e-01,8.360694532119434808e-01
-5.486426060525758652e-01,-5.486436829401208914e-01,-5.486989962879005311e-01,5.485843024037063698e-01,-5.485917081853003419e-01,-5.485730535579717015e-01,-5.486495358380897303e-01,-5.487230092732372499e-01,5.484898296942272156e-01,5.486236136057962565e-01
5.486426060525758652e-01,5.486436829401208914e-01,5.486989962879005311e-01,5.485843024037063698e-01,5.485917081853003419e-01,5.485730535579717015e-01,5.486495358380897303e-01,5.487230092732372499e-01,-5.484898296942272156e-01,5.486236136057962565e-01
-8.360569901770081858e-01,-8.360562834940600263e-01,-8.360199826993673922e-01,-8.360952476579678327e-01,-8.360903884810148012e-01,-8.361026282162272727e-01,-8.360524426282411881e-01,-8.360042219355851012e-01,8.361572260777262455e-01,-8.360694532119434808e-01
-8.188543365813428787e-01,-8.188509298147325088e-01,-8.188191336903909434e-01,8.188823147982728923e-01,-8.188756783903476943e-01,-8.188906897792601614e-01,-8.188495859847170211e-01,-8.188092871219899704e-01,8.189339628059755238e-01,8.188586216578142007e-01
-5.740013723519559186e-01,-5.740062323194305982e-01,-5.740515885375786498e-01,5.739614573389248964e-01,-5.739709255186606907e-01,-5.739495084002140812e-01,-5.740081493608409913e-01,-5.740656332883712354e-01,5.738877630363806714e-01,5.739952593329189501e-01
5.740013723519559186e-01,5.740062323194305982e-01,5.740515885375786498e-01,5.739614573389248964e-01,5.739709255186606907e-01,5.739495084002140812e-01,5.740081493608409913e-01,5.740656332883712354e-01,-5.738877630363806714e-01,-5.739952593329189501e-01
-8.188543365813428787e-01,-8.188509298147325088e-01,-8.188191336903909434e-01,-8.188823147982728923e-01,-8.188756783903476943e-01,-8.188906897792601614e-01,-8.188495859847170211e-01,-8.188092871219899704e-01,8.189339628059755238e-01,8.188586216578142007e-01
-8.008714279632553890e-01,-8.008657643964052220e-01,-8.008377263953780911e-01,8.008908344950226299e-01,-8.008826912224730199e-01,-8.009000163496338143e-01,-8.008665048454752800e-01,-8.008328142317795439e-01,8.009338587120274910e-01,8.008688789770761485e-01
-5.988363347961580541e-01,-5.988439090595824021e-01,-5.988814039372750697e-01,5.988103800218111950e-01,-5.988212712489837664e-01,-5.987980993716967015e-01,-5.988429188164390293e-01,-5.988879725371081264e-01,5.987528321174456769e-01,5.988397437428492065e-01
5.988363347961580541e-01,5.988439090595824021e-01,5.988814039372750697e-01,5.988103800218111950e-01,5.988212712489837664e-01,5.987980993716967015e-01,5.988429188164390293e-01,5.988879725371081264e-01,-5.987528321174456769e-01,-5.988397437428492065e-01
-8.008714279632553890e-01,-8.008657643964052220e-01,-8.008377263953780911e-01,-8.008908344950226299e-01,-8.008826912224730199e-01,-8.009000163496338143e-01,-8.008665048454752800e-01,-8.008328142317795439e-01,8.009338587120274910e-01,8.008688789770761485e-01
-7.823211024375440470e-01,-7.823136637709769969e-01,-7.822888154573910402e-01,7.823335179133393824e-01,-7.823242025587283655e-01,-7.823432756830911439e-01,-7.823160714629705526e-01,-7.822878872008607321e-01,7.823693518216058296e-01,7.823130839883271070e-01
-6.228753428101853062e-01,-6.228846855375645974e-01,-6.229158925651778755e-01,6.228597488595155607e-01,-6.228714490894968758e-01,-6.228474925641513948e-01,-6.228816615784608102e-01,-6.229170583141975248e-01,6.228147375666702734e-01,6.228854137164175908e-01
6.228753428101853062e-01,6.228846855375645974e-01,-6.229158925651778755e-01,6.228597488595155607e-01,6.228714490894968758e-01,6.228474925641513948e-01,6.228816615784608102e-01,6.229170583141975248e-01,-6.228147375666702734e-01,-6.228854137164175908e-01
-7.823211024375440470e-01,-7.823136637709769969e-01,7.822888154573910402e-01,-7.823335179133393824e-01,-7.823242025587283655e-01,-7.823432756830911439e-01,-7.823160714629705526e-01,-7.822878872008607321e-01,7.823693518216058296e-01,7.823130839883271070e-01
-7.635255931084062864e-01,-7.635169300731059483e-01,-7.634948503854359636e-01,7.635325660040956919e-01,-7.635224982418019612e-01,-7.635426073527267210e-01,-7.635205580007966564e-01,-7.634969271524679746e-01,7.635624507293152785e-01,7.635135751537178717e-01
-6.457775690347693498e-01,-6.457878115075722514e-01,-6.458139154856611386e-01,6.457693246440258106e-01,-6.457812281869127480e-01,-6.457574519562278015e-01,-6.457835221729895103e-01,-6.458114602798088466e-01,6.457339884474426750e-01,6.457917780182618195e-01
6.457775690347693498e-01,6.457878115075722514e-01,-6.458139154856611386e-01,6.457693246440258106e-01,6.457812281869127480e-01,6.457574519562278015e-01,6.457835221729895103e-01,6.458114602798088466e-01,-6.457339884474426750e-01,-6.457917780182618195e-01
-7.635255931084062864e-01,-7.635169300731059483e-01,7.634948503854359636e-01,-7.635325660040956919e-01,-7.635224982418019612e-01,-7.635426073527267210e-01,-7.635205580007966564e-01,-7.634969271524679746e-01,7.635624507293152785e-01,7.635135751537178717e-01
-7.449391566009361254e-01,-7.449299205327912787e-01,-7.449103143272806093e-01,7.449422893914537935e-01,-7.449319967887684246e-01,-7.449522417546532438e-01,-7.449342665353652082e-01,-7.449143338717951757e-01,7.449673395290865585e-01,7.449247975089113849e-01
-6.671324103674516337e-01,-6.671427234820216379e-01,-6.671646150754939608e-01,6.671289121873070771e-01,-6.671404051324566487e-01,-6.671177988217049659e-01,-6.671378707144554054e-01,-6.671601271001884603e-01,6.671009391650970510e-01,6.671484437936636702e-01
6.671324103674516337e-01,-6.671427234820216379e-01,-6.671646150754939608e-01,-6.671289121873070771e-01,6.671404051324566487e-01,-6.671177988217049659e-01,6.671378707144554054e-01,-6.671601271001884603e-01,-6.671009391650970510e-01,-6.671484437936636702e-01
-7.449391566009361254e-01,7.449299205327912787e-01,7.449103143272806093e-01,7.449422893914537935e-01,-7.449319967887684246e-01,7.449522417546532438e-01,-7.449342665353652082e-01,7.449143338717951757e-01,7.449673395290865585e-01,7.449247975089113849e-01
-7.271757418893411984e-01,-7.271667206883682955e-01,-7.271494056457316058e-01,7.271767762350422881e-01,-7.271669225875659892e-01,-7.271861645939985408e-01,-7.271712001906951439e-01,-7.271541650102192333e-01,7.271980353272691211e-01,7.271609784748707117e-01
-6.864513387033972514e-01,-6.864608949702266649e-01,-6.864792362985636665e-01,6.864502429924629334e-01,-6.864606810987274876e-01,-6.864402974935767121e-01,-6.864561498109140736e-01,-6.864741949325485759e-01,6.864277219169983013e-01,6.864669776350997843e-01
6.864513387033972514e-01,-6.864608949702266649e-01,-6.864792362985636665e-01,-6.864502429924629334e-01,6.864606810987274876e-01,-6.864402974935767121e-01,-6.864561498109140736e-01,-6.864741949325485759e-01,-6.864277219169983013e-01,-6.864669776350997843e-01
-7.271757418893411984e-01,7.271667206883682955e-01,7.271494056457316058e-01,7.271767762350422881e-01,-7.271669225875659892e-01,7.271861645939985408e-01,7.271712001906951439e-01,7.271541650102192333e-01,7.271980353272691211e-01,7.271609784748707117e-01
-7.110467744587528616e-01,-7.110389395750290609e-01,-7.110238418190224507e-01,7.110476879470298828e-01,-7.110391128812025840e-01,-7.110559046924633808e-01,-7.110428514746152118e-01,-7.110279285716476494e-01,7.110661791248708008e-01,7.110339347070320226e-01
-7.031447109463337952e-01,-7.031526337915674496e-01,-7.031679005507275315e-01,7.031437871909153037e-01,-7.031524585416112361e-01,-7.031354779855603088e-01,-7.031486779955204991e-01,-7.031637681160143316e-01,7.031250876655995574e-01,7.031576947563299429e-01
7.031447109463337952e-01,-7.031526337915674496e-01,-7.031679005507275315e-01,-7.031437871909153037e-01,7.031524585416112361e-01,-7.031354779855603088e-01,7.031486779955204991e-01,-7.031637681160143316e-01,-7.031250876655995574e-01,-7.031576947563299429e-01
-7.110467744587528616e-01,7.110389395750290609e-01,7.110238418190224507e-01,7.110476879470298828e-01,-7.110391128812025840e-01,7.110559046924633808e-01,-7.110428514746152118e-01,7.110279285716476494e-01,7.110661791248708008e-01,7.110339347070320226e-01
-6.976188553743677412e-01,-6.976134319049649424e-01,-6.976005924743103881e-01,6.976219908684848647e-01,-6.976157718769984140e-01,-6.976282496286366763e-01,-6.976159090939755281e-01,-6.976022887419808249e-01,6.976387702112968325e-01,6.976108217946447310e-01
-7.164690730423448617e-01,-7.164743537809129537e-01,-7.164868549942077225e-01,7.164660200293462289e-01,-7.164720754003325309e-01,-7.164599258298293138e-01,-7.164719417946427971e-01,-7.164852034354580734e-01,7.164496816232590604e-01,7.164768951717845891e-01
7.164690730423448617e-01,7.164743537809129537e-01,-7.164868549942077225e-01,7.164660200293462289e-01,7.164720754003325309e-01,7.164599258298293138e-01,7.164719417946427971e-01,7.164852034354580734e-01,-7.164496816232590604e-01,-7.164768951717845891e-01
-6.976188553743677412e-01,-6.976134319049649424e-01,6.976005924743103881e-01,-6.976219908684848647e-01,-6.976157718769984140e-01,-6.976282496286366763e-01,-6.976159090939755281e-01,-6.976022887419808249e-01,6.976387702112968325e-01,6.976108217946447310e-01
-6.883091050263711042e-01,-6.883076860329071511e-01,-6.882972831150632187e-01,6.883173679981288151e-01,-6.883149247831377160e-01,-6.883206272871228437e-01,-6.883076157845351428e-01,-6.882944154572212536e-01,6.883335918901711814e-01,6.883095770176761441e-01
-7.254175183560125362e-01,-7.254188647588543093e-01,-7.254287353396076110e-01,7.254096779835023101e-01,-7.254119962619748341e-01,-7.254065853375344375e-01,-7.254189314134342759e-01,-7.254314562041007663e-01,7.253942833215432096e-01,7.254170705089230120e-01
7.254175183560125362e-01,7.254188647588543093e-01,7.254287353396076110e-01,7.254096779835023101e-01,7.254119962619748341e-01,7.254065853375344375e-01,7.254189314134342759e-01,7.254314562041007663e-01,7.253942833215432096e-01,7.254170705089230120e-01
-6.883091050263711042e-01,-6.883076860329071511e-01,-6.882972831150632187e-01,-6.883173679981288151e-01,-6.883149247831377160e-01,-6.883206272871228437e-01,-6.883076157845351428e-01,-6.882944154572212536e-01,-6.883335918901711814e-01,-6.883095770176761441e-01
-6.850489253489333574e-01,-6.850536659165755715e-01,-6.850460621697905816e-01,6.850661073247900079e-01,-6.850693824717180025e-01,-6.850649402670353494e-01,-6.850495552625155415e-01,-6.850357527519649325e-01,6.850831311513853050e-01,6.850628617204121973e-01
-7.284970623676334522e-01,-7.284926045021051788e-01,-7.284997547739212598e-01,7.284809047565072859e-01,-7.284778247824836850e-01,-7.284820022601267153e-01,-7.284964700220788458e-01,-7.285094491161721031e-01,7.284648951128762651e-01,7.284839569211112309e-01
7.284970623676334522e-01,7.284926045021051788e-01,7.284997547739212598e-01,7.284809047565072859e-01,7.284778247824836850e-01,7.284820022601267153e-01,7.284964700220788458e-01,7.285094491161721031e-01,7.284648951128762651e-01,7.284839569211112309e-01
-6.850489253489333574e-01,-6.850536659165755715e-01,-6.850460621697905816e-01,-6.850661073247900079e-01,-6.850693824717180025e-01,-6.850649402670353494e-01,-6.850495552625155415e-01,-6.850357527519649325e-01,-6.850831311513853050e-01,-6.850628617204121973e-01
-6.905665524782205189e-01,-6.905804978587232190e-01,-6.905763284582741024e-01,6.905978674511957793e-01,-6.906096368824375942e-01,-6.905902414197206962e-01,-6.905702455908268034e-01,-6.905545810285237396e-01,6.906174004216487639e-01,6.906009182394050594e-01
-7.232688549898613761e-01,-7.232555398869738861e-01,-7.232595209004094583e-01,7.232389546144903925e-01,-7.232277161759688155e-01,-7.232462363924555548e-01,-7.232653288417916215e-01,-7.232802849660151523e-01,7.232203026981779415e-01,7.232360415015907096e-01
-7.232688549898613761e-01,-7.232555398869738861e-01,-7.232595209004094583e-01,-7.232389546144903925e-01,-7.232277161759688155e-01,-7.232462363924555548e-01,-7.232653288417916215e-01,-7.232802849660151523e-01,-7.232203026981779415e-01,-7.232360415015907096e-01
6.905665524782205189e-01,6.905804978587232190e-01,6.905763284582741024e-01,6.905978674511957793e-01,6.906096368824375942e-01,6.905902414197206962e-01,6.905702455908268034e-01,6.905545810285237396e-01,6.906174004216487639e-01,6.906009182394050594e-01
-7.088549741188783226e-01,-7.088825729693860600e-01,-7.088828926005581454e-01,7.089078834777411409e-01,-7.089322519315980342e-01,-7.088908163337839241e-01,-7.088631108096452582e-01,-7.088439564631775491e-01,7.089322191918192573e-01,7.089199087319083548e-01
-7.053542554397218556e-01,-7.053265185290448214e-01,-7.053261972862383544e-01,7.053010794994640786e-01,-7.052765855827011210e-01,-7.053182335071321862e-01,-7.053460782717038136e-01,-7.053653276038091002e-01,7.052766184921789305e-01,7.052889925438670105e-01
-7.053542554397218556e-01,-7.053265185290448214e-01,-7.053261972862383544e-01,-7.053010794994640786e-01,-7.052765855827011210e-01,-7.053182335071321862e-01,-7.053460782717038136e-01,-7.053653276038091002e-01,-7.052766184921789305e-01,-7.052889925438670105e-01
7.088549741188783226e-01,7.088825729693860600e-01,7.088828926005581454e-01,7.089078834777411409e-01,7.089322519315980342e-01,7.088908163337839241e-01,7.088631108096452582e-01,7.088439564631775491e-01,7.089322191918192573e-01,7.089199087319083548e-01
-7.458137849615830151e-01,7.458614239373817512e-01,-7.458678840393977438e-01,7.458988181344402557e-01,-7.459417657012458180e-01,-7.458680230320505755e-01,-7.458283346386401780e-01,-7.458036266719360041e-01,7.459310481414079819e-01,7.459238223568479542e-01
-6.661544852069057887e-01,6.661011456844232459e-01,-6.660939119663169539e-01,6.660592714658697400e-01,-6.660111727159744310e-01,-6.660937563273360285e-01,-6.661381953094663855e-01,-6.661658580586273803e-01,6.660231763374757641e-01,6.660312689660672358e-01
-6.661544852069057887e-01,-6.661011456844232459e-01,-6.660939119663169539e-01,-6.660592714658697400e-01,-6.660111727159744310e-01,-6.660937563273360285e-01,-6.661381953094663855e-01,-6.661658580586273803e-01,-6.660231763374757641e-01,-6.660312689660672358e-01
7.458137849615830151e-01,7.458614239373817512e-01,7.458678840393977438e-01,7.458988181344402557e-01,7.459417657012458180e-01,7.458680230320505755e-01,7.458283346386401780e-01,7.458036266719360041e-01,7.459310481414079819e-01,7.459238223568479542e-01
-8.093007829748308790e-01,8.093756179400722894e-01,8.093902605186604760e-01,8.094294632159358960e-01,8.094978606514845465e-01,8.093801385477845667e-01,-8.093239153585186640e-01,-8.092917913181727485e-01,8.094728050260928676e-01,8.094722023441193182e-01
-5.873944523710840082e-01,5.872913323761267401e-01,5.872711521754964137e-01,5.872171183454735210e-01,5.871228266731498557e-01,5.872851022496392570e-01,-5.873625796973768187e-01,-5.874068407032922989e-01,5.871573706624051425e-01,5.871582015369971597e-01
-5.873944523710840082e-01,-5.872913323761267401e-01,-5.872711521754964137e-01,-5.872171183454735210e-01,-5.871228266731498557e-01,-5.872851022496392570e-01,-5.873625796973768187e-01,-5.874068407032922989e-01,-5.871573706624051425e-01,-5.871582015369971597e-01
8.093007829748308790e-01,8.093756179400722894e-01,8.093902605186604760e-01,8.094294632159358960e-01,8.094978606514845465e-01,8.093801385477845667e-01,8.093239153585186640e-01,8.092917913181727485e-01,8.094728050260928676e-01,8.094722023441193182e-01
9.032152719766941562e-01,9.033120932731553143e-01,9.033341333599144152e-01,9.033782503474167003e-01,9.034676568030272081e-01,9.033138567658688389e-01,9.032452920054687695e-01,-9.032087234737696813e-01,9.034294747720470475e-01,9.034362000721044561e-01
4.291878055910564038e-01,4.289839882168914875e-01,4.289375753030883476e-01,4.288446534576828006e-01,4.286562645183755738e-01,4.289802748084943773e-01,4.291246234719646169e-01,-4.292015864845836193e-01,4.287367305388042338e-01,4.287225587711433472e-01
-4.291878055910564038e-01,-4.289839882168914875e-01,-4.289375753030883476e-01,-4.288446534576828006e-01,-4.286562645183755738e-01,-4.289802748084943773e-01,-4.291246234719646169e-01,-4.292015864845836193e-01,-4.287367305388042338e-01,-4.287225587711433472e-01
9.032152719766941562e-01,9.033120932731553143e-01,9.033341333599144152e-01,9.033782503474167003e-01,9.034676568030272081e-01,9.033138567658688389e-01,9.032452920054687695e-01,9.032087234737696813e-01,9.034294747720470475e-01,9.034362000721044561e-01
-9.924336606087716950e-01,9.924787557618978129e-01,-9.924898269883373203e-01,9.925086424930900098e-01,9.925503212948444398e-01,9.924784970580913246e-01,-9.924477291194262474e-01,-9.924319679289331786e-01,9.925311747979360666e-01,9.925362224714391335e-01
-1.227820397724089796e-01,1.224169896759223081e-01,-1.223271978125067272e-01,1.221744432216630427e-01,1.218353794983251387e-01,1.224190870628935751e-01,-1.226682720416906180e-01,-1.227957207426423197e-01,1.219912581057707862e-01,1.219501827884084677e-01
-1.227820397724089796e-01,-1.224169896759223081e-01,-1.223271978125067272e-01,-1.221744432216630427e-01,-1.218353794983251387e-01,-1.224190870628935751e-01,-1.226682720416906180e-01,-1.227957207426423197e-01,-1.219912581057707862e-01,-1.219501827884084677e-01
9.924336606087716950e-01,9.924787557618978129e-01,9.924898269883373203e-01,9.925086424930900098e-01,9.925503212948444398e-01,9.924784970580913246e-01,9.924477291194262474e-01,9.924319679289331786e-01,9.925311747979360666e-01,9.925362224714391335e-01
-9.460228155100965930e-01,-9.458834777844363773e-01,-9.458475775585185596e-01,9.457916410168134558e-01,-9.456625258245874299e-01,-9.458861455858239564e-01,-9.459787209140259057e-01,-9.460259991403979773e-01,9.457241227419733720e-01,9.457054040090131508e-01
3.241000347644993340e-01,3.245064659670431895e-01,3.246110904246534146e-01,-3.247740318786636604e-01,3.251497920206337100e-01,3.244986896565125178e-01,3.242287149187489947e-01,3.240907418461864697e-01,-3.249705889214053456e-01,-3.250250587695499016e-01
3.241000347644993340e-01,3.245064659670431895e-01,3.246110904246534146e-01,3.247740318786636604e-01,3.251497920206337100e-01,3.244986896565125178e-01,3.242287149187489947e-01,3.240907418461864697e-01,3.249705889214053456e-01,3.250250587695499016e-01
9.460228155100965930e-01,9.458834777844363773e-01,9.458475775585185596e-01,9.457916410168134558e-01,9.456625258245874299e-01,9.458861455858239564e-01,9.459787209140259057e-01,9.460259991403979773e-01,9.457241227419733720e-01,9.457054040090131508e-01
-7.325541729579129191e-01,-7.323401287423622064e-01,-7.322836526558214043e-01,-7.321994802260730628e-01,-7.320012149073132912e-01,-7.323456298588246760e-01,-7.324859674413831678e-01,-7.325569219208850624e-01,-7.320973383094957487e-01,-7.320664898020688982e-01
6.807087363049986184e-01,6.809390103626170587e-01,6.809997445322929499e-01,6.810902445026417729e-01,6.813033255270498634e-01,6.809330939429228957e-01,6.807821292465459084e-01,6.807057779582881274e-01,6.812000346742148604e-01,6.812331865880267845e-01
6.807087363049986184e-01,6.809390103626170587e-01,6.809997445322929499e-01,6.810902445026417729e-01,6.813033255270498634e-01,6.809330939429228957e-01,6.807821292465459084e-01,6.807057779582881274e-01,6.812000346742148604e-01,6.812331865880267845e-01
7.325541729579129191e-01,7.323401287423622064e-01,7.322836526558214043e-01,7.321994802260730628e-01,7.320012149073132912e-01,7.323456298588246760e-01,7.324859674413831678e-01,7.325569219208850624e-01,7.320973383094957487e-01,7.320664898020688982e-01
-5.229729583273838855e-01,-5.228145479609586088e-01,-5.227725975188758367e-01,-5.227108484050579928e-01,-5.225620548233101959e-01,-5.228188429933886550e-01,-5.229231016487939643e-01,-5.229733095196915649e-01,-5.226341583593991924e-01,-5.226108777589746346e-01
8.523492739823883557e-01,8.524464490162292352e-01,8.524721762517341039e-01,8.525100403864251941e-01,8.526012543146060940e-01,8.524438148118940184e-01,8.523798623630224336e-01,8.523490585024546817e-01,8.525570576307268666e-01,8.525713286570186789e-01
8.523492739823883557e-01,8.524464490162292352e-01,8.524721762517341039e-01,8.525100403864251941e-01,8.526012543146060940e-01,8.524438148118940184e-01,8.523798623630224336e-01,8.523490585024546817e-01,8.525570576307268666e-01,8.525713286570186789e-01
5.229729583273838855e-01,5.228145479609586088e-01,5.227725975188758367e-01,5.227108484050579928e-01,5.225620548233101959e-01,5.228188429933886550e-01,5.229231016487939643e-01,5.229733095196915649e-01,5.226341583593991924e-01,5.226108777589746346e-01
-3.807328271328673797e-01,-3.806312340900024904e-01,-3.806047375625763451e-01,3.805647660630472329e-01,-3.804674276722042059e-01,-3.806335820730031849e-01,-3.807015442411513240e-01,-3.807323277153488728e-01,3.805137706420089749e-01,3.804994811142581868e-01
9.246850892835971614e-01,9.247269130046565921e-01,9.247378189221647782e-01,-9.247542694312788081e-01,9.247943211766040950e-01,9.247259465367425602e-01,9.246979691836695325e-01,9.246852949152226664e-01,-9.247752539681197703e-01,-9.247811334968834007e-01
9.246850892835971614e-01,9.247269130046565921e-01,9.247378189221647782e-01,9.247542694312788081e-01,9.247943211766040950e-01,9.247259465367425602e-01,9.246979691836695325e-01,9.246852949152226664e-01,9.247752539681197703e-01,9.247811334968834007e-01
3.807328271328673797e-01,3.806312340900024904e-01,3.806047375625763451e-01,3.805647660630472329e-01,3.804674276722042059e-01,3.806335820730031849e-01,3.807015442411513240e-01,3.807323277153488728e-01,3.805137706420089749e-01,3.804994811142581868e-01
-2.886713812890966402e-01,2.886041582210003287e-01,-2.885872623739272336e-01,2.885598497211313562e-01,-2.884941974097440243e-01,-2.886049851835286173e-01,-2.886511845017288302e-01,-2.886711490917032719e-01,2.885243055852654837e-01,2.885161251143590344e-01
9.574282394125654960e-01,-9.574485050683132492e-01,9.574535978289089311e-01,-9.574618598821146298e-01,9.574816437200808217e-01,9.574482557962155083e-01,9.574343286543202103e-01,9.574283094216901047e-01,-9.574725714538981913e-01,-9.574750365147884912e-01
9.574282394125654960e-01,9.574485050683132492e-01,9.574535978289089311e-01,9.574618598821146298e-01,9.574816437200808217e-01,9.574482557962155083e-01,9.574343286543202103e-01,9.574283094216901047e-01,9.574725714538981913e-01,9.574750365147884912e-01
2.886713812890966402e-01,2.886041582210003287e-01,2.885872623739272336e-01,2.885598497211313562e-01,2.884941974097440243e-01,2.886049851835286173e-01,2.886511845017288302e-01,2.886711490917032719e-01,2.885243055852654837e-01,2.885161251143590344e-01
2.248185522653276536e-01,2.247686219154967913e-01,2.247568102629874387e-01,2.247351381178726848e-01,2.246857380844848873e-01,2.247683412916352819e-01,2.248038776371342196e-01,-2.248190620904743364e-01,2.247071278976750519e-01,2.247026674753100917e-01
-9.744006458112197677e-01,-9.744121646419489080e-01,-9.744148891721674532e-01,-9.744198877768970313e-01,-9.744312798250219787e-01,-9.744122293736912077e-01,-9.744040314978733575e-01,9.744005281816916497e-01,-9.744263474844970796e-01,-9.744273760673394236e-01
9.744006458112197677e-01,9.744121646419489080e-01,9.744148891721674532e-01,9.744198877768970313e-01,9.744312798250219787e-01,9.744122293736912077e-01,9.744040314978733575e-01,9.744005281816916497e-01,9.744263474844970796e-01,9.744273760673394236e-01
2.248185522653276536e-01,2.247686219154967913e-01,2.247568102629874387e-01,2.247351381178726848e-01,2.246857380844848873e-01,2.247683412916352819e-01,2.248038776371342196e-01,2.248190620904743364e-01,2.247071278976750519e-01,2.247026674753100917e-01
1.733086788579972504e-01,1.732636870287073694e-01,1.732537531260884556e-01,1.732328778691290816e-01,1.731881721876342983e-01,1.732625482068719802e-01,1.732956489456876081e-01,1.733100923573748509e-01,1.732063601451702683e-01,1.732039460864206459e-01
-9.848675554776366026e-01,-9.848754717004674086e-01,-9.848772192652871516e-01,-9.848808912884743361e-01,-9.848887536236295981e-01,-9.848756720464066916e-01,-9.848698482827529244e-01,-9.848673067409021709e-01,-9.848855551815457465e-01,-9.848859797256190873e-01
9.848675554776366026e-01,9.848754717004674086e-01,9.848772192652871516e-01,9.848808912884743361e-01,9.848887536236295981e-01,9.848756720464066916e-01,9.848698482827529244e-01,9.848673067409021709e-01,9.848855551815457465e-01,9.848859797256190873e-01
1.733086788579972504e-01,1.732636870287073694e-01,1.732537531260884556e-01,1.732328778691290816e-01,1.731881721876342983e-01,1.732625482068719802e-01,1.732956489456876081e-01,1.733100923573748509e-01,1.732063601451702683e-01,1.732039460864206459e-01
1.216137474437905125e-01,1.215629497680212473e-01,1.215522257143227675e-01,1.215277223459752531e-01,1.214772415326476063e-01,1.215610476411121965e-01,1.215991465966116680e-01,1.216161102377688319e-01,1.214970068106430712e-01,1.214953836655477681e-01
-9.925775014741559099e-01,-9.925837240473458500e-01,-9.925850373765938706e-01,-9.925880377585655223e-01,-9.925942170845136747e-01,-9.925839570013185176e-01,-9.925792903073163975e-01,-9.925772119742800603e-01,-9.925917979391398749e-01,-9.925919966169187703e-01
9.925775014741559099e-01,9.925837240473458500e-01,9.925850373765938706e-01,9.925880377585655223e-01,9.925942170845136747e-01,9.925839570013185176e-01,9.925792903073163975e-01,9.925772119742800603e-01,9.925917979391398749e-01,9.925919966169187703e-01
1.216137474437905125e-01,1.215629497680212473e-01,1.215522257143227675e-01,1.215277223459752531e-01,1.214772415326476063e-01,1.215610476411121965e-01,1.215991465966116680e-01,1.216161102377688319e-01,1.214970068106430712e-01,1.214953836655477681e-01
5.768632132781192218e-02,5.761856080183288403e-02,5.760442529613541557e-02,5.757146978630200973e-02,5.750404550791241715e-02,5.761582404165457166e-02,5.766692612696326659e-02,5.768971592154190087e-02,5.753021655369457144e-02,5.752839209154807232e-02
-9.983347576497896281e-01,-9.983386707180712527e-01,-9.983394864405104041e-01,-9.983413874355030471e-01,-9.983452733149106306e-01,-9.983388286648983145e-01,-9.983358781647925229e-01,-9.983345614957399583e-01,-9.983437655353413209e-01,-9.983438706695010323e-01
9.983347576497896281e-01,9.983386707180712527e-01,9.983394864405104041e-01,9.983413874355030471e-01,9.983452733149106306e-01,9.983388286648983145e-01,9.983358781647925229e-01,9.983345614957399583e-01,9.983437655353413209e-01,9.983438706695010323e-01
5.768632132781192218e-02,5.761856080183288403e-02,5.760442529613541557e-02,5.757146978630200973e-02,5.750404550791241715e-02,5.761582404165457166e-02,5.766692612696326659e-02,5.768971592154190087e-02,5.753021655369457144e-02,5.752839209154807232e-02
-3.126087202103879775e-02,-3.135719969966244136e-02,-3.137732214468408332e-02,-3.142405979750573924e-02,-3.152010061593849000e-02,-3.136103597970330004e-02,-3.128838094557564314e-02,-3.125618255881024848e-02,-3.148276303616417970e-02,-3.148544608594566752e-02
-9.995112595066071304e-01,-9.995082421005820894e-01,-9.995076106038555119e-01,-9.995061422852001831e-01,-9.995031181828104572e-01,-9.995081217390280326e-01,-9.995103987542123258e-01,-9.995114061639566172e-01,-9.995042949540581256e-01,-9.995042104387399373e-01
9.995112595066071304e-01,9.995082421005820894e-01,9.995076106038555119e-01,9.995061422852001831e-01,9.995031181828104572e-01,9.995081217390280326e-01,9.995103987542123258e-01,9.995114061639566172e-01,9.995042949540581256e-01,9.995042104387399373e-01
-3.126087202103879775e-02,-3.135719969966244136e-02,-3.137732214468408332e-02,-3.142405979750573924e-02,-3.152010061593849000e-02,-3.136103597970330004e-02,-3.128838094557564314e-02,-3.125618255881024848e-02,-3.148276303616417970e-02,-3.148544608594566752e-02
-1.565130243280848932e-01,-1.566453748187210115e-01,-1.566729737835600711e-01,-1.567373377044684046e-01,-1.568692969851362418e-01,-1.566506953977823136e-01,-1.565508433827375312e-01,-1.565065706922749156e-01,-1.568181646099533755e-01,-1.568216752715527185e-01
-9.876758948236391555e-01,-9.876549126835254544e-01,-9.876505350000149841e-01,-9.876403226728419638e-01,-9.876193718550628775e-01,-9.876540688071868690e-01,-9.876699010479935703e-01,-9.876769174837204401e-01,-9.876274921489203162e-01,-9.876269347101788165e-01
9.876758948236391555e-01,9.876549126835254544e-01,9.876505350000149841e-01,9.876403226728419638e-01,9.876193718550628775e-01,9.876540688071868690e-01,9.876699010479935703e-01,9.876769174837204401e-01,9.876274921489203162e-01,9.876269347101788165e-01
-1.565130243280848932e-01,-1.566453748187210115e-01,-1.566729737835600711e-01,-1.567373377044684046e-01,-1.568692969851362418e-01,-1.566506953977823136e-01,-1.565508433827375312e-01,-1.565065706922749156e-01,-1.568181646099533755e-01,-1.568216752715527185e-01
-3.187375572910987054e-01,-3.188975929976541335e-01,-3.189305830375830375e-01,-3.190093916384893480e-01,-3.191683966207128353e-01,-3.189044922244624880e-01,-3.187834912314615465e-01,-3.187290816263869120e-01,-3.191076407393028669e-01,-3.191108491555352256e-01
-9.478430089271658865e-01,-9.477891776024363057e-01,-9.477780769796837479e-01,-9.477515539667772382e-01,-9.476980186739674128e-01,-9.477868562282649734e-01,-9.478275611725376359e-01,-9.478458590538865192e-01,-9.477184780417631238e-01,-9.477173977253099402e-01
9.478430089271658865e-01,9.477891776024363057e-01,9.477780769796837479e-01,9.477515539667772382e-01,9.476980186739674128e-01,9.477868562282649734e-01,9.478275611725376359e-01,9.478458590538865192e-01,9.477184780417631238e-01,9.477173977253099402e-01
-3.187375572910987054e-01,-3.188975929976541335e-01,-3.189305830375830375e-01,-3.190093916384893480e-01,-3.191683966207128353e-01,-3.189044922244624880e-01,-3.187834912314615465e-01,-3.187290816263869120e-01,-3.191076407393028669e-01,-3.191108491555352256e-01
-4.956695575276995891e-01,-4.958263623953262922e-01,-4.958579256164863391e-01,-4.959369538724578419e-01,-4.960917417467026747e-01,-4.958340326450306756e-01,-4.957148849217287712e-01,-4.956599098321912145e-01,-4.960341562523248315e-01,-4.960353896367376003e-01
-8.685111914882239770e-01,-8.684216823374568683e-01,-8.684036605192974045e-01,-8.683585306678963667e-01,-8.682701099143760315e-01,-8.684173029546145006e-01,-8.684853210429275272e-01,-8.685166974705460508e-01,-8.683030092260672905e-01,-8.683023046312443594e-01
8.685111914882239770e-01,8.684216823374568683e-01,8.684036605192974045e-01,8.683585306678963667e-01,8.682701099143760315e-01,8.684173029546145006e-01,8.684853210429275272e-01,8.685166974705460508e-01,8.683030092260672905e-01,8.683023046312443594e-01
-4.956695575276995891e-01,-4.958263623953262922e-01,-4.958579256164863391e-01,-4.959369538724578419e-01,-4.960917417467026747e-01,-4.958340326450306756e-01,-4.957148849217287712e-01,-4.956599098321912145e-01,-4.960341562523248315e-01,-4.960353896367376003e-01
-6.495442508349821287e-01,-6.496658132497936666e-01,-6.496893654090181158e-01,-6.497526843205619906e-01,-6.498718421937806911e-01,-6.496728546777246205e-01,-6.495796048610191775e-01,6.495352676274446235e-01,-6.498292945159257483e-01,-6.498280295326843703e-01
-7.603237903730369895e-01,-7.602199228476481663e-01,-7.601997951028579559e-01,-7.601456763135762129e-01,-7.600438071082888936e-01,-7.602139053548654379e-01,-7.602935860235848775e-01,7.603314646311462033e-01,-7.600801852363565647e-01,-7.600812667298598724e-01
7.603237903730369895e-01,7.602199228476481663e-01,7.601997951028579559e-01,7.601456763135762129e-01,7.600438071082888936e-01,7.602139053548654379e-01,7.602935860235848775e-01,7.603314646311462033e-01,7.600801852363565647e-01,7.600812667298598724e-01
-6.495442508349821287e-01,-6.496658132497936666e-01,-6.496893654090181158e-01,-6.497526843205619906e-01,-6.498718421937806911e-01,-6.496728546777246205e-01,-6.495796048610191775e-01,-6.495352676274446235e-01,-6.498292945159257483e-01,-6.498280295326843703e-01
7.580161358585203457e-01,-7.580949762878427256e-01,-7.581094032693592721e-01,-7.581522980159293157e-01,-7.582291553760803771e-01,-7.581005751345752941e-01,7.580391075783329269e-01,7.580090193510837793e-01,-7.582033065259519145e-01,-7.582004420184836890e-01
6.522357992153735573e-01,-6.521441611539087191e-01,-6.521273899128727791e-01,-6.520775207083628899e-01,-6.519881501512705402e-01,-6.521376526321925882e-01,6.522091009652076776e-01,6.522440697947420318e-01,-6.520182098477873556e-01,-6.520215408427667558e-01
6.522357992153735573e-01,6.521441611539087191e-01,6.521273899128727791e-01,6.520775207083628899e-01,6.519881501512705402e-01,6.521376526321925882e-01,6.522091009652076776e-01,6.522440697947420318e-01,6.520182098477873556e-01,6.520215408427667558e-01
-7.580161358585203457e-01,-7.580949762878427256e-01,-7.581094032693592721e-01,-7.581522980159293157e-01,-7.582291553760803771e-01,-7.581005751345752941e-01,-7.580391075783329269e-01,-7.580090193510837793e-01,-7.582033065259519145e-01,-7.582004420184836890e-01
8.245428746629032135e-01,-8.245892555543191671e-01,8.245970246496315825e-01,-8.246237862287008058e-01,8.246688370452546213e-01,8.245934419136328186e-01,8.245563409463052551e-01,8.245376473524939076e-01,-8.246550153560215923e-01,-8.246515841748028874e-01
5.657994767076369724e-01,-5.657318796252989168e-01,5.657205555209878778e-01,-5.656815457356215715e-01,5.656158671805691096e-01,5.657257776989026432e-01,5.657798517137565542e-01,5.658070944221312848e-01,-5.656360186976779891e-01,-5.656410210707739639e-01
5.657994767076369724e-01,5.657318796252989168e-01,5.657205555209878778e-01,5.656815457356215715e-01,5.656158671805691096e-01,5.657257776989026432e-01,5.657798517137565542e-01,5.658070944221312848e-01,5.656360186976779891e-01,5.656410210707739639e-01
-8.245428746629032135e-01,-8.245892555543191671e-01,-8.245970246496315825e-01,-8.246237862287008058e-01,-8.246688370452546213e-01,-8.245934419136328186e-01,-8.245563409463052551e-01,-8.245376473524939076e-01,-8.246550153560215923e-01,-8.246515841748028874e-01
8.624847628537013478e-01,8.625107450407795140e-01,8.625144727630303931e-01,-8.625307884378282663e-01,8.625559707377560281e-01,8.625138765761730664e-01,8.624922292436023596e-01,8.624809553300268883e-01,-8.625493960716865693e-01,-8.625459424361531235e-01
5.060830305841074184e-01,5.060387482092644218e-01,5.060323944910163352e-01,-5.060045839681874824e-01,5.059616560023570964e-01,5.060334106692385703e-01,5.060703058809131738e-01,5.060895194459221758e-01,-5.059728642292675715e-01,-5.059787517148607305e-01
5.060830305841074184e-01,5.060387482092644218e-01,5.060323944910163352e-01,5.060045839681874824e-01,5.059616560023570964e-01,5.060334106692385703e-01,5.060703058809131738e-01,5.060895194459221758e-01,5.059728642292675715e-01,5.059787517148607305e-01
-8.624847628537013478e-01,-8.625107450407795140e-01,-8.625144727630303931e-01,-8.625307884378282663e-01,-8.625559707377560281e-01,-8.625138765761730664e-01,-8.624922292436023596e-01,-8.624809553300268883e-01,-8.625493960716865693e-01,-8.625459424361531235e-01
8.830865220171350005e-01,8.831003351381069288e-01,8.831017227934645497e-01,-8.831116567336724232e-01,8.831250336093233733e-01,8.831027527076136252e-01,8.830904022483194726e-01,8.830836771396244345e-01,-8.831226360392417929e-01,-8.831193346931286436e-01
4.692101817220935556e-01,4.691841835345294531e-01,4.691815716747780862e-01,-4.691628733618086189e-01,4.691376930204304574e-01,4.691796331473004344e-01,4.692028787815578084e-01,4.692155359422358618e-01,-4.691422062819554650e-01,-4.691484207488773595e-01
4.692101817220935556e-01,4.691841835345294531e-01,4.691815716747780862e-01,4.691628733618086189e-01,4.691376930204304574e-01,4.691796331473004344e-01,4.692028787815578084e-01,4.692155359422358618e-01,4.691422062819554650e-01,4.691484207488773595e-01
-8.830865220171350005e-01,-8.831003351381069288e-01,-8.831017227934645497e-01,-8.831116567336724232e-01,-8.831250336093233733e-01,-8.831027527076136252e-01,-8.830904022483194726e-01,-8.830836771396244345e-01,-8.831226360392417929e-01,-8.831193346931286436e-01
8.933273917210691195e-01,8.933338094077183378e-01,8.933338051700581151e-01,-8.933397972620943372e-01,8.933460235261858617e-01,8.933357567085556949e-01,8.933290889291551906e-01,8.933251853047693425e-01,-8.933461027054627746e-01,-8.933429635504069877e-01
4.494064654639844947e-01,4.493937081992741001e-01,4.493937166231683489e-01,-4.493818049584565877e-01,4.493694273645587600e-01,4.493898372081329695e-01,4.494030917483830545e-01,4.494108513378371472e-01,-4.493692699561919746e-01,-4.493755105421035068e-01
4.494064654639844947e-01,4.493937081992741001e-01,4.493937166231683489e-01,4.493818049584565877e-01,4.493694273645587600e-01,4.493898372081329695e-01,4.494030917483830545e-01,4.494108513378371472e-01,4.493692699561919746e-01,4.493755105421035068e-01
-8.933273917210691195e-01,-8.933338094077183378e-01,-8.933338051700581151e-01,-8.933397972620943372e-01,-8.933460235261858617e-01,-8.933357567085556949e-01,-8.933290889291551906e-01,-8.933251853047693425e-01,-8.933461027054627746e-01,-8.933429635504069877e-01
8.971417915776560559e-01,8.971434671287368268e-01,8.971425768125034228e-01,-8.971460280488229300e-01,8.971476845054507931e-01,8.971451055260075691e-01,8.971420848464776165e-01,8.971400124535011678e-01,-8.971493368330630824e-01,-8.971463144293440051e-01
4.417426918522062707e-01,4.417392889343542128e-01,4.417410971035199418e-01,-4.417340878359066747e-01,4.417307236162186790e-01,4.417359614415933278e-01,4.417420962477037749e-01,4.417463050835078175e-01,-4.417273677507370100e-01,-4.417335062069038809e-01
-4.417426918522062707e-01,-4.417392889343542128e-01,-4.417410971035199418e-01,-4.417340878359066747e-01,-4.417307236162186790e-01,-4.417359614415933278e-01,-4.417420962477037749e-01,-4.417463050835078175e-01,4.417273677507370100e-01,-4.417335062069038809e-01
8.971417915776560559e-01,8.971434671287368268e-01,8.971425768125034228e-01,8.971460280488229300e-01,8.971476845054507931e-01,8.971451055260075691e-01,8.971420848464776165e-01,8.971400124535011678e-01,-8.971493368330630824e-01,8.971463144293440051e-01
8.967080805254995512e-01,8.967064930238457521e-01,8.967049852647832608e-01,-8.967067047550163483e-01,8.967052281897471833e-01,8.967079290454329499e-01,8.967074027345415255e-01,8.967065921164031339e-01,-8.967079751612592187e-01,-8.967050117695301026e-01
4.426224331416951929e-01,4.426256492442295909e-01,4.426287037701970850e-01,-4.426252203020069054e-01,4.426282116372311504e-01,4.426227400247876864e-01,4.426238062746655766e-01,4.426254484945331691e-01,-4.426226465988770675e-01,-4.426286500752148467e-01
-4.426224331416951929e-01,-4.426256492442295909e-01,-4.426287037701970850e-01,-4.426252203020069054e-01,-4.426282116372311504e-01,-4.426227400247876864e-01,-4.426238062746655766e-01,-4.426254484945331691e-01,-4.426226465988770675e-01,-4.426286500752148467e-01
8.967080805254995512e-01,8.967064930238457521e-01,8.967049852647832608e-01,8.967067047550163483e-01,8.967052281897471833e-01,8.967079290454329499e-01,8.967074027345415255e-01,8.967065921164031339e-01,8.967079751612592187e-01,8.967050117695301026e-01
