9.592789410014547213e-01,9.592687699738733365e-01,9.592668482871187230e-01,9.592551082123198514e-01,9.592602530796595639e-01,9.592697279518452858e-01,9.592713373602943516e-01,9.592791016885514610e-01,9.592465121939580674e-01,9.592642389984955553e-01
-4.808869210131332395e-01,-4.808924734638068132e-01,-4.808921417645320995e-01,-4.808894672928462621e-01,-4.808946620621273871e-01,-4.808868517687356903e-01,-4.808890507041099216e-01,-4.808919047779762201e-01,-4.808863255236900947e-01,-4.808905330527970534e-01
5.177792024623091294e-01,-3.619330137721403773e-01,5.178072008420065986e-01,-3.619036306669355385e-01,5.178222066980414651e-01,5.177968212195460662e-01,5.177957428419318608e-01,5.177834988364171664e-01,-3.618835967199511283e-01,-3.619221121578010680e-01
8.875621684457828398e-01,9.527252262411769479e-01,8.875599644480678396e-01,9.527228004744067169e-01,8.875587089328589308e-01,8.875607596764710783e-01,8.875608736992627312e-01,8.875617919926591659e-01,9.527211523234433432e-01,9.527243148813603346e-01
8.891747257057958098e-01,8.891502791899966729e-01,8.891653432457923278e-01,8.891479843482807954e-01,8.891597138432033587e-01,8.892215932388451982e-01,8.891578564107451843e-01,8.891501162365902378e-01,8.891568696362860402e-01,8.891658507586220894e-01
-5.100395819762368887e-01,-5.100418128135639773e-01,-5.100439881366887196e-01,-5.100397136099342754e-01,-5.100457421357496024e-01,-5.100473194280388256e-01,-5.100395570396026867e-01,-5.100404796628241755e-01,-5.100387908115633362e-01,-5.100426685935814941e-01
6.241544875253932645e-01,-2.384937797775010804e-01,6.241770034050391214e-01,-2.384841006844602707e-01,6.241898549352110637e-01,6.240868099497234311e-01,6.241844680604035078e-01,6.241953257642813835e-01,-2.384944028134390881e-01,-2.385179820077759638e-01
7.739278686361169557e-01,8.978968311368779043e-01,7.739245867058091033e-01,8.978953672127988339e-01,7.739222361951111351e-01,7.739381506158280466e-01,7.739233247238004321e-01,7.739216373700905649e-01,8.978969354495657251e-01,8.979004145117376323e-01
7.845433255535950723e-01,7.844892981241464724e-01,7.845831719264532156e-01,7.845858643397559673e-01,7.845888570228994885e-01,7.848513187360462995e-01,7.845178908201391188e-01,7.844098537658402703e-01,7.847022535761338791e-01,7.846053794119742797e-01
-5.261717757284279928e-01,-5.261653357121102159e-01,-5.261860290306989985e-01,-5.261848849833419273e-01,-5.261887969495478989e-01,-5.262397015048311255e-01,-5.261683537349265416e-01,-5.261470001670937036e-01,-5.262082668599150637e-01,-5.261892052544298037e-01
7.544987927148094631e-01,-7.335963767403344549e-02,7.544582477121289932e-01,-7.350569627858385968e-02,7.544561043035833414e-01,7.541060674981597822e-01,7.545385019446105845e-01,7.546737745723426372e-01,-7.368512833474785695e-02,-7.354202769429643571e-02
6.554771743266164519e-01,8.301838988374697914e-01,6.554862050989653799e-01,8.302159782143194722e-01,6.554851238912945410e-01,6.555630480816095895e-01,6.554681762788789889e-01,6.554389191643451573e-01,8.302553391793550119e-01,8.302235555012515977e-01
6.468901720595588989e-01,6.467814352854334148e-01,6.470562201998073526e-01,6.471215193502588559e-01,6.470804122998254915e-01,6.477900012609578706e-01,6.468613637579408993e-01,6.465097586428423249e-01,6.474926572405763636e-01,6.471275326379458681e-01
-5.264422548272180702e-01,-5.264156099861337923e-01,-5.264952883636070391e-01,-5.265119578228208974e-01,-5.265015536370106775e-01,-5.267010253788407814e-01,-5.264354107289370699e-01,-5.263374520829506853e-01,-5.266166968961042416e-01,-5.265133055948562069e-01
8.935968857290194078e-01,1.221340637789157246e-01,8.934275650061662688e-01,1.216434782171764567e-01,8.934057477631878186e-01,8.926116395574396067e-01,8.936384470582219297e-01,8.940175544189503665e-01,1.211040974883559329e-01,1.216268125942484291e-01
5.319682976368554916e-01,7.473134356847391802e-01,5.320171054750563178e-01,7.474547231801802472e-01,5.320197119974708899e-01,5.322510258050170417e-01,5.319554277667806197e-01,5.318477117992943537e-01,7.476099444462107613e-01,7.474585444907235754e-01
4.870462654297095240e-01,4.868586738951994342e-01,4.874260683070462674e-01,4.875892925237751419e-01,4.874563154035371215e-01,4.888784750183458039e-01,4.870263929952010074e-01,4.862764859832479081e-01,4.883604490326783898e-01,4.875615078679571557e-01
-5.112467525383957989e-01,-5.111823367417855923e-01,-5.113892594644735556e-01,-5.114454441845143196e-01,-5.113957425072142016e-01,-5.119089054836862829e-01,-5.112397858388322280e-01,-5.109733371458357043e-01,-5.117225884433557193e-01,-5.114342532841217315e-01
1.020898582345159511e+00,3.261437660702255492e-01,1.020561657513431308e+00,3.251613074042250529e-01,1.020534416317527615e+00,1.019197731186408440e+00,1.020930564321512302e+00,1.021616447664247973e+00,3.241190108314737639e-01,3.251885368956547451e-01
4.071633405353453083e-01,6.521032742849843800e-01,4.072852694123567097e-01,6.524591840697527845e-01,4.072885053911504682e-01,4.077775171343419602e-01,4.071499150536836975e-01,4.069044538344916417e-01,6.528365195110001906e-01,6.524474029818583265e-01
3.227465635636874719e-01,3.224730752359304953e-01,3.234086373476665610e-01,3.236610933312242810e-01,3.233936004112125673e-01,3.256941683442533542e-01,3.227568162212228753e-01,3.215143022804550221e-01,3.248884135442085541e-01,3.235816449781919180e-01
-4.853333060734448257e-01,-4.852121972565861530e-01,-4.856354126346006383e-01,-4.857446410127413960e-01,-4.856185946943132326e-01,-4.866546869931090424e-01,-4.853361940654803974e-01,-4.847861757832974128e-01,-4.862938881045690831e-01,-4.857066232186412758e-01
1.118094388925809701e+00,5.132034197495066730e-01,1.117604367749188032e+00,5.117209000039859568e-01,1.117603963412949097e+00,1.115814195723866753e+00,1.118105288648276074e+00,1.119050448835356981e+00,5.101817536353394633e-01,5.118073148033508435e-01
2.871116721972452601e-01,5.521385469289846748e-01,2.873315131986906024e-01,5.528049644979691202e-01,2.873216931116770456e-01,2.881334379890051478e-01,2.871037461124207879e-01,2.866838479405684481e-01,5.534963479174073164e-01,5.527628505682491422e-01
1.715643351160713037e-01,1.712234567775362259e-01,1.725346836889930235e-01,1.728099807807642885e-01,1.723882733121943622e-01,1.755566553225219872e-01,1.716314171166491154e-01,1.699084157089376101e-01,1.744166143130108093e-01,1.726721361527341903e-01
-4.566431957119801988e-01,-4.564511616915912784e-01,-4.571912047657511469e-01,-4.573394784353892462e-01,-4.570914343477607833e-01,-4.588758572245447698e-01,-4.566760689943492602e-01,-4.557233337293837283e-01,-4.582377757390747042e-01,-4.572580575878140707e-01
1.176556924581253494e+00,6.644744169874599038e-01,1.175983599727061790e+00,6.626397561343675413e-01,1.176033198104337041e+00,1.174049025339743535e+00,1.176542823119287595e+00,1.177601202038377481e+00,6.607701172831010883e-01,6.627832266382891468e-01
1.765850350616977316e-01,4.565156799949422473e-01,1.769057597684811634e-01,4.575448585150250214e-01,1.768646391886294356e-01,1.779872120063881180e-01,1.765886057675626342e-01,1.760020342578146879e-01,4.585927540090880550e-01,4.574592596947589240e-01
4.443076445764933269e-02,4.405967726982056021e-02,4.568420805324764633e-02,4.588763832515754815e-02,4.532334211260077850e-02,4.918093804658416057e-02,4.457680348529452496e-02,4.248344434082186594e-02,4.770023002472476015e-02,4.569991400515255320e-02
-4.338481569309758368e-01,-4.335777412839460498e-01,-4.347466532395384275e-01,-4.348833248667598461e-01,-4.344609165482239965e-01,-4.372333698953014824e-01,-4.339430882688015134e-01,-4.324680897848404704e-01,-4.361757744531236658e-01,-4.347422348787378099e-01
1.198844766793700334e+00,7.735727854651602842e-01,1.198291004726470099e+00,7.716131323739140457e-01,1.198371439814953421e+00,1.196512760886337068e+00,1.198816281793856131e+00,1.199809245370931032e+00,7.696514221370486242e-01,7.717946574089441514e-01
7.605811129003596516e-02,3.719818989766248141e-01,7.645276548903887082e-02,3.733834663316742408e-01,7.637900462422465842e-02,7.771979463450580383e-02,7.607290414274435475e-02,7.537196182797355204e-02,3.747849004284430352e-01,3.732459922256123330e-01
-5.622753808149530408e-02,-5.658806782916430550e-02,-5.476065003279498994e-02,-5.470599574721484587e-02,-5.537368312647220764e-02,-5.110748038521904096e-02,-5.599539853337608120e-02,-5.829493772286726411e-02,-5.288151987405999288e-02,-5.492322258774865601e-02
-4.246459993570315672e-01,-4.242932700134603441e-01,-4.260311891263167117e-01,-4.260702264371533099e-01,-4.254105348469097159e-01,-4.294645039234201711e-01,-4.248481609720033969e-01,-4.227104773426991202e-01,-4.277890232967366813e-01,-4.258537366903838439e-01
1.194276860980473476e+00,8.449758767839884444e-01,1.193843741423021187e+00,8.430990297541914869e-01,1.193891376399805360e+00,1.192420634658663214e+00,1.194257319764958636e+00,1.195043288060305020e+00,8.412515989682072259e-01,8.432920963078084364e-01
-1.927057063446967200e-02,3.010087416756337952e-01,-1.886281597314279357e-02,3.027827035452830273e-01,-1.892673759785278020e-02,-1.752368805731470414e-02,-1.925846899084961150e-02,-1.999059767100606899e-02,3.045261167686765802e-01,3.025889725745482539e-01
-1.344348620711711961e-01,-1.347517407861474892e-01,-1.328554006776085650e-01,-1.329805365845519172e-01,-1.336948063741326131e-01,-1.293392966573757574e-01,-1.341286509600539412e-01,-1.364565963025725082e-01,-1.313051289114451625e-01,-1.332025357362137674e-01
-4.357215329523785319e-01,-4.352808780276504197e-01,-4.377896889557629234e-01,-4.376068721089123592e-01,-4.366253096443572512e-01,-4.423830469984902924e-01,-4.360934541734219350e-01,-4.330926577657833176e-01,-4.398002585723136404e-01,-4.372965570823104109e-01
1.172905344500007718e+00,8.884387242589441014e-01,1.172660973458373501e+00,8.867817309550383165e-01,1.172600809606248795e+00,1.171653759075853118e+00,1.172919795929259212e+00,1.173430823311695681e+00,8.851749723114556989e-01,8.869628506904090326e-01
-1.190685149080823180e-01,2.420375820989427718e-01,-1.187480249555045997e-01,2.442154247508828424e-01,-1.186908452442037160e-01,-1.174319367072105269e-01,-1.190933972926589979e-01,-1.197543651060009734e-01,2.463226468514103928e-01,2.439606298087687308e-01
-1.975562812560546222e-01,-1.978071558651031125e-01,-1.959916334155485385e-01,-1.962751059095668715e-01,-1.969684066298122704e-01,-1.928632094573161926e-01,-1.972067174125698985e-01,-1.993842482773737768e-01,-1.948643701008002660e-01,-1.964783605574575986e-01
-4.738682061329987372e-01,-4.733287785744545451e-01,-4.769165687063527947e-01,-4.763326625107194845e-01,-4.749068716820173952e-01,-4.830115245959040737e-01,-4.744987262443869369e-01,-4.703283022608539810e-01,-4.790860134338532084e-01,-4.759018442169079544e-01
1.141282612075548153e+00,9.138335219992147485e-01,1.141243576830358597e+00,9.124680158484049786e-01,1.141033228633431040e+00,1.140605463080599069e+00,1.141344371793401757e+00,1.141588282320185721e+00,9.111598417250889037e-01,9.126213367891435890e-01
-2.373997239053068919e-01,1.906273804001832883e-01,-2.373197821243608341e-01,1.933059439971616389e-01,-2.369339039629637655e-01,-2.360793616728789623e-01,-2.375231102616143786e-01,-2.379947093879444253e-01,1.958643190828645020e-01,1.929792442642719874e-01
-2.540562366666136440e-01,-2.542277077542166031e-01,-2.526712131082294310e-01,-2.530381442279596715e-01,-2.536316752903306493e-01,-2.501636931852240231e-01,-2.537125852513574253e-01,-2.555463434314663163e-01,-2.519740839429083223e-01,-2.532011446277438460e-01
-5.473766275965527006e-01,-5.467206288975404727e-01,-5.518453198890024280e-01,-5.506021041141895278e-01,-5.485560075147396519e-01,-5.599576647842345878e-01,-5.483909502332098285e-01,-5.425967369414897989e-01,-5.540488691710888647e-01,-5.500098740309518064e-01
1.100738759761334506e+00,9.283264656425609385e-01,1.100860883351548081e+00,9.272935080091776472e-01,1.100528279089396877e+00,1.100492664816627109e+00,1.100838675170979331e+00,1.100883365914858691e+00,9.263117651506457273e-01,9.274089270567326126e-01
-3.927924719278467203e-01,1.404380318512168657e-01,-3.931751174166163154e-01,1.438074391378140748e-01,-3.921276327982499144e-01,-3.919944018363499261e-01,-3.931088630300080267e-01,-3.932608774371382232e-01,1.469961145823029947e-01,1.433871907665693890e-01
-3.125119515144422211e-01,-3.125967188005592812e-01,-3.115272792227266607e-01,-3.118469607274786393e-01,-3.122456682018321938e-01,-3.098924735234096506e-01,-3.122430704237729726e-01,-3.135022958751081390e-01,-3.111939820907147491e-01,-3.119474340951637892e-01
-6.670446179632667505e-01,-6.662428716852664135e-01,-6.735380149728907861e-01,-6.712939107830765417e-01,-6.683884242694797528e-01,-6.843990261633463579e-01,-6.686065386272015409e-01,-6.605591868711687686e-01,-6.756336239565549073e-01,-6.704807311343280452e-01
1.047407180417019745e+00,9.356640763304343578e-01,1.047583149742338904e+00,9.350137544711506488e-01,1.047250758143010829e+00,1.047391224555936251e+00,1.047508273316631211e+00,1.047458360875156202e+00,9.343969516926873276e-01,9.350821497624353107e-01
-6.085725418244134488e-01,8.375387433095696221e-02,-6.097006019327319004e-01,8.812546737289855825e-02,-6.075354451300604142e-01,-6.084600053193172098e-01,-6.092048491038021263e-01,-6.089172276468231004e-01,9.224304760082679966e-02,8.757570931742340858e-02
-3.814685815297959581e-01,-3.814608188687771961e-01,-3.811695289602373138e-01,-3.812636854312319024e-01,-3.813524737835486955e-01,-3.807125572081382359e-01,-3.813605946570777228e-01,-3.817594048177789801e-01,-3.810892838581494968e-01,-3.812751776568943374e-01
-8.463754082166202730e-01,-8.453702616094619371e-01,-8.556278470136540193e-01,-8.520222133880923643e-01,-8.479609968624308713e-01,-8.702500906977076456e-01,-8.486675092050152136e-01,-8.375577102010399733e-01,-8.575846367726144281e-01,-8.509109152864832160e-01
9.730459367901557188e-01,9.366199534864758647e-01,9.731208826473328743e-01,9.364447739199855958e-01,9.729984190067633154e-01,9.730662878399236604e-01,9.730881227051015880e-01,9.730536241923225527e-01,9.362756784571932833e-01,9.364535227781594084e-01
-9.127117713868675430e-01,1.173427258425517594e-02,-9.148467994413417292e-01,1.756436022300647548e-02,-9.110982193915579952e-01,-9.133183632789180217e-01,-9.137764200141359483e-01,-9.129929739117191856e-01,2.305115178260849773e-02,1.683188011115491212e-02
-4.695088883794952817e-01,-4.693926199422975287e-01,-4.702225170308619306e-01,-4.699112054468896904e-01,-4.695583429947586263e-01,-4.713490870646719344e-01,-4.696516750995010092e-01,-4.688438293814544688e-01,-4.703318535652385446e-01,-4.698028183294190030e-01
-1.099974468320387588e+00,-1.098637658489221458e+00,-1.112694579917538729e+00,-1.107555280287529031e+00,-1.102024979876771393e+00,-1.132480246911319099e+00,-1.103133716784818530e+00,-1.088020720695409782e+00,-1.114957756820466939e+00,-1.106067266814494632e+00
8.661537891164108327e-01,9.298004707936462498e-01,8.659836705051020544e-01,9.302562007257988430e-01,8.662887176119025145e-01,8.660927526697217438e-01,8.660776959393264862e-01,8.661333270130315842e-01,9.306810444347195510e-01,9.301858250037589038e-01
-1.335509126584326189e+00,-8.520399225636385299e-02,-1.338652389334690440e+00,-7.731955634468937189e-02,-1.333207841881150379e+00,-1.336606947709576110e+00,-1.337018521251871261e+00,-1.335847361647520826e+00,-6.989691825776306322e-02,-7.830882302843089615e-02
-5.843462428822687738e-01,-5.840726343217681471e-01,-5.863467168853498945e-01,-5.855686273685793974e-01,-5.846511607419418999e-01,-5.896122909946514001e-01,-5.847961645272997666e-01,-5.824097390485014625e-01,-5.868347611901609806e-01,-5.853148025262107090e-01
-1.436407622310393650e+00,-1.434478030070365451e+00,-1.452846425623931070e+00,-1.446631350192619569e+00,-1.439439489236495007e+00,-1.479566771921238644e+00,-1.440376901017837996e+00,-1.420441983020656274e+00,-1.456994005570795725e+00,-1.444741022003813935e+00
7.143074122325093755e-01,9.125525255063700047e-01,7.139062805716267501e-01,9.138538827302929990e-01,7.146447962386768271e-01,7.142204689917032168e-01,7.141125317191862054e-01,7.142306415857384572e-01,9.150708422075338744e-01,9.136751124600153151e-01
-1.899323561750842604e+00,-2.157463853865745906e-01,-1.902661914225710404e+00,-2.051585365977702802e-01,-1.896575763804702719e+00,-1.900043099109989697e+00,-1.900977748825083413e+00,-1.899944731188196290e+00,-1.952223471021145573e-01,-2.065041465638666751e-01
-7.278885408578293914e-01,-7.273591556834231309e-01,-7.311468820899468257e-01,-7.301664472858364618e-01,-7.286588070429093067e-01,-7.371235481589972771e-01,-7.285919311681615662e-01,-7.244201065185369437e-01,-7.327036127199887394e-01,-7.297784816083769943e-01
-1.836359678431406017e+00,-1.833455679150670425e+00,-1.855380841423835081e+00,-1.849766034154579408e+00,-1.841203882785547474e+00,-1.890233166470725479e+00,-1.840636844914020021e+00,-1.816061133745640044e+00,-1.864554219331554297e+00,-1.847621954145076018e+00
5.122177281147723971e-01,8.827387974954038485e-01,5.120655732458126996e-01,8.851089292253194740e-01,5.126191311640941883e-01,5.126659893301539483e-01,5.120683054057666439e-01,5.119332561593927799e-01,8.873020657401702316e-01,8.847808277508587560e-01
-2.585365795132703592e+00,-3.814884220714316876e-01,-2.586263495366912579e+00,-3.677195041894801286e-01,-2.582990893277005373e+00,-2.582751782005037633e+00,-2.586237800612359194e+00,-2.587025339601855212e+00,-3.549516485862633242e-01,-3.695442004324973051e-01
-8.841073221154658324e-01,-8.832402680187207977e-01,-8.879444520033318300e-01,-8.874139253872566080e-01,-8.855492103809401438e-01,-8.964839231212509141e-01,-8.848352242888672947e-01,-8.793093537669203208e-01,-8.914898089291150018e-01,-8.869825297028686162e-01
-2.214390006672435796e+00,-2.210366169159866612e+00,-2.232641564030091175e+00,-2.230188338150329130e+00,-2.221495680054284438e+00,-2.273291441343167740e+00,-2.217961735206050111e+00,-2.191506308054860686e+00,-2.249574062160176968e+00,-2.228211751481548930e+00
2.814784345254778275e-01,8.430405289284634840e-01,2.828120904754594656e-01,8.466143012648137400e-01,2.817156010987431625e-01,2.843404460143963419e-01,2.817639279342014080e-01,2.804082566025180023e-01,8.498518707060600530e-01,8.460933699300444699e-01
-3.270712917854191382e+00,-5.629143165583384567e-01,-3.264341753602926666e+00,-5.459564210217942026e-01,-3.269487385052300965e+00,-3.257086359031756473e+00,-3.269300630317373280e+00,-3.275814854904880224e+00,-5.305687105233305445e-01,-5.483564144574026855e-01
-1.013656240898072269e+00,-1.012561684022506681e+00,-1.017019661533979491e+00,-1.017356290696062482e+00,-1.015587142765590256e+00,-1.026451311370885078e+00,-1.014161075041009497e+00,-1.008511491818202988e+00,-1.022345124466717881e+00,-1.017007403704554003e+00
-2.428781430867184898e+00,-2.424304599658955173e+00,-2.442656266124417996e+00,-2.444096096007285723e+00,-2.436922211643791414e+00,-2.481656671383195789e+00,-2.430928698443969083e+00,-2.407481543873165819e+00,-2.464703466038855151e+00,-2.442700913195814394e+00
8.245701437751010165e-02,8.049424462966214833e-01,8.653861757236011587e-02,8.096821364484160233e-01,8.266520718829747927e-02,9.071913118116889385e-02,8.349399159464276909e-02,7.950859912154553677e-02,8.138944868310050706e-01,8.089623413177721156e-01
-3.731250975636239531e+00,-7.142000127794245756e-01,-3.714335465377799572e+00,-6.946599719832454722e-01,-3.730221768844980801e+00,-3.697093818296391277e+00,-3.726865707693822749e+00,-3.743453667646799321e+00,-6.772693054342610042e-01,-6.975588186143713010e-01
-1.085714914553757904e+00,-1.084654985490517420e+00,-1.088213796142431189e+00,-1.089022813971898040e+00,-1.087598573960077530e+00,-1.096599839599791570e+00,-1.086000575646210331e+00,-1.081213625802599720e+00,-1.093726736798856791e+00,-1.088784451927292007e+00
-2.414940385821672919e+00,-2.411025567057917485e+00,-2.424175132872291805e+00,-2.427207687357834320e+00,-2.422022867687679160e+00,-2.455293121116260746e+00,-2.416031838653097008e+00,-2.398221158264014274e+00,-2.444641515356140271e+00,-2.426351790387095697e+00
-3.227042340318042601e-02,7.809883979325576986e-01,-2.565906077116078543e-02,7.866466861404213251e-01,-3.156736224360236209e-02,-1.757443084114090892e-02,-3.065040477210144443e-02,-3.765636242349222618e-02,7.916560418902098828e-01,7.857916416959200845e-01
-3.844921212153833867e+00,-8.010983248688210434e-01,-3.820354349445064024e+00,-7.801665200656987542e-01,-3.842082997233387420e+00,-3.790420763025821316e+00,-3.838786371044601964e+00,-3.864913921849742362e+00,-7.616110642930878916e-01,-7.832624760152046006e-01
-1.107372352677976401e+00,-1.106494738203592565e+00,-1.109297679719213781e+00,-1.110024689772457718e+00,-1.108884419909127894e+00,-1.116043384014766326e+00,-1.107581808199397555e+00,-1.103746246933841491e+00,-1.113847839241076887e+00,-1.109843493090960198e+00
-2.246522439089723822e+00,-2.243551192988536336e+00,-2.253013873638716635e+00,-2.255499123155182861e+00,-2.251699814949003287e+00,-2.275882050335165108e+00,-2.247249155904327278e+00,-2.234217749972335909e+00,-2.268443029025728030e+00,-2.254902990160928322e+00
-6.801452049187248217e-02,7.728738271747384037e-01,-6.010517171146771004e-02,7.790800215474693591e-01,-6.656852172216740082e-02,-4.869158012790374135e-02,-6.619674562350547076e-02,-7.529872752194793906e-02,7.846141394767637278e-01,7.781744115738221668e-01
-3.707729220517833824e+00,-8.335925384999196552e-01,-3.680895199348841906e+00,-8.126229064811738567e-01,-3.702559179913514686e+00,-3.642286612352551245e+00,-3.701432912922341778e+00,-3.732421530725694936e+00,-7.939005572252454401e-01,-8.156171425645145634e-01
-1.101830399994710108e+00,-1.101136109329361901e+00,-1.103499054315099537e+00,-1.103936241414857689e+00,-1.102956847835324217e+00,-1.108901192259151403e+00,-1.102049760135163980e+00,-1.098880979899521382e+00,-1.106923327313038552e+00,-1.103768498847583324e+00
-2.021133412403383733e+00,-2.018959993084378901e+00,-2.026320626278456771e+00,-2.027703819589270928e+00,-2.024683273029900921e+00,-2.043216568906234265e+00,-2.021828768398238552e+00,-2.011898431342305393e+00,-2.037034337002629591e+00,-2.027191906476164540e+00
-5.850638999771085730e-02,7.751003544032293302e-01,-5.025600795689677547e-02,7.815386409643436672e-01,-5.643642276190152102e-02,-3.680732826364654237e-02,-5.672449283464871261e-02,-6.685016651726420622e-02,7.873360793924174539e-01,7.806364510288553715e-01
-3.467586486123893863e+00,-8.388842562767208078e-01,-3.441774951235969660e+00,-8.188214286679230680e-01,-3.460825280588835096e+00,-3.399810751232529071e+00,-3.461877584519048590e+00,-3.493671881212892405e+00,-8.007329800371065787e-01,-8.215689195269250122e-01
-1.085542552562362761e+00,-1.084984814253915353e+00,-1.087108330742191376e+00,-1.087271891445429794e+00,-1.086377720788327172e+00,-1.091590517616440881e+00,-1.085792571189665434e+00,-1.083041207298059971e+00,-1.089648628437962286e+00,-1.087100999563359816e+00
-1.791638967789968007e+00,-1.790017448818617574e+00,-1.796151075826672550e+00,-1.796639015954696772e+00,-1.794073374665276610e+00,-1.809149085348703334e+00,-1.792369493229579502e+00,-1.784375868997083447e+00,-1.803523199926224896e+00,-1.796153346709633336e+00
-2.932705006219337232e-02,7.826361200786704497e-01,-2.118165302569452110e-02,7.891116622240018641e-01,-2.684479602686518779e-02,-6.721930259625908538e-03,-2.765708472198723927e-02,-3.813155799224358933e-02,7.949935852426134320e-01,7.882358490017097319e-01
-3.209683949951171567e+00,-8.351746399426660528e-01,-3.186066414722679596e+00,-8.164726190174250720e-01,-3.202192099009361304e+00,-3.144243156591495669e+00,-3.204707512660848412e+00,-3.235197457222782180e+00,-7.994633975547156268e-01,-8.189401342795605832e-01
-1.066324131060715219e+00,-1.065859154328867353e+00,-1.067840940089785917e+00,-1.067804637216499097e+00,-1.066960160469233143e+00,-1.071715574706157081e+00,-1.066599921012730157e+00,-1.064114332278362607e+00,-1.069768714221468908e+00,-1.067627835058481800e+00
-1.576509543499245991e+00,-1.575252096945585434e+00,-1.580569508354496167e+00,-1.580484300320434743e+00,-1.578227182639480031e+00,-1.591007244135981935e+00,-1.577255919343866220e+00,-1.570547811734621657e+00,-1.585769859175147900e+00,-1.580016361327816199e+00
6.829760047549728735e-03,7.927174684633213619e-01,1.471535639005387697e-02,7.991273696918220759e-01,9.553047462952816982e-03,2.956577605262739744e-02,8.381699096480864364e-03,-2.098532513221958162e-03,8.049901494706489524e-01,7.982846786968528230e-01
-2.965985327963267970e+00,-8.303329268217319870e-01,-2.944753627890096315e+00,-8.131433546475294039e-01,-2.958356510349202662e+00,-2.904863871885646986e+00,-2.961674629590575147e+00,-2.990012310924783367e+00,-7.974003346036412365e-01,-8.153433576014066375e-01
-1.047272755058061833e+00,-1.046869660788184664e+00,-1.048754781927627500e+00,-1.048586343736864768e+00,-1.047775941019600365e+00,-1.052220928789189935e+00,-1.047564512446570228e+00,-1.045259309046038920e+00,-1.050274047044276848e+00,-1.048405306472422360e+00
-1.379490922376720441e+00,-1.378477362442937393e+00,-1.383174616818987124e+00,-1.382765194398775543e+00,-1.380749374808714514e+00,-1.391846759302548753e+00,-1.380223146417174140e+00,-1.374444963892619276e+00,-1.386984263111085136e+00,-1.382319643578481472e+00
4.472968901381647183e-02,8.041081097372403397e-01,5.232147908093660871e-02,8.104017383276767017e-01,4.757940465634160482e-02,6.721709617162764661e-02,4.617806282804355622e-02,3.585277877670427216e-02,8.161890733916751239e-01,8.095923835249382305e-01
-2.744295633052121097e+00,-8.268646610381894524e-01,-2.725317159224834640e+00,-8.111960905889645801e-01,-2.736878039727565159e+00,-2.688167208283908760e+00,-2.740546171698480471e+00,-2.766477030171486717e+00,-7.967682187678231109e-01,-8.131532975835480404e-01
-1.029461951564818678e+00,-1.029100672950240103e+00,-1.030910683936716588e+00,-1.030659392167689647e+00,-1.029876054486269288e+00,-1.034091383768720229e+00,-1.029761287081991439e+00,-1.027587844310497989e+00,-1.032158649911786519e+00,-1.030476531425285280e+00
-1.199598514025857821e+00,-1.198755444068853926e+00,-1.202936455846279840e+00,-1.202365082675344032e+00,-1.200555895918459015e+00,-1.210314978449648526e+00,-1.200294466211081712e+00,-1.195242970991472253e+00,-1.205840812564064946e+00,-1.201947649064979640e+00
8.250193581617273897e-02,8.163389456016179047e-01,8.980818937582817074e-02,8.224925676260405050e-01,8.540568810349741247e-02,1.045604410705843479e-01,8.386369442444327471e-02,7.376528943685985162e-02,8.281745463174094990e-01,8.217145878764775535e-01
-2.544047558142373600e+00,-8.251331596178378414e-01,-2.527117394582823362e+00,-8.109349162263118638e-01,-2.537031032492785165e+00,-2.493014007002372079e+00,-2.540767424694946985e+00,-2.564284430144006866e+00,-7.978059937648782629e-01,-8.126743173200623449e-01
-1.013190392853961619e+00,-1.012858169761075899e+00,-1.014604323901297622e+00,-1.014303335714500154e+00,-1.013543673125254063e+00,-1.017576197066661026e+00,-1.013491357411634430e+00,-1.011420826428162334e+00,-1.015670151650630348e+00,-1.014120704762825120e+00
-1.034837678989299459e+00,-1.034120318971308627e+00,-1.037848594122452228e+00,-1.037214229864150461e+00,-1.035590559058850557e+00,-1.044222390801319955e+00,-1.035484288679095588e+00,-1.031034809029733879e+00,-1.040144264136511287e+00,-1.036828834353995754e+00
1.196496893341296719e-01,8.292936430027108008e-01,1.266904599107367413e-01,8.352970663875247670e-01,1.225623854191967843e-01,1.411968284438795407e-01,1.209392476550908979e-01,1.110976304654217317e-01,8.408581174482632203e-01,8.345480168340750904e-01
-2.362520746371027602e+00,-8.247937927167088290e-01,-2.347440663615639078e+00,-8.119933041137389340e-01,-2.356002109881831785e+00,-2.316445869091581233e+00,-2.359638525934627307e+00,-2.380831355737007105e+00,-8.001179702097986901e-01,-8.135369407778817452e-01
-9.984954620833291772e-01,-9.981841813862376567e-01,-9.998731079928289134e-01,-9.995440553843289999e-01,-9.988062107487659658e-01,-1.002684886404382469e+00,-9.987941605323997774e-01,-9.968085343348268568e-01,-1.000814347759310108e+00,-9.993631571161144533e-01
-8.833538466322488070e-01,-8.827343514847592054e-01,-8.860545106451869213e-01,-8.854153287891854962e-01,-8.839619968766997404e-01,-8.916082985965572139e-01,-8.839446892372923026e-01,-8.800145272708946864e-01,-8.879235470802432362e-01,-8.850639366199604119e-01
1.561965333375700260e-01,8.430137694322620279e-01,1.629930382011211543e-01,8.488637591908209101e-01,1.590901329945312026e-01,1.771986324377066713e-01,1.574250897668953708e-01,1.478500748642905815e-01,8.542962769421308389e-01,8.481412907795417011e-01
-2.196934149374866418e+00,-8.253534483400523092e-01,-2.183530771805000992e+00,-8.138715100126766577e-01,-2.190956615408492070e+00,-2.155586431129387304e+00,-2.194395749889482605e+00,-2.213388890471287507e+00,-8.031916906898942665e-01,-8.152381979540224144e-01
-9.853532560163290599e-01,-9.850577161200975151e-01,-9.866938945434389208e-01,-9.863506950829930009e-01,-9.856334658807334170e-01,-9.893774392326961653e-01,-9.856472700450745750e-01,-9.837346676354751240e-01,-9.875478629110449047e-01,-9.861725473739308967e-01
-7.436847754352613471e-01,-7.431452841549121002e-01,-7.460923781760955276e-01,-7.454814000871123891e-01,-7.441860284476663479e-01,-7.509505279307275849e-01,-7.442177253960056138e-01,-7.407475858965681947e-01,-7.476481882537581170e-01,-7.451644788002359521e-01
1.923355684424456202e-01,8.576102748126855913e-01,1.989071144319186080e-01,8.633073910026430875e-01,1.951927311417289146e-01,2.127843219927922913e-01,1.935116164478935252e-01,1.842030491523079239e-01,8.686084523116114342e-01,8.626093986343621456e-01
-2.045018170419309111e+00,-8.263705360638208264e-01,-2.033142466956042060e+00,-8.161270987450949255e-01,-2.039593828086665894e+00,-2.008130636432577720e+00,-2.042782118696983673e+00,-2.059710303253428965e+00,-8.065792941647490499e-01,-8.173329557604476214e-01
-9.737518478795523791e-01,-9.734686718737808331e-01,-9.750555656227403167e-01,-9.747070850717148849e-01,-9.740095383405799057e-01,-9.776324209652182962e-01,-9.740397676266894234e-01,-9.721918520496105609e-01,-9.758467036749116641e-01,-9.745323320359707830e-01
-6.147347827651662433e-01,-6.142633522486264930e-01,-6.168671552851423545e-01,-6.163021356979463405e-01,-6.151537759111687098e-01,-6.211183426982725964e-01,-6.152103474159895669e-01,-6.121545222784929852e-01,-6.181819452479303534e-01,-6.160191254967846142e-01
2.282885883479785771e-01,8.732226795581365941e-01,2.346521958067851465e-01,8.787697957165732099e-01,2.310988397226252933e-01,2.481898767495635538e-01,2.294186139886846276e-01,2.203710075948137337e-01,8.839394884317439693e-01,8.780944090468579821e-01
-1.905076661453790399e+00,-8.275167366502184096e-01,-1.894599028210503633e+00,-8.184328605127060285e-01,-1.900199239500918624e+00,-1.872371672144057975e+00,-1.903110215747003675e+00,-1.918109074641761058e+00,-8.099513509860833960e-01,-8.194919334100337904e-01
-9.637142249395176385e-01,-9.634411832649079077e-01,-9.649818028485533938e-01,-9.646336106135625643e-01,-9.639549013062598259e-01,-9.674671688934479707e-01,-9.639953218304082583e-01,-9.622058171871966659e-01,-9.657263476904084376e-01,-9.644626199738715044e-01
-4.956822233177780035e-01,-4.952704420858186629e-01,-4.975575679282931985e-01,-4.970470510575931700e-01,-4.960355524238634350e-01,-5.012689156491503262e-01,-4.961024682482019221e-01,-4.934234361316131023e-01,-4.986786622720078554e-01,-4.967967236429725597e-01
2.642507970523375604e-01,8.899986868775180415e-01,2.704216919100386196e-01,8.954003335189162360e-01,2.670082168105025189e-01,2.836194005807786134e-01,2.653398852457726775e-01,2.565444882071218347e-01,9.004409217169507818e-01,8.947458569660678984e-01
-1.775901293809837078e+00,-8.285883819563091279e-01,-1.766706630491642338e+00,-8.205867604562406825e-01,-1.771553527012774909e+00,-1.747100698285516618e+00,-1.774177659443698873e+00,-1.787380411392229584e+00,-8.131050616041918255e-01,-8.215115505943855201e-01
-9.553013228832006876e-01,-9.550369066101898063e-01,-9.565341198031266368e-01,-9.561896217088736716e-01,-9.555288962558823318e-01,-9.589393207774993266e-01,-9.555753343093441599e-01,-9.538391293561281348e-01,-9.572430704577298277e-01,-9.560225570518849914e-01
-3.858863130381386952e-01,-3.855278876919094322e-01,-3.875228917949108953e-01,-3.870698896409004996e-01,-3.861855924533008633e-01,-3.907482283232764364e-01,-3.862541916866284453e-01,-3.839195533240006286e-01,-3.884824763951876814e-01,-3.868505983017054284e-01
3.003685027770197080e-01,9.080813204431386065e-01,3.063608099882174640e-01,9.133434382450925648e-01,3.030703151895220437e-01,3.192257127568783881e-01,3.014208052763174273e-01,2.928664432493639502e-01,9.182589677878348899e-01,9.127082800457489986e-01
-1.656661185901602273e+00,-8.295014322906002491e-01,-1.648645065318089520e+00,-8.225064770410747128e-01,-1.652819188256327676e+00,-1.631490525014790194e+00,-1.655157631391060535e+00,-1.666694041563810291e+00,-8.159580869851014162e-01,-8.233083307022819319e-01
-9.486067508976527840e-01,-9.483498969420796065e-01,-9.498066220254856029e-01,-9.494677856825790574e-01,-9.488241209171051072e-01,-9.521406830110742403e-01,-9.488737423613010646e-01,-9.471863198323274835e-01,-9.504876363650339721e-01,-9.493046560654342381e-01
-2.848101168918569237e-01,-2.845000269468698217e-01,-2.862259938455957720e-01,-2.858302230032217506e-01,-2.850638084084998192e-01,-2.890107324062122229e-01,-2.851290544655739612e-01,-2.831097652098070738e-01,-2.870469678040904471e-01,-2.856400718991526921e-01
3.367267539228894768e-01,9.275966402920258203e-01,3.425541652151197769e-01,9.327265395396761027e-01,3.393724515121191998e-01,3.550994398254028739e-01,3.377458356276407114e-01,3.294191567491484007e-01,9.375226796516475947e-01,9.321091433956254502e-01
-1.546805050598071274e+00,-8.302827868434894398e-01,-1.539871050549661335e+00,-8.242206658796428220e-01,-1.543441011905483551e+00,-1.524995519752040618e+00,-1.545501671514075026e+00,-1.555497733655266002e+00,-8.185395643395101395e-01,-8.249100445719375063e-01
-9.437467705945932206e-01,-9.434966779573521478e-01,-9.449160195275305707e-01,-9.445838369854649974e-01,-9.439561918822106934e-01,-9.471867027306200004e-01,-9.440070482975605470e-01,-9.423641020593408468e-01,-9.455746388468070363e-01,-9.444245289435785340e-01
-1.919608970656752067e-01,-1.916948868240312409e-01,-1.931737318814742976e-01,-1.928329820502715508e-01,-1.921754049493832328e-01,-1.955577542260158730e-01,-1.922345286852890633e-01,-1.905038852316098819e-01,-1.938732360458252091e-01,-1.926699408844472772e-01
3.733355189260838536e-01,9.486369879536946659e-01,3.790118684576462837e-01,9.536434117096169727e-01,3.759262961129770098e-01,3.912559379677126303e-01,3.743246099741775468e-01,3.662100336134027079e-01,9.583274238927813604e-01,9.530421943965380338e-01
-1.445983508628511771e+00,-8.310622447558522197e-01,-1.440041506978323227e+00,-8.258610165340558584e-01,-1.443067439618119119e+00,-1.427273258491650765e+00,-1.444862437271768218e+00,-1.453440162529127333e+00,-8.209821145179356794e-01,-8.264476719908880886e-01
-9.408451043318867280e-01,-9.406011024294382850e-01,-9.419864564068690660e-01,-9.416612370856882741e-01,-9.410484053639563973e-01,-9.442009616423330254e-01,-9.410991587270635117e-01,-9.394963234368312044e-01,-9.426269010154330052e-01,-9.415055334841383461e-01
-1.068449718107759988e-01,-1.066192457051900744e-01,-1.078718438715168537e-01,-1.075828231882630381e-01,-1.070252944208942986e-01,-1.098911759658811604e-01,-1.070769723414522201e-01,-1.056100566919024875e-01,-1.084633860766325286e-01,-1.074448066886272701e-01
4.101067939013647301e-01,9.712343123420447144e-01,4.156465268106360744e-01,9.761275468392672794e-01,4.126451471106360458e-01,4.276127677612757694e-01,4.110689703345800083e-01,4.031484894639582595e-01,9.807083178381212907e-01,9.755408414748443224e-01
-1.353989564089361330e+00,-8.320659081479745423e-01,-1.348954770172807294e+00,-8.276557918115555745e-01,-1.351490494282079569e+00,-1.338124995525892702e+00,-1.353034481753778495e+00,-1.360311561661184721e+00,-8.235154140561500302e-01,-8.281488682234977583e-01
-9.400092643918864788e-01,-9.397707062305786785e-01,-9.411258447212491607e-01,-9.408073971675574576e-01,-9.402079521219369740e-01,-9.432912929743854091e-01,-9.402577301680201671e-01,-9.386903822151810850e-01,-9.417515276311425598e-01,-9.406549860563404586e-01
-2.893409268074698115e-02,-2.874513639087626637e-02,-2.979133774933125089e-02,-2.955020239162388374e-02,-2.908420417916755818e-02,-3.147907590997600646e-02,-2.912806042541046803e-02,-2.790147210040767878e-02,-3.028606070018508012e-02,-2.943512792037972226e-02
4.468147745521002245e-01,9.953158308376317542e-01,4.522332987765967371e-01,1.000107822928735457e+00,4.493041626996227556e-01,4.639500013090991914e-01,4.477530816230685384e-01,4.400060050789238453e-01,1.004595915398597050e+00,9.995338266663408300e-01
-1.270712325944722831e+00,-8.336099498062710111e-01,-1.266504858123655097e+00,-8.299237325461995551e-01,-1.268599180884322442e+00,-1.257449633602750305e+00,-1.269908180295292066e+00,-1.275997449934284322e+00,-8.264601628059843330e-01,-8.303318136317887621e-01
-9.412917159708360515e-01,-9.410578734406189749e-01,-9.423870098042286259e-01,-9.420747485247199515e-01,-9.414869709444075863e-01,-9.445107743461695904e-01,-9.415353358495354152e-01,-9.399984456585712689e-01,-9.430008530629692132e-01,-9.419252239211208799e-01
4.235839151185866874e-02,4.251390897243015332e-02,4.165534259592450217e-02,4.185264907325175754e-02,4.223532151581146921e-02,4.026858127218478633e-02,4.219901942044574500e-02,4.320724262155942186e-02,4.124792188368341106e-02,4.194681684947768746e-02
4.830280847708256498e-01,1.020629666213778153e+00,4.883419764990233891e-01,1.025334103426269294e+00,4.854725509031590502e-01,4.998423828191294049e-01,4.839456066085552899e-01,4.763483125171216193e-01,1.029741774392735065e+00,1.024770828844247639e+00
-1.196097846784234031e+00,-8.360919113904380362e-01,-1.192642709120556255e+00,-8.330654787412193896e-01,-1.194340128267837642e+00,-1.185204887364915693e+00,-1.195430708265929010e+00,-1.200439399819249298e+00,-8.302195737510443818e-01,-8.333965925112537532e-01
-9.446239849966078239e-01,-9.443939221413175655e-01,-9.457017458897266637e-01,-9.453947451278660319e-01,-9.448165218970614454e-01,-9.477916542603073147e-01,-9.448635632697720554e-01,-9.433515964703235168e-01,-9.463063392785668881e-01,-9.452476006228811567e-01
1.076911662393141705e-01,1.078164334879483377e-01,1.071279491333290701e-01,1.072854698230705228e-01,1.075926417634108928e-01,1.060138837048709148e-01,1.075631786757443309e-01,1.083735124968416980e-01,1.067995254881903833e-01,1.073606810997068534e-01
5.179968567835706583e-01,1.046620081598889307e+00,5.232238453734929795e-01,1.051252364422275765e+00,5.204004904699808254e-01,5.345460697580839415e-01,5.188967231455545726e-01,5.114225194309931499e-01,1.055593476293647637e+00,1.050697595746955759e+00
-1.130109187129243242e+00,-8.399739161793552400e-01,-1.127336529387542585e+00,-8.375468834272656871e-01,-1.128677513209219274e+00,-1.121367659761783209e+00,-1.129566197948774553e+00,-1.133595002042730560e+00,-8.352627468391933263e-01,-8.378084736487181328e-01
-9.497032440712218637e-01,-9.494756367752296145e-01,-9.507672914819282894e-01,-9.504642986194592469e-01,-9.498929737969374898e-01,-9.528316798540658050e-01,-9.499395701284774063e-01,-9.484464557789983319e-01,-9.513648944486664538e-01,-9.503189139819028242e-01
1.677944321677043438e-01,1.678924880543556375e-01,1.673579028263998958e-01,1.674795064161057612e-01,1.677185276832376393e-01,1.664906435831984277e-01,1.676948932714619478e-01,1.683261915974533784e-01,1.671011633860084999e-01,1.675375907546052812e-01
5.504674741085516798e-01,1.072218872330310546e+00,5.556260515261062238e-01,1.076795850659869824e+00,5.528335410234044289e-01,5.668125765965300600e-01,5.513527764473381554e-01,5.439720392467731758e-01,1.081085542667856059e+00,1.076247110160943654e+00
-1.072673930615819948e+00,-8.457469528882962662e-01,-1.070519486982306034e+00,-8.438633647543516414e-01,-1.071540436979186994e+00,-1.065881787657430468e+00,-1.072243309742900497e+00,-1.075385280922018127e+00,-8.420890560654209489e-01,-8.440622353289722879e-01
-9.557971981379129733e-01,-9.555700551781309837e-01,-9.568510033871278075e-01,-9.565504197740725134e-01,-9.559825727625430591e-01,-9.588985478471823143e-01,-9.560309088457628057e-01,-9.545501254204777908e-01,-9.574433488540767812e-01,-9.564060406783835289e-01
2.234450114664346676e-01,2.235186826929213000e-01,2.231233672888539576e-01,2.232126196702716725e-01,2.233902269336243696e-01,2.224795875562947112e-01,2.233712905895221534e-01,2.238405945910133255e-01,2.229318707864698379e-01,2.232552489789972339e-01
5.783838224383329729e-01,1.095499935605561692e+00,5.834921822714854711e-01,1.100039170856665693e+00,5.807132967200311358e-01,5.945883867993845273e-01,5.792573833866454525e-01,5.719383012471664918e-01,1.104293050704653112e+00,1.099493709820031473e+00
-1.023599571703876832e+00,-8.538554872596814116e-01,-1.022005154436603558e+00,-8.524645269392951974e-01,-1.022738112493081442e+00,-1.018573472339193264e+00,-1.023270639627843703e+00,-1.025610015345068904e+00,-8.511527500031786930e-01,-8.526067640098642375e-01
-9.614137095870787242e-01,-9.611839344365173954e-01,-9.624596010060747497e-01,-9.621594395421452228e-01,-9.615905627302158143e-01,-9.644987596526252149e-01,-9.616450413121444551e-01,-9.601699284065110529e-01,-9.630474082012647763e-01,-9.620151525125852920e-01
2.753954277358751090e-01,2.754471853690128591e-01,2.751782399808934132e-01,2.752382849493487660e-01,2.753603978757058757e-01,2.747373824334221615e-01,2.753451952149803539e-01,2.756675238518664361e-01,2.750463069403602523e-01,2.752669310292054083e-01
5.984197097374094332e-01,1.113120173033968374e+00,6.034934922183085027e-01,1.117638292093081187e+00,6.007088253206719353e-01,6.145442125090403440e-01,5.992836090654449777e-01,5.919941584187233818e-01,1.121870719744512357e+00,1.117093140235621673e+00
-9.824233071965086106e-01,-8.645438531543273575e-01,-9.813371616972762501e-01,-8.636004410786125574e-01,-9.818093011839452711e-01,-9.790007075160024330e-01,-9.821864824116368631e-01,-9.837975635356589477e-01,-8.627090925543389188e-01,-8.636913189752920550e-01
-9.637632671720222088e-01,-9.635260035434027870e-01,-9.648009996558025714e-01,-9.644988451858421685e-01,-9.639229202817626296e-01,-9.668387548235923834e-01,-9.639916280729438069e-01,-9.625161321567528017e-01,-9.653830503138611796e-01,-9.643535578752110426e-01
3.242158061177738415e-01,3.242474887705338871e-01,3.240938509472292561e-01,3.241272819733760358e-01,3.241986941353450780e-01,3.238382477508394697e-01,3.241869623750597840e-01,3.243751476930752942e-01,3.240163572752461363e-01,3.241431647758752921e-01
6.052907948520951376e-01,1.119458850888617185e+00,6.103387906011219499e-01,1.123968248392278824e+00,6.075271620050481935e-01,6.213811489730369786e-01,6.061455071099920433e-01,5.988578016660240921e-01,1.128188996713599401e+00,1.123420396537974320e+00
-9.481420730597553970e-01,-8.775575282786954867e-01,-9.475187465520150676e-01,-8.770225616056802620e-01,-9.477517063295883837e-01,-9.461820912945118067e-01,-9.479887640851449859e-01,-9.489351859680960066e-01,-8.765148893054013346e-01,-8.770664466360409417e-01
-9.579580231478231900e-01,-9.577058240463962591e-01,-9.589824253746972449e-01,-9.586754799371089986e-01,-9.580845812109389792e-01,-9.610218179781379044e-01,-9.581813203358886533e-01,-9.567015417271819144e-01,-9.595540606529289196e-01,-9.585279415638777722e-01
3.699807481048783542e-01,3.699930775506773961e-01,3.699454372483877429e-01,3.699541533588287523e-01,3.699780762910242493e-01,3.698601272197742373e-01,3.699712294704992077e-01,3.700359261989285553e-01,3.699173619670043656e-01,3.699581793022329035e-01
5.908749916951996362e-01,1.105433523866405698e+00,5.958916658279058698e-01,1.109936290570607387e+00,5.930320954933552269e-01,6.069413288542107043e-01,5.917179790312012688e-01,5.844168980020276738e-01,1.114144549355873259e+00,1.109383162749639107e+00
-9.187502909933510375e-01,-8.916003211365126635e-01,-9.185493959514103857e-01,-8.914400615712916309e-01,-9.185586446162640195e-01,-9.181316297688367767e-01,-9.186725631570236139e-01,-9.190076630816820247e-01,-8.912839478297134299e-01,-8.914403519279938681e-01
-9.360451353909190475e-01,-7.753821684788286817e-02,-9.370428247100331953e-01,-7.696356515140428955e-02,-9.361127206477618534e-01,-9.390786354306437378e-01,-9.362589048782763435e-01,-9.347759945196177922e-01,-7.642898285868515718e-02,-7.703002169603256899e-02
4.117215940476872671e-01,-1.234574817476750963e-01,4.117637361203385638e-01,-1.228604490320871490e-01,4.117263053591767030e-01,4.118355945036459298e-01,4.117289863211753831e-01,4.116791148019309787e-01,-1.223003033728627120e-01,-1.229268103030477510e-01
5.434780594017193378e-01,3.237996720945079954e-01,5.484320642739376472e-01,-6.414247328677634696e-01,5.455093383465430268e-01,5.594593505511493703e-01,5.443018296146733270e-01,5.370004984628221623e-01,6.795972762633093467e-01,3.071997844644890896e-01
-8.905417092138054880e-01,-9.461256641437696402e-01,-8.907246375780569769e-01,7.671859696745753077e-01,-8.905194516540101413e-01,-8.911546317553341590e-01,-8.905315735972275659e-01,-8.903012182364681282e-01,7.335854020463405956e-01,-9.516450453950628940e-01
-8.864963526116578230e-01,-1.975375856451560830e-01,-8.874426783190116907e-01,-8.885948285155750859e-02,-8.864693806902562701e-01,-8.894549864235774539e-01,-8.866931419739346731e-01,-8.852180524505168790e-01,6.544023698859152693e-02,-2.063940107061734142e-01
4.466573092173161674e-01,-8.693200410009750412e-01,4.467650941306309242e-01,-1.071212415615483138e-01,4.466564439085096705e-01,4.469807261454701863e-01,4.466782726992459263e-01,4.465223354188782579e-01,-6.525539342855452007e-02,-8.718707395012803563e-01
4.483710787395036590e-01,8.517319276719894638e-01,4.531913198040754542e-01,-5.579926217109341113e-01,4.502085327061242648e-01,4.640856894675006727e-01,4.491613649181177004e-01,4.419250681904471900e-01,6.770344600012919711e-01,8.502822841715629298e-01
-8.573415064425407017e-01,-5.239777890179668773e-01,-8.578652133949891123e-01,7.512956594433675139e-01,-8.574507473791279644e-01,-8.590700026966311409e-01,-8.573897776270077431e-01,-8.566397512427458283e-01,7.359513163047940454e-01,-5.263269299817266988e-01
-7.958766599906923478e-01,-3.470702656681340370e-01,-7.967365972381958983e-01,-1.063841548848609569e-01,-7.957200697461035421e-01,-7.986838876605750759e-01,-7.960469019487002029e-01,-7.946064479430781091e-01,7.142381929488017533e-01,-3.562885047918347703e-01
4.696199742797885213e-01,-7.744161810708268812e-01,4.697769546596263224e-01,-9.074317320870881054e-02,4.695942002841465013e-01,4.701190208629560940e-01,4.696497914619116587e-01,4.693985293752748200e-01,-7.805556785368150674e-02,-7.760807495060609851e-01
2.919836793639251082e-01,7.479955754419638225e-01,2.965510064248511046e-01,-4.185250208868074306e-01,2.935516015115386956e-01,3.070832868968643714e-01,2.927197194864564755e-01,2.856931511992896189e-01,4.358139329152002084e-01,7.461275412558399101e-01
-8.104490795353918031e-01,-5.372411550428324301e-01,-8.112577295744733963e-01,7.221665908803356348e-01,-8.106418170884158725e-01,-8.131422531564975742e-01,-8.105442226008121587e-01,-8.093337765706279940e-01,9.000367858465482263e-01,-5.392625755850107838e-01
-6.552262146344539628e-01,-5.440847358155543878e-01,-6.559647407332681590e-01,-1.280849170974227569e-01,-6.549317141086687943e-01,-6.577825386933200402e-01,-6.553621479646193349e-01,-6.540025827318910467e-01,6.785538830436104174e-01,-5.535846681580181006e-01
4.739005706739152224e-01,-6.634778493896590357e-01,4.740861585378897125e-01,-7.307157622835691591e-02,4.738302708808619923e-01,4.745292211837728313e-01,4.739336560356694483e-01,4.736037094683239745e-01,-1.201319391503455625e-01,-6.642926304077463318e-01
7.207441575374182174e-02,5.904472335664980864e-01,7.623527933399470990e-02,-2.191128392695624871e-01,7.332689916795157026e-02,8.605092522531138099e-02,7.273409868389540955e-02,6.615045491236798414e-02,6.641740058645713152e-01,5.880555573102946854e-01
-7.409512657950851899e-01,-5.305693280510048737e-01,-7.419710112179248584e-01,6.714677709095658864e-01,-7.411772791412145622e-01,-7.443953887537883007e-01,-7.410795170742597859e-01,-7.394977029400450208e-01,7.687787282647710052e-01,-5.322255243963853744e-01
-4.705867004966091116e-01,-7.616366603789339607e-01,-4.711876599394888565e-01,-1.501328067193005156e-01,-4.702018636257410122e-01,-4.728017482590736176e-01,-4.706882410789285931e-01,-4.694684126530803137e-01,6.173362941269074922e-01,-7.711809186457871945e-01
4.549255073303579144e-01,-5.358365591482230350e-01,4.551206906977813826e-01,-5.430026812189212015e-02,4.548052797943172854e-01,4.556304145334536537e-01,4.549575668150778740e-01,4.545735025931758044e-01,-1.507478420469831326e-01,-5.358759746169765581e-01
-1.898838102186617416e-01,3.876850818910352325e-01,-1.862709571510282880e-01,2.268545531386900738e-02,-1.889207547362057316e-01,-1.775776205936453189e-01,-1.893145530258682763e-01,-1.951785172584511729e-01,9.153550151213709629e-01,3.847559080303584178e-01
-6.454278186677161466e-01,-4.994089291433385092e-01,-6.465738020554326893e-01,5.955087970990285973e-01,-6.456542745933100402e-01,-6.493494991148286433e-01,-6.455758638541247985e-01,-6.437465004883905495e-01,6.185313041349969065e-01,-5.006676238812184376e-01
-2.680627467988914159e-01,-9.569217203080301326e-01,-2.685395939467334347e-01,-1.675230569571197758e-01,-2.676832056351324818e-01,-2.698941952112943188e-01,-2.681391622691153276e-01,-2.671091235176450418e-01,5.350334558113307715e-01,-9.661766184040329053e-01
4.153033733927360416e-01,-4.003980078393139519e-01,4.154988945240632447e-01,-3.565468757618466683e-02,4.151532873647846289e-01,4.160389106127302949e-01,4.153338528394755480e-01,4.149242478737479312e-01,-1.687334275330800992e-01,-3.997841370716485043e-01
-4.490093739442937437e-01,1.695705233922089328e-01,-4.460174174676470038e-01,2.668229241059381085e-01,-4.482438294622258512e-01,-4.387473059332744341e-01,-4.485307214591274239e-01,-4.534601447974020427e-01,1.139603815713457813e+00,1.662107028275358056e-01
-5.313728019954323534e-01,-4.472059190569420140e-01,-5.325704274026993312e-01,5.005474364302943124e-01,-5.315995475688155558e-01,-5.354988010139920540e-01,-5.315316691949096839e-01,-5.295892790692793284e-01,4.597443966513020119e-01,-4.480658105870058971e-01
-8.221650137539482373e-02,-1.094719887356265131e+00,-8.260031174840165580e-02,-1.769916135557442483e-01,-8.192992041557342620e-02,-8.368192994031847798e-02,-8.228008205416342813e-02,-8.145828988169881435e-02,4.450272609923915379e-01,-1.103395127403785203e+00
3.656362845837181630e-01,-2.711178296476562388e-01,3.658351224617484299e-01,-1.862986347746996632e-02,3.654933300458647061e-01,3.663793699687059591e-01,3.656682841199394018e-01,3.652558852064968775e-01,-1.770970540279699912e-01,-2.699857809898986161e-01
-6.598353440300157580e-01,-2.649123333359956756e-02,-6.574475843808811337e-01,4.707226007198658246e-01,-6.591739780781651348e-01,-6.516676710768458669e-01,-6.594374823255616525e-01,-6.633738392669052963e-01,1.296428730518295769e+00,-3.009769667770861856e-02
-4.147817149614345666e-01,-3.857514152695624698e-01,-4.159883812088087107e-01,4.011829151414251782e-01,-4.150320266669020874e-01,-4.189285228944962247e-01,-4.149483214171214573e-01,-4.129914786204280652e-01,3.085702097060577520e-01,-3.862487425467971414e-01
6.388435735067909960e-02,-1.166749806694822533e+00,6.356550441494711323e-02,-5.406382201498338702e-02,6.404485278133523196e-02,6.272923981082505207e-02,6.382574192146299452e-02,6.445599715221890513e-02,3.615662256024035903e-01,-1.174702321404722749e+00
3.188694708620887774e-01,-1.572444584528231992e-01,3.190823709656472329e-01,2.156583474106410769e-01,3.187669722793576854e-01,3.196239841811679971e-01,3.189073933887403567e-01,3.185006854759542816e-01,-1.822338314627974243e-01,-1.556839656759775314e-01
-8.019251635378389365e-01,-1.770467225083787177e-01,-8.000614909702999933e-01,-6.518615139196544117e-01,-8.013234412797932693e-01,-7.956147482941906546e-01,-8.015958589115905752e-01,-8.046368230911172814e-01,1.376812124785556479e+00,-1.807222699489368922e-01
-3.101152584345718277e-01,-3.286692055160419512e-01,-3.113284941834118524e-01,7.583380292919353893e-01,-3.104135940995493836e-01,-3.142447287979727166e-01,-3.102912402245420198e-01,-3.083478533526471943e-01,1.755139252090359148e-01,-3.288564530362770855e-01
1.665504544778109719e-01,-1.187653806242254140e+00,1.662799875965629004e-01,-1.882526556971099441e-01,1.666014464795107508e-01,1.656413112336695970e-01,1.664947084138118649e-01,1.669695864184802536e-01,9.179427832877660176e-01,-1.194884999142908244e+00
2.843494909603960785e-01,-5.792011360407356424e-02,2.845911369066631003e-01,9.404270377514567514e-01,2.843073523556688409e-01,2.851435386855969423e-01,2.843975799328899989e-01,2.839890976184345495e-01,-2.525981341066791397e-01,-5.593152092748175652e-02
-8.824070093388205471e-01,-2.799256252171539727e-01,-8.809657754315248779e-01,-9.987861998399318875e-01,-8.818623014166506735e-01,-8.775881885053198328e-01,-8.821352216675910629e-01,-8.844562294537842151e-01,3.113374853185613134e-01,-2.835522059916528725e-01
-2.229068068763125632e-01,-2.850534759548844499e-01,-2.241615941807182377e-01,-4.925573072554607912e-02,-2.232697992548560995e-01,-2.271278431856014191e-01,-2.230975984242511145e-01,-2.211203543609923661e-01,9.502994108361398906e-01,-2.849688626233479738e-01
2.347216372687735420e-01,-1.178327675129613450e+00,2.344921613032532326e-01,5.196064761545626798e-02,2.346996448934031143e-01,2.340043100563130030e-01,2.346698286972642156e-01,2.350268289200662664e-01,8.359918529987245828e-01,-1.184915137849629208e+00
2.668396004015512468e-01,3.652381208047719013e-02,2.671295548535101427e-01,9.408781113425566112e-01,2.668694825398287285e-01,2.677243437332412768e-01,2.669025027755244639e-01,2.664708903634023240e-01,-3.210671863734247955e-01,3.905366669905549482e-02
-9.207186960760809225e-01,-3.459663789482636531e-01,-9.196077863072538161e-01,-9.910813803323241800e-01,-9.202416713657908254e-01,-9.170434370170894578e-01,-9.204951457300425410e-01,-9.222690792164427442e-01,5.439416681458608682e-01,-3.494873920535472855e-01
-1.499618278742131106e-01,-2.586345881046814843e-01,-1.513281662634511915e-01,3.017857848247543912e-02,-1.504046044842541341e-01,-1.545153181774505113e-01,-1.501773622984297618e-01,-1.480521892023216046e-01,9.112961897521761889e-01,-2.582794990275730784e-01
2.806840102777576895e-01,-1.154104112623102196e+00,2.804940257965798933e-01,2.254319495333307333e-01,2.806247371562296533e-01,2.801230124556715051e-01,2.806382437672891861e-01,2.809057207941642043e-01,7.641621455071685443e-01,-1.160129809652740152e+00
2.689572450046359697e-01,1.418255665452879399e-01,2.693242106524848523e-01,1.015793062159702664e+00,2.690723976469829859e-01,2.700117745350004705e-01,2.690415709191078530e-01,2.685521129629599990e-01,-4.207206037396530318e-01,1.451485469911854287e-01
-9.348568148705231895e-01,-3.887418735487876975e-01,-9.340100142582289378e-01,-9.708095531539040479e-01,-9.344555483482532843e-01,-9.320737888288799233e-01,-9.346745454544346243e-01,-9.360271968346913773e-01,7.046144400703907573e-01,-3.921373923363415392e-01
-8.273179193246191221e-02,-2.504445312015243785e-01,-8.431981436525524953e-02,1.187054064705632822e-01,-8.327826404012783623e-02,-8.799839877203001481e-02,-8.298846002694255930e-02,-8.053314728945606960e-02,9.410917567297295561e-01,-2.497681499734262234e-01
3.152616078154671930e-01,-1.121269115721405862e+00,3.151150776304788570e-01,3.653350942880687624e-01,3.151941560992285174e-01,3.148443100777710280e-01,3.152245639797414678e-01,3.154177915709123203e-01,6.966082463574385653e-01,-1.126765757037895499e+00
2.938450946342719972e-01,2.791577615104623433e-01,2.943327658149307857e-01,1.189560892010284476e+00,2.940682590317287293e-01,2.951879386031596719e-01,2.939611583558407459e-01,2.933624811652283393e-01,-5.745148916107489789e-01,2.837085522603147170e-01
-9.359710362762736491e-01,-4.195002699952403158e-01,-9.353560998996823805e-01,-9.432750302713394097e-01,-9.356500641318357125e-01,-9.339574319537619074e-01,-9.358266952306609765e-01,-9.368197317949711334e-01,8.286489278329515207e-01,-4.227587026440310924e-01
-9.468804015652726447e-03,-2.615028448258959193e-01,-1.144382070690287689e-02,2.341190518532008658e-01,-1.016126934164827966e-02,-1.601405388557756992e-02,-9.792521457552022524e-03,-6.736774036593132231e-03,1.054856361954174204e+00,-2.603858624729137317e-01
3.469432368907179876e-01,-1.077772085561830462e+00,3.468513441544539000e-01,5.021607189709633712e-01,3.468922309236437407e-01,3.466837769061960062e-01,3.469187216724541889e-01,3.470384750381821926e-01,6.222958205230186834e-01,-1.082682959858828786e+00
3.467850195306511063e-01,4.762283625169627665e-01,3.474586118012658598e-01,1.498121689632459175e+00,3.471530900824972843e-01,3.485906379479197792e-01,3.469485046548427265e-01,3.461658115707793582e-01,-8.137520168508265428e-01,4.826903649653532247e-01
-9.282566899838445851e-01,-4.463799937942080076e-01,-9.278814934495839273e-01,-9.067694912992569911e-01,-9.280229449657267926e-01,-9.270350065078393209e-01,-9.281522556885680730e-01,-9.287758105789154506e-01,9.452112029256698467e-01,-4.494743139124042219e-01
8.444072504389915634e-02,-2.942933529652287383e-01,8.183433860908281843e-02,3.997039286504028288e-01,8.353119240235294674e-02,7.578935650353813003e-02,8.401028823700090742e-02,8.806041522947639921e-02,1.276405464905256970e+00,-2.925260867866815162e-01
3.825865099503809041e-01,-1.014933947287954386e+00,3.825701474171561145e-01,6.650454269446420819e-01,3.825758255082268855e-01,3.825304423901819684e-01,3.825802627109652354e-01,3.826115417657844908e-01,5.258208290536717788e-01,-1.019079408634972594e+00
4.354994320021964294e-01,7.678292274903667503e-01,4.364509696569701669e-01,1.990345471022684443e+00,4.360637359675375024e-01,4.380145123238230465e-01,4.357325459909163201e-01,4.346595417412102424e-01,-1.178904943367389047e+00,7.772056422739596071e-01
-9.105259432045628154e-01,-4.752694375628973011e-01,-9.104455634825356913e-01,-8.540093623407162271e-01,-9.103965248092230622e-01,-9.102820522633678912e-01,-9.104706397492722258e-01,-9.106361065849272185e-01,1.079364393428054791e+00,-4.781384656255862620e-01
2.166391997285980475e-01,-3.530047181674884627e-01,2.130510500315154487e-01,6.446945513152444462e-01,2.153998977586177865e-01,2.047062672162078545e-01,2.160438193667232332e-01,2.216450857533178165e-01,1.639324938442890067e+00,-3.502625248718254647e-01
4.280878859538661541e-01,-9.195202032752617383e-01,4.281791938703011224e-01,8.827430881228177650e-01,4.281423154577643220e-01,4.283154951924474929e-01,4.281080579535992414e-01,4.280188519874487674e-01,3.886060292750240230e-01,-9.225740782860756273e-01
5.686279790587509542e-01,1.192384765550322800e+00,5.699756103607827029e-01,2.720567347368222144e+00,5.694465387267712009e-01,5.721754861895670397e-01,5.689589244622799136e-01,5.674532304067405608e-01,-1.714776695737707524e+00,1.206028199396154577e+00
-8.779943552309554811e-01,-5.106674061789762131e-01,-8.783175144486595753e-01,-7.738800913157574124e-01,-8.780042328924290151e-01,-8.790933052450095042e-01,-8.780063388077260500e-01,-8.775405748514971682e-01,1.253890512221199849e+00,-5.132026858967941862e-01
4.065453124667883222e-01,-4.423681194569348829e-01,4.015037757169159227e-01,1.001375380604103249e+00,4.048079747611250112e-01,3.897655544035996122e-01,4.057049907355270713e-01,4.135934567030243869e-01,2.181057158461184198e+00,-4.381979553256583615e-01
4.881320544444706089e-01,-7.772793291397894766e-01,4.883725670650352901e-01,1.180486979125590530e+00,4.882744675978219484e-01,4.887546712980067043e-01,4.881887096909410251e-01,4.879308369037246851e-01,1.924459565990078447e-01,-7.787745642338744778e-01
7.514487727702676700e-01,1.780150828220504744e+00,7.533223135057710573e-01,3.726289309661049653e+00,7.525657364520298431e-01,7.563989859190867193e-01,7.519076307417575933e-01,7.497985100051500762e-01,-2.454970919016665754e+00,1.799665325370610303e+00
-8.244218043791005091e-01,-5.557813277177907629e-01,-8.253097668411606413e-01,-6.544110075265797688e-01,-8.246299127617030544e-01,-8.273976122057070670e-01,-8.245285644305515582e-01,-8.231808907995602498e-01,1.487676760734855552e+00,-5.578247100655205903e-01
6.704569087020659790e-01,-5.646027225276143424e-01,6.633939409281021105e-01,1.495165419714538091e+00,6.679901368447560550e-01,6.469739051872362978e-01,6.692728102396804379e-01,6.803114629477011732e-01,2.925867805498666208e+00,-5.584491030696659974e-01
5.646534838711289028e-01,-5.794067830102427319e-01,5.650861768261549178e-01,1.570548012326005827e+00,5.648966838601414686e-01,5.657949022935329086e-01,5.647565080181620178e-01,5.642722174966754434e-01,-7.285734695551768225e-02,-5.788028159574991616e-01
9.787829376446203211e-01,2.531115531655652173e+00,9.812893744873599777e-01,4.989602394260476359e+00,9.801964678514176743e-01,9.854706696691472034e-01,9.793926714872033257e-01,9.765119426649035983e-01,-3.393818934259541287e+00,2.558033979668784319e+00
-7.453211059902276059e-01,-6.116460705163956346e-01,-7.469672443083903435e-01,-4.882074119139867552e-01,-7.458108733969636139e-01,-7.508012680589081222e-01,-7.455566455204896137e-01,-7.430370819984322139e-01,1.789116859206933086e+00,-6.130083372901555805e-01
1.011774277073721917e+00,-7.146020048527936819e-01,1.002125765836472615e+00,2.126051535573916240e+00,1.008299521385065178e+00,9.797926302289817757e-01,1.010144216283377361e+00,1.025150263423244779e+00,3.856088861439051385e+00,-7.059076833538314721e-01
6.546486245895218881e-01,-3.309991712853700419e-01,6.553039535724290987e-01,2.039293348770094827e+00,6.549857823554887659e-01,6.564088088832028545e-01,6.548042538950258340e-01,6.540412705374263336e-01,-3.993275930861656109e-01,-3.278287367641474770e-01
1.228502962995140058e+00,3.391363673725662942e+00,1.231678903728808727e+00,6.399738160446148072e+00,1.230139744171043770e+00,1.237098604155032922e+00,1.229267911476607189e+00,1.225506226002564425e+00,-4.457569781210414916e+00,3.426605310524573067e+00
-6.420438032486106561e-01,-6.758011131493022461e-01,-6.446250484522082491e-01,-2.795534262707459749e-01,-6.429109138319587524e-01,-6.505834724191420504e-01,-6.424408112553600114e-01,-6.384997983049247594e-01,2.146901469554554964e+00,-6.763090999457331831e-01
1.409814701276271398e+00,-8.758712326116213642e-01,1.397204942789154858e+00,2.848734206893829501e+00,1.405068227439744799e+00,1.368214877423490350e+00,1.407664178519224762e+00,1.427118674824756850e+00,4.885130838629221373e+00,-8.642594891592493278e-01
7.494572797882919080e-01,-5.556231125443988894e-02,7.503397169158573243e-01,1.489453217781535610e-01,7.498601038200208846e-01,7.518716398407720991e-01,7.496651001115609558e-01,7.485964508522251482e-01,1.298771023978202432e-01,-4.961157534572174788e-02
1.463039241279835423e+00,4.251264920749490805e+00,1.466818123710355914e+00,9.750962276795696049e-01,1.464765404461188192e+00,1.473437784977869702e+00,1.463938540883156669e+00,1.459304623088872210e+00,-3.618321604934809921e-02,4.294615085261962228e+00
-5.242573219204906820e-01,-7.420288301463827674e-01,-5.278687225194701460e-01,-9.846047770096015839e-01,-5.255807304379783718e-01,-5.361281266102726484e-01,-5.248356233895759004e-01,-5.193612242502972931e-01,6.713242738111343533e-01,-7.415885527121645060e-01
1.817621438823586955e+00,-1.022200042577478429e+00,1.802061549367443449e+00,1.747954035147162855e-01,1.811461635578993201e+00,1.766581082038663153e+00,1.814940241324917158e+00,1.838709114903280817e+00,7.411637601717673274e-01,-1.007666533505915174e+00
8.375340021302013493e-01,2.114847597503268783e-01,8.386188486928969343e-01,2.093779896006080221e-01,8.379639881129585799e-01,8.405548125115321900e-01,8.377867999524126752e-01,8.364238160151653556e-01,7.913456096229445347e-01,-2.707063437826670582e-01
1.642938638702864829e+00,4.982829526526813879e+00,1.647161789037178359e+00,1.127719050611663221e+00,1.644612206506657293e+00,1.654754153880456657e+00,1.643931138390698488e+00,1.638571723474456787e+00,1.766125126339498363e-01,9.404161443299974277e-02
-4.075256902680678417e-01,-8.024471864245128483e-01,-4.121355264750592995e-01,-9.686954698654306473e-01,-4.093335897197030726e-01,-4.225846361923077943e-01,-4.082831929803957260e-01,-4.013562850030553131e-01,2.357465062485365748e-01,2.583944133627780748e-01
2.177452826367804128e+00,-1.127345709032392396e+00,2.159415191451657723e+00,2.968796413427554626e-01,2.169955026739889714e+00,2.118626981386320107e+00,2.174313136841510730e+00,2.201586673152698292e+00,9.718145835454461423e-01,-9.660395059949182794e-01
9.094716257730386388e-01,-2.533001409264799553e-01,9.107146477256242711e-01,2.600599389255767724e-01,9.098963153868209197e-01,9.129857926612843233e-01,9.097582627976390501e-01,9.081469742474448381e-01,7.965131199932455885e-01,-2.654287108740673307e-01
1.744065697885936794e+00,9.328637271688422494e-02,1.748532567021481077e+00,1.229381026165554447e+00,1.745590359355194243e+00,1.756747501564376979e+00,1.745103437353303644e+00,1.739262582523120493e+00,1.253763240128201173e-01,1.280280641906930417e-01
-3.066420855274431534e-01,2.789488347951138980e-01,-3.121009744074904058e-01,-9.516166205584928317e-01,-3.088975078926516904e-01,-3.243786979099809731e-01,-3.075548964321129786e-01,-2.994208187119670739e-01,2.792080485802292400e-01,2.133850504667044179e-01
2.445836067379287826e+00,-9.603059655997396860e-01,2.426128491039396984e+00,4.142779345770926658e-01,2.437294368375213960e+00,2.381895652379235173e+00,2.442374930229898045e+00,2.471900941366165227e+00,1.054482337334464281e+00,-1.091864800344818587e+00
9.613043844822506401e-01,-2.497805154192221377e-01,9.626563634705980199e-01,2.975141239411169813e-01,9.617058253776860077e-01,9.651725166712099568e-01,9.616133596329107247e-01,9.598176627018234486e-01,7.984232015197595400e-01,-2.608035131595385914e-01
1.764499380520405225e+00,1.198753573328281974e-01,1.769021220653137050e+00,1.275872663834954901e+00,1.765839678692494141e+00,1.777488209180645651e+00,1.765539938834839173e+00,1.759485722651724426e+00,6.508625086420585792e-02,1.575719840569740349e-01
-2.300278638482446958e-01,2.484913331603640363e-01,-2.361231557831346417e-01,-9.364187340411098681e-01,-2.326448561486785249e-01,-2.497472628086464530e-01,-2.310592261938461123e-01,-2.220407105809134585e-01,3.111839409995623695e-01,1.790224262491714458e-01
2.608114058725260254e+00,-1.037355788108534682e+00,2.587638308009259980e+00,5.177143207774848044e-01,2.598942898297362802e+00,2.541958677107666986e+00,2.604491538847814258e+00,2.634940612298072082e+00,1.089582264799930034e+00,-1.170671441428898341e+00
9.941367370791083236e-01,-2.470614029523858779e-01,9.955540705513817867e-01,3.218511420956793878e-01,9.945096798676325012e-01,9.982275624074335996e-01,9.944583880404608278e-01,9.925422217077756182e-01,7.984467575957434615e-01,-2.573356281589695427e-01
1.718373269246211699e+00,1.424027397427500286e-01,1.722802974271616439e+00,1.274837072476183941e+00,1.719535893972821583e+00,1.731208304554113120e+00,1.719385284953021564e+00,1.713350167312750472e+00,1.234408327163247221e-03,1.816792199799761309e-01
-1.789286917467045046e-01,2.279365900140317147e-01,-1.854444569476094984e-01,-9.248995886797157784e-01,-1.818036499384157456e-01,-1.999406007097908611e-01,-1.800399346235773690e-01,-1.704518662727254330e-01,3.318701580657428263e-01,1.559922408508279401e-01
2.674418507199056272e+00,-1.076473214861628280e+00,2.653966517230539335e+00,6.034031555011553083e-01,2.665030690165292260e+00,2.608549016562385692e+00,2.670779214624922737e+00,2.701022037022316358e+00,1.084019198324262634e+00,-1.206529662454100649e+00
1.011737507594189234e+00,-2.453213445071926180e-01,1.013186385153618696e+00,3.352495257713059007e-01,1.012083583132653786e+00,1.015945181973003875e+00,1.012064623014485854e+00,1.010081424372259562e+00,7.977752115731910898e-01,-2.551663976407238521e-01
1.625364949641009193e+00,1.608293732810647803e-01,1.629602211455203564e+00,1.238768238004517075e+00,1.626373718327495332e+00,1.637718310953682144e+00,1.626327989883428193e+00,1.620483482295752342e+00,-6.212264134994322645e-02,2.005936978762734024e-01
-1.500523513206014625e-01,2.161903747585758317e-01,-1.568062254442744163e-01,-9.176334932375160847e-01,-1.530894389936693356e-01,-1.717814133721894398e-01,-1.512101215279224309e-01,-1.413120311211255586e-01,3.432067543413900301e-01,1.429188093440999785e-01
2.666621416503366593e+00,-1.085674129613043659e+00,2.646783842212159676e+00,6.717980665443198385e-01,2.657351489808275069e+00,2.602878820921490366e+00,2.663075441725196058e+00,2.692290091134720509e+00,1.048713388078196029e+00,-1.208930055062403808e+00
1.018365887624704591e+00,-2.445481676189180387e-01,1.019822132445341367e+00,3.404390805566810396e-01,1.018688956084663921e+00,1.022612881127942241e+00,1.018693441583072401e+00,1.016683205355880970e+00,7.972364820059421042e-01,-2.542203547391698182e-01
1.503434109905386062e+00,1.756618959789529866e-01,1.507417679861867921e+00,1.179748286405373658e+00,1.504314328317054583e+00,1.515098107066574107e+00,1.504336224930888921e+00,1.498794239085825541e+00,-1.225969105891843436e-01,2.151342733287650855e-01
-1.385562038504513371e-01,2.114645980537408487e-01,-1.454106220782851733e-01,-9.144425141415533087e-01,-1.416790504549339524e-01,-1.605719779732221186e-01,-1.397349965510759628e-01,-1.297196368856093074e-01,3.475751909798291961e-01,1.376949194561474243e-01
2.607530069120744365e+00,-1.073672672497084424e+00,2.588696228383061460e+00,7.254094572870972701e-01,2.598613446234332880e+00,2.547114673235556737e+00,2.604151254054497322e+00,2.631807044269975027e+00,9.941107162773232808e-01,-1.187935296748309222e+00
1.017658181538688034e+00,-2.446463878822754678e-01,1.019105363097106753e+00,3.398569791138255636e-01,1.017962024545123523e+00,1.021891052780943276e+00,1.017982812661094583e+00,1.015973464770550505e+00,7.973312411959183610e-01,-2.543395299423885092e-01
1.366138461370890678e+00,1.875584632975113575e-01,1.369835366615634653e+00,1.107243632508281062e+00,1.366911017136076767e+00,1.376996241925295905e+00,1.366973570594253617e+00,1.361799203369357780e+00,-1.790535721438380190e-01,2.262221765378338578e-01
-1.398594776123616712e-01,2.120132860299349387e-01,-1.467178141578195649e-01,-9.148458464178764737e-01,-1.430124969919104594e-01,-1.618612168551973041e-01,-1.410412068049309298e-01,-1.310426133417270933e-01,3.470838920214054935e-01,1.383017231340596120e-01
2.515807687704292750e+00,-1.047758070761915850e+00,2.498206634974979412e+00,7.671980549521169035e-01,2.507392598911821313e+00,2.459417260080261514e+00,2.512640337922957379e+00,2.538432099359745564e+00,9.283409188983772209e-01,-1.151854119321563674e+00
1.012339421235648684e+00,-2.455047769831581739e-01,1.013766764179446112e+00,3.353793836554795904e-01,1.012627019948208140e+00,1.016522814587937473e+00,1.012658947239909901e+00,1.010669116219356845e+00,7.983386113943606865e-01,-2.553619325220036762e-01
1.222697349811588952e+00,1.971275378699089420e-01,1.226093576848649835e+00,1.027893656149895918e+00,1.223378021623035217e+00,1.232694384927210507e+00,1.223463204471617605e+00,1.218688773592967900e+00,-2.311105787476273321e-01,2.346607620219075263e-01
-1.503212339737659275e-01,2.164256962583582522e-01,-1.571187397850442313e-01,-9.183298421742286388e-01,-1.534662193161435706e-01,-1.721081206199834013e-01,-1.514936879369565559e-01,-1.416010757489768734e-01,3.433480521627691462e-01,1.431237769675079152e-01
2.404989329966434219e+00,-1.013302200025332889e+00,2.388736876754756544e+00,7.997991710777850871e-01,2.397158972085623674e+00,2.352969499415448418e+00,2.402056597746248912e+00,2.425835986820373602e+00,8.570752968207178135e-01,-1.106752711338307993e+00
