9.592402089510357888e-01,9.593026226306942128e-01,9.592869161573003289e-01,9.592461201976552054e-01,9.593259515086950406e-01,9.592304187378759561e-01,9.592944364961872861e-01,9.592969678869804895e-01,9.592361244586135038e-01,9.592719863742019681e-01
-4.808960492067113068e-01,-4.808928805064905387e-01,-4.808848093171828042e-01,-4.809015879592748455e-01,-4.808899088932218069e-01,-4.809057152039062921e-01,-4.808886185730359974e-01,-4.808968317773972823e-01,-4.808932338255615391e-01,-4.809008375719211470e-01
-3.618838069873528962e-01,-3.619972078108103508e-01,5.177618393694565224e-01,-3.619017425292639922e-01,5.176916820160206711e-01,5.178896014701046546e-01,5.177510471392121616e-01,5.177537694720200090e-01,-3.618726212427290090e-01,-3.619493916294235225e-01
9.527210715902667548e-01,9.527304112089463040e-01,8.875637817070397562e-01,9.527225617324348583e-01,8.875692551010030407e-01,8.875533976512297585e-01,8.875643752931323682e-01,8.875641202395060381e-01,9.527202070699406500e-01,9.527265521527753522e-01
8.890559040079619724e-01,8.891846816195461134e-01,8.891537697039717525e-01,8.890685230037315145e-01,8.891672435424825549e-01,8.890112332344876078e-01,8.891191748243973958e-01,8.890217994987490435e-01,8.890999621009681997e-01,8.891522607868966865e-01
-5.100330350962414272e-01,-5.100449522048362549e-01,-5.100339464508399923e-01,-5.100393094240436298e-01,-5.100374712293053170e-01,-5.100361319025845663e-01,-5.100316168192595701e-01,-5.100243731486011622e-01,-5.100373633233570292e-01,-5.100496176287320216e-01
-2.383300156444523865e-01,-2.385583335375269787e-01,6.241816830636137681e-01,-2.383607233793224589e-01,6.241501377129403672e-01,6.244342750443865331e-01,6.242341374130969678e-01,6.243867881031337497e-01,-2.384031065907139812e-01,-2.385095608267312484e-01
8.978718995276808723e-01,8.979067813603736070e-01,7.739241087113237771e-01,8.978759406461198633e-01,7.739281852337254186e-01,7.738858375397610345e-01,7.739157846009320219e-01,7.738926811790515226e-01,8.978829691708239968e-01,8.978991000567814185e-01
7.842344156984473180e-01,7.844063773061432654e-01,7.843907585422238427e-01,7.842345399314463172e-01,7.841332314644988699e-01,7.840565267039349973e-01,7.841482875323914081e-01,7.836125734317691549e-01,7.844975431374352492e-01,7.844699780833134239e-01
-5.261148172072018792e-01,-5.261460177263225235e-01,-5.261361727169907576e-01,-5.261174164975636058e-01,-5.260806403280150478e-01,-5.260853953207135225e-01,-5.260861699865106988e-01,-5.259763664193837229e-01,-5.261699979607850075e-01,-5.261678766512817296e-01
-7.294483839209803255e-02,-7.323802972076104423e-02,7.546905143771386326e-01,-7.295673309841232967e-02,7.549967257925640496e-01,7.551734241637876321e-01,7.550008164847782366e-01,7.556965157042290215e-01,-7.336275765396091386e-02,-7.334343604017071194e-02
8.300930820785262787e-01,8.301586866907462170e-01,6.554356948279159711e-01,8.300926616990009776e-01,6.553672994092303306e-01,6.553298963143548983e-01,6.553678179674958804e-01,6.552160183327526699e-01,8.301842435763654438e-01,8.301797298377984191e-01
6.462265316267199466e-01,6.463852152869468126e-01,6.464531988956473407e-01,6.461747659497881768e-01,6.455043180827378935e-01,6.457457001381080586e-01,6.457291951150608833e-01,6.441997967864555585e-01,6.469849506641418557e-01,6.467112204306336709e-01
-5.262613785301619718e-01,-5.263026285177603292e-01,-5.263146660991129266e-01,-5.262453244150560039e-01,-5.260418801255252186e-01,-5.261327643614542859e-01,-5.261106484399424854e-01,-5.256793819179561567e-01,-5.264764462832176584e-01,-5.264011434924729116e-01
1.229693118329715507e-01,1.227008849918053146e-01,8.940740063096024315e-01,1.230303354671343635e-01,8.950750610563987797e-01,8.949185683151829052e-01,8.948655823805243825e-01,8.965527446526049271e-01,1.218521075621394473e-01,1.222209081263304631e-01
7.470736289053215851e-01,7.471547430371351384e-01,5.318317665190538390e-01,7.470480032231140433e-01,5.315418627290176001e-01,5.315888916582529600e-01,5.316054410865219682e-01,5.311221622194540748e-01,7.473935779415241676e-01,7.472867507643293772e-01
4.858755922065476351e-01,4.859494373604893447e-01,4.862012322798276442e-01,4.857326808572132171e-01,4.840984119107395456e-01,4.849012579025703262e-01,4.847041892732487645e-01,4.815948251005610636e-01,4.874045553762484384e-01,4.867322535254740012e-01
-5.108322302030270379e-01,-5.108580874172352626e-01,-5.109392393507434793e-01,-5.107729019587107233e-01,-5.101774866085628801e-01,-5.104900495187635334e-01,-5.104040162502594402e-01,-5.092898367615795729e-01,-5.113811688673995937e-01,-5.111407135789863831e-01
3.275104577443176401e-01,3.273596249353681875e-01,1.021688142958115275e+00,3.276864276423797073e-01,1.023582327906894296e+00,1.022970965562501000e+00,1.023072724769731101e+00,1.025967853640890048e+00,3.254262541821322796e-01,3.263000933844190099e-01
6.516095890176724081e-01,6.516724250167870158e-01,4.068784382902958519e-01,6.515297158071942096e-01,4.061903059659902615e-01,4.064142577960735969e-01,4.063806117896215930e-01,4.053369281871856411e-01,6.523607418185990436e-01,6.520430928978165896e-01
3.210177243280735171e-01,3.209602248391921209e-01,3.215056877984862616e-01,3.207783750606668094e-01,3.179511894016574525e-01,3.194173090820856542e-01,3.190607029269528772e-01,3.140276798787418056e-01,3.234390637891190190e-01,3.223583110181317268e-01
-4.845647884150858231e-01,-4.845435220205916438e-01,-4.847744326015464011e-01,-4.844400084869217027e-01,-4.831767737110181371e-01,-4.838581273267928973e-01,-4.836868728167263431e-01,-4.814422483363144378e-01,-4.856453221332239223e-01,-4.851622563102973018e-01
5.150729941901881492e-01,5.150832289445698153e-01,1.119080331924476202e+00,5.153546488390550184e-01,1.121745265004333580e+00,1.120757165659262533e+00,1.120958737171255493e+00,1.124846913181447583e+00,5.120194485346181157e-01,5.133423550898386090e-01
5.513003531896125686e-01,5.513103242509023172e-01,2.866698264040865585e-01,5.511465386140104172e-01,2.854700218786088151e-01,2.859168396358985897e-01,2.858318203470330277e-01,2.840924256098541489e-01,5.526657536413790428e-01,5.520695332250082910e-01
1.693681778329906018e-01,1.691870937002988018e-01,1.701086709039960343e-01,1.690763097814787785e-01,1.651094296406499240e-01,1.671240746417582967e-01,1.667428193269679948e-01,1.598548294924244106e-01,1.725729669591201942e-01,1.712685425943990258e-01
-4.554182160649634103e-01,-4.553292446346876021e-01,-4.558257256939572954e-01,-4.552239544479050326e-01,-4.530232334694329621e-01,-4.541757059849038103e-01,-4.539558678656359647e-01,-4.501192652100688973e-01,-4.572028959922715408e-01,-4.564739163425983182e-01
6.666774563124198139e-01,6.668216535304302139e-01,1.177546975491816195e+00,6.670019601224510541e-01,1.180563632980866640e+00,1.179429772931523068e+00,1.179633609017929130e+00,1.183922653473381326e+00,6.629397401172076876e-01,6.644472704983012123e-01
4.552828233445074257e-01,4.552251227228696906e-01,1.760312110478892689e-01,4.550596499577836962e-01,1.743377417911772254e-01,1.749760777475216078e-01,1.748698297372146271e-01,1.724760795776594802e-01,4.573671343357620378e-01,4.565196785640435184e-01
4.196152812354818351e-02,4.171075829154449743e-02,4.302554607456451907e-02,4.168900519491809675e-02,3.688124606667572691e-02,3.917677039463791921e-02,3.895199650305819494e-02,3.065266504216027088e-02,4.566613429182332651e-02,4.442947286465079304e-02
-4.320860378115920497e-01,-4.319310540976213364e-01,-4.328421612192618340e-01,-4.318424649673236471e-01,-4.284546693120184768e-01,-4.301169717547298488e-01,-4.299571329512584250e-01,-4.240645409699214108e-01,-4.347135189028584201e-01,-4.338325478125471535e-01
7.758767277016197506e-01,7.760859365449945813e-01,1.199698926853193903e+00,7.761676331250743077e-01,1.202536577363485071e+00,1.201492493553555363e+00,1.201647636576216538e+00,1.205626881549171969e+00,7.718814308718978667e-01,7.732626221215819218e-01
3.703376598794198005e-01,3.702227302531981845e-01,7.544903003725211832e-02,3.700712050723806712e-01,7.341919971778264331e-02,7.416764767695166460e-02,7.406704147067724731e-02,7.123714649231040197e-02,3.731747514915508823e-01,3.721853316681489332e-01
-5.874913774638543945e-02,-5.900178230994768125e-02,-5.735581290881642397e-02,-5.893794939594016596e-02,-6.417257572045909075e-02,-6.188631922839660238e-02,-6.182128837565339236e-02,-7.088758230868555388e-02,-5.488210727895914687e-02,-5.579399267560505166e-02
-4.222606678643878730e-01,-4.220641478144734893e-01,-4.235780421377964289e-01,-4.220079893296888041e-01,-4.171531275353558832e-01,-4.193289644776924119e-01,-4.194014166380661268e-01,-4.109020159281386864e-01,-4.258779220473329907e-01,-4.250215869393381696e-01
8.471738440183034236e-01,8.473825880744363381e-01,1.194976050114613164e+00,8.473819340800836653e-01,1.197199639375864599e+00,1.196371879222186241e+00,1.196513310964965493e+00,1.199624456929789806e+00,8.433128411110459854e-01,8.443707842108387762e-01
2.989352487408757364e-01,2.987886145069936772e-01,-1.992906753251991181e-02,2.986575920908635662e-01,-2.203103587400186136e-02,-2.124635129473372019e-02,-2.136819730977135290e-02,-2.428995832597261040e-02,3.025518903793411041e-01,3.015511759905805667e-01
-1.368161430043254301e-01,-1.370166961207662237e-01,-1.351662314779367435e-01,-1.368851948244899086e-01,-1.421283668348292117e-01,-1.400742308315933993e-01,-1.396828577207053224e-01,-1.488307982638336080e-01,-1.330919745488725048e-01,-1.335402308279990402e-01
-4.325783245160612633e-01,-4.323861627123052331e-01,-4.347571879472889589e-01,-4.323743907409138831e-01,-4.256471754464839496e-01,-4.283488765889759686e-01,-4.288902616918685573e-01,-4.169830292591085175e-01,-4.374072618098080456e-01,-4.368279943960278189e-01
8.903916852760196399e-01,8.905634878039678792e-01,1.173521540244304218e+00,8.905061936131903888e-01,1.174910057425097687e+00,1.174303738454064439e+00,1.174516380029097640e+00,1.176493343317694062e+00,8.869348198206183920e-01,8.876293465408786609e-01
2.394750675870525869e-01,2.393237731671734592e-01,-1.198747230965759164e-01,2.392108321373712376e-01,-1.217035638225823363e-01,-1.208992939267473504e-01,-1.211672143890854536e-01,-1.237475475692257076e-01,2.439662785288977676e-01,2.430542167975608958e-01
-1.996410744859275499e-01,-1.997625317326006678e-01,-1.978813928906979491e-01,-1.995862422146708060e-01,-2.044453978708026531e-01,-2.027612234408972536e-01,-2.021061534122596814e-01,-2.106536947866334275e-01,-1.963179992639761950e-01,-1.962973872008317855e-01
-4.697417903580138887e-01,-4.696269547376439313e-01,-4.732237671173872284e-01,-4.696701587738724148e-01,-4.604329535369633963e-01,-4.637099728934363507e-01,-4.650503201220759775e-01,-4.484848535189367991e-01,-4.761414586208715383e-01,-4.762004699913350292e-01
9.154606437161670884e-01,9.155886819460603565e-01,1.141899973409624458e+00,9.154974771085623297e-01,1.142464229315797830e+00,1.142017686130227361e+00,1.142367639471053575e+00,1.143242419722585224e+00,9.125670988380413240e-01,9.129657688187883258e-01
1.874405135409315526e-01,1.873033580965271228e-01,-2.386038183203161300e-01,1.872003830205941077e-01,-2.397278595909660970e-01,-2.388272881621661958e-01,-2.395064522372383764e-01,-2.412137967754704182e-01,1.930311256183971924e-01,1.922524361199804965e-01
-2.557025163879297347e-01,-2.557500613612095908e-01,-2.540601292410445966e-01,-2.555511185827595289e-01,-2.596210802432916687e-01,-2.583818033436305339e-01,-2.576174023840154814e-01,-2.648179083880155549e-01,-2.530220479327948135e-01,-2.526581858753639831e-01
-5.419166205422842886e-01,-5.419909620795706484e-01,-5.473487990976639850e-01,-5.421013727104889712e-01,-5.293894964828386174e-01,-5.333397390639255109e-01,-5.359468701729052098e-01,-5.128350809507342678e-01,-5.504300620188368187e-01,-5.516544292483717138e-01
9.295700269893989454e-01,9.296651404780206240e-01,1.101373576103288787e+00,9.295546607632554359e-01,1.101322637933738191e+00,1.100976936385955840e+00,1.101447197793441468e+00,1.101496306250721036e+00,9.273486235899313090e-01,9.275566719926485737e-01
1.363880243168114070e-01,1.362680824286946202e-01,-3.948482350874595315e-01,1.361643060824783702e-01,-3.947377795749705820e-01,-3.935353208807893521e-01,-3.950763682937295518e-01,-3.952586044963186107e-01,1.434852674001357575e-01,1.428144481960834933e-01
-3.135623050003313872e-01,-3.135764534530440795e-01,-3.123631079929843901e-01,-3.133750218682846977e-01,-3.161762352639338469e-01,-3.154224628541492104e-01,-3.147944274180297652e-01,-3.197254130053814869e-01,-3.117882619503388186e-01,-3.113420201132874321e-01
-6.597434998154373398e-01,-6.601615081700418219e-01,-6.680068730510617669e-01,-6.603522760313951245e-01,-6.428088179461179941e-01,-6.475988988469434382e-01,-6.520924071891281981e-01,-6.197824641297448034e-01,-6.711391844411617180e-01,-6.742293986080751811e-01
9.364518613586529927e-01,9.365279298114655981e-01,1.047945463384314380e+00,9.364049693404934427e-01,1.047633627837471826e+00,1.047391601891230595e+00,1.047836718251756283e+00,1.047512546014093937e+00,9.350295636101603192e-01,9.351328412740138596e-01
7.846979051957275741e-02,7.834743259489493350e-02,-6.121530541736188713e-01,7.823091495846387633e-02,-6.102320664505503922e-01,-6.083696070648040299e-01,-6.114166771374599518e-01,-6.093554638041991378e-01,8.772012808888382529e-02,8.704400666150177712e-02
-3.817227679305399968e-01,-3.817753168927250917e-01,-3.813941580071295578e-01,-3.815891846026430168e-01,-3.825181856043686213e-01,-3.822890983551536226e-01,-3.821215935607257808e-01,-3.836009475862732776e-01,-3.811774584386585785e-01,-3.810230149703220937e-01
-8.365225367709187010e-01,-8.374473374074025145e-01,-8.486434018560435888e-01,-8.377204704116245626e-01,-8.135792359837221710e-01,-8.195258179215721972e-01,-8.265783931007311125e-01,-7.816671846955363101e-01,-8.518630113619383160e-01,-8.575065720943071401e-01
9.368335120438685548e-01,9.368957516920765061e-01,9.732277365490898946e-01,9.367612989531555190e-01,9.730699799249437065e-01,9.730261324459021921e-01,9.731707087896408481e-01,9.729999076151174542e-01,9.364166861298168776e-01,9.364456475483530218e-01
4.683938248531277493e-03,4.516665513497317153e-03,-9.185534026703214838e-01,4.375991711623714031e-03,-9.144053708029148408e-01,-9.114324612816311344e-01,-9.166776749467731022e-01,-9.118371323813267981e-01,1.702914036368885498e-02,1.615562479327836698e-02
-4.686915523044625220e-01,-4.688589735290409899e-01,-4.697004942894271728e-01,-4.686977022160782047e-01,-4.670079508936009205e-01,-4.674041731061228666e-01,-4.680277211867167053e-01,-4.646138836014122586e-01,-4.698056079120784267e-01,-4.702997040518178684e-01
-1.086590287255126963e+00,-1.088078121104804508e+00,-1.103396665401313870e+00,-1.088387702677958480e+00,-1.055573375357427235e+00,-1.063348222471509175e+00,-1.073345268754344328e+00,-1.012017173590210373e+00,-1.107352054461619550e+00,-1.115625843504497228e+00
9.292518976479322568e-01,9.292941944892835204e-01,8.656784977980485074e-01,9.291462647026955679e-01,8.659979103013409896e-01,8.662982566522952066e-01,8.658397974626075300e-01,8.662370847169432730e-01,9.301708085740491017e-01,9.301025474379648328e-01
-9.472489035741840646e-02,-9.497864924561361111e-02,-1.343838691540632180e+00,-9.514694843565661697e-02,-1.337705526251427246e+00,-1.333358366251117921e+00,-1.341035023316634600e+00,-1.333685897443961377e+00,-7.803824613725061921e-02,-7.926510810258427520e-02
-5.820786087773295314e-01,-5.823736554062861615e-01,-5.847290882563129788e-01,-5.822199044919760258e-01,-5.770929289373163407e-01,-5.783898533458082802e-01,-5.799434867417017081e-01,-5.701545296749489511e-01,-5.854473661528842854e-01,-5.865878745595353161e-01
-1.418274434278649299e+00,-1.420037564315060896e+00,-1.439566216924108133e+00,-1.420215355248522604e+00,-1.376886679778549727e+00,-1.387817316902478337e+00,-1.400109234105035183e+00,-1.319425776639887138e+00,-1.446353815306881119e+00,-1.455512463207432328e+00
9.109792072253979356e-01,9.109988263927862873e-01,7.131705675732314953e-01,9.108383970810784991e-01,7.138804338786087778e-01,7.145613027419319696e-01,7.134751036704701788e-01,7.143447697642882899e-01,9.136907741079594025e-01,9.135252215162780187e-01
-2.285595065074365606e-01,-2.288700414814293926e-01,-1.908614689560297561e+00,-2.290399075846448196e-01,-1.902607701523248984e+00,-1.897390472320919397e+00,-1.906140870073845806e+00,-1.898895288952445526e+00,-2.061189754377758809e-01,-2.074888991745392208e-01
-7.237832156533435812e-01,-7.240485943991064044e-01,-7.277884856324923213e-01,-7.238290058772667290e-01,-7.147831406844411539e-01,-7.175045322198607689e-01,-7.195801572925083489e-01,-7.027538927564873639e-01,-7.300436237920978622e-01,-7.309400910010742658e-01
-1.812661768959721753e+00,-1.813797125402954125e+00,-1.835798604493334985e+00,-1.813479697312913919e+00,-1.759908708259410481e+00,-1.775888323046925565e+00,-1.787743739481104877e+00,-1.689299328201890882e+00,-1.849454356385795917e+00,-1.854592689555157436e+00
8.798391056012055955e-01,8.798724818719891871e-01,5.112680887476663827e-01,8.797146341772812406e-01,5.111073800864227579e-01,5.118792348314880059e-01,5.109674858734052361e-01,5.107277911015078997e-01,8.848427471070209327e-01,8.847722380144440457e-01
-3.983390020980651647e-01,-3.984958427897096200e-01,-2.590897876474901551e+00,-3.985782804768007725e-01,-2.591775106168146436e+00,-2.587366916319689292e+00,-2.592669421906679705e+00,-2.594054882858047417e+00,-3.689798759739940648e-01,-3.694094508552072109e-01
-8.782561644201767326e-01,-8.781628365507518907e-01,-8.823740475803926175e-01,-8.777624109566665167e-01,-8.656770507800574110e-01,-8.702357718186489732e-01,-8.717264079915603148e-01,-8.498165227920323472e-01,-8.873289813214814137e-01,-8.862510329650162832e-01
-2.186663484413359448e+00,-2.185953027970318541e+00,-2.206166805459348179e+00,-2.184738550012212510e+00,-2.126736642895042717e+00,-2.148391781935920175e+00,-2.155355770077225230e+00,-2.050898323545727653e+00,-2.229989473376464471e+00,-2.224832202493578936e+00
8.385767425415346921e-01,8.387180558501758920e-01,2.823955758783310843e-01,8.385953563460833982e-01,2.778033101165174878e-01,2.782865873033560922e-01,2.793818162472704314e-01,2.734476305439996757e-01,8.462235444729574452e-01,8.467087398111557972e-01
-5.840951655514473595e-01,-5.837334753801732834e-01,-3.266352524853421535e+00,-5.835956878894816846e-01,-3.288246120914568582e+00,-3.285827611878280319e+00,-3.280721720071923642e+00,-3.309049235556537738e+00,-5.475424839089916285e-01,-5.452603369174818804e-01
-1.007168132283559281e+00,-1.006575340302622523e+00,-1.010052579845864607e+00,-1.005975361132407153e+00,-9.935058181662584920e-01,-9.992827796514710537e-01,-9.993662116657150429e-01,-9.772578145028921748e-01,-1.017342018296701456e+00,-1.013645644534787449e+00
-2.402001606474852835e+00,-2.399390753908676288e+00,-2.413914429662254779e+00,-2.397392081321458868e+00,-2.345595813697414211e+00,-2.369341933385504362e+00,-2.369643254501445639e+00,-2.278162239780277432e+00,-2.444113400201315400e+00,-2.428846147621218421e+00
7.989127164537624948e-01,7.992158448110349145e-01,8.576132306622796797e-02,7.991414263733103152e-01,7.212799903649519395e-02,7.292544297923236885e-02,7.723378879360848215e-02,5.936996294810240049e-02,8.091743773776434168e-01,8.104529457739285681e-01
-7.390551549337633919e-01,-7.380997734411212097e-01,-3.717604297346290387e+00,-7.377299965726975550e-01,-3.774042091735753335e+00,-3.770492465547896188e+00,-3.752894441056950914e+00,-3.826888853290302706e+00,-6.964868129433056110e-01,-6.912360310313541145e-01
-1.079906251489708646e+00,-1.079114295564295611e+00,-1.081583858388349473e+00,-1.078458844870809674e+00,-1.067852033957553903e+00,-1.073394489635450366e+00,-1.072620641524692164e+00,-1.053998469630657020e+00,-1.089053244772520745e+00,-1.084374001500480578e+00
-2.393394300507901473e+00,-2.390366645593984263e+00,-2.399647449602780203e+00,-2.388253781181435276e+00,-2.348800039890546643e+00,-2.369196184758048496e+00,-2.366335290262230551e+00,-2.297219144837457261e+00,-2.427334358084774824e+00,-2.410003840711389511e+00
7.737530342625962287e-01,7.741264429292897820e-01,-2.842777748015540284e-02,7.740618579207702021e-01,-5.187925570357612703e-02,-4.932060343981560513e-02,-4.303065050557904059e-02,-7.428681078886756328e-02,7.860705246041166383e-01,7.876755432557707159e-01
-8.278608330284376038e-01,-8.267677580919621239e-01,-3.830682038428997238e+00,-8.263451354424864448e-01,-3.917727913655300043e+00,-3.907950131502798463e+00,-3.884897983987010583e+00,-4.000993983626885075e+00,-7.820362082388427893e-01,-7.761190829983521944e-01
-1.102667205442438236e+00,-1.102004948362797832e+00,-1.103939117322118690e+00,-1.101426682302741433e+00,-1.092975591842771932e+00,-1.097443311537596999e+00,-1.096759336606887958e+00,-1.081778120896999207e+00,-1.110051944351774456e+00,-1.106077408554586361e+00
-2.230564243649534095e+00,-2.228270681457314328e+00,-2.234916253656859642e+00,-2.226515933609228171e+00,-2.197837631723530638e+00,-2.212826899737087682e+00,-2.210543985952597712e+00,-2.159756692195287986e+00,-2.255585837553905293e+00,-2.242140122241650158e+00
7.649746228755330835e-01,7.652972140437136472e-01,-6.542759617592579235e-02,7.651991967236785319e-01,-9.532019163202150314e-02,-9.043902675563986193e-02,-8.411471900318670536e-02,-1.244387206790803779e-01,7.784890428765598447e-01,7.798365172867607331e-01
-8.602807508290708505e-01,-8.594736043042481288e-01,-3.698972864976483699e+00,-8.591516910540299978e-01,-3.800262851982507684e+00,-3.783468211384359847e+00,-3.762346731113313414e+00,-3.899110250638768260e+00,-8.143686587739542571e-01,-8.098357368773894116e-01
-1.098036457005384436e+00,-1.097604254671239454e+00,-1.099393208355304852e+00,-1.097137340043593756e+00,-1.090236679478091553e+00,-1.093619309653789173e+00,-1.093421899002828823e+00,-1.080879706286607567e+00,-1.103937073051431517e+00,-1.101156928340813135e+00
-2.009255851323021869e+00,-2.007876976652472667e+00,-2.013537610830907987e+00,-2.006549309821985094e+00,-1.984966009483652760e+00,-1.995415115862593014e+00,-1.994841900087025444e+00,-1.955616368533163785e+00,-2.027699392953940194e+00,-2.019020824921052171e+00
7.669664236635278520e-01,7.671904375778302310e-01,-5.760527674576082502e-02,7.670453286140256344e-01,-9.039804271809098735e-02,-8.364368142080433333e-02,-7.821019661533010203e-02,-1.227533794332101164e-01,7.809630292538777274e-01,7.818292953617658192e-01
-8.642312236004492387e-01,-8.638092565051287419e-01,-3.464771180320569854e+00,-8.636183467315825535e-01,-3.567218292113965905e+00,-3.545901704723314118e+00,-3.529231121794459636e+00,-3.668552235090443148e+00,-8.203771476248410410e-01,-8.176966999324826180e-01
-1.082373330332369488e+00,-1.082141409237430185e+00,-1.083934309801416029e+00,-1.081768712009961719e+00,-1.075851320676573408e+00,-1.078421081937801951e+00,-1.078702366058167161e+00,-1.067627795862518436e+00,-1.087244237755712550e+00,-1.085494850111898391e+00
-1.782437203166413964e+00,-1.781748708684183891e+00,-1.786996395486849298e+00,-1.780755372855740148e+00,-1.763606430298476635e+00,-1.770952004396008084e+00,-1.771812953670478308e+00,-1.739698780351825125e+00,-1.796555450566219347e+00,-1.791488023659739470e+00
7.745117098680395218e-01,7.746412049721277393e-01,-2.982656378450388585e-02,7.744540551529930372e-01,-6.341252759636056835e-02,-5.545090308365711873e-02,-5.102271505275118857e-02,-9.681362487729912314e-02,7.885620072477305120e-01,7.889690921207853647e-01
-8.586407503584080336e-01,-8.585350762459144081e-01,-3.211125279074582117e+00,-8.584455008869728010e-01,-3.308351821478525245e+00,-3.285123649853815664e+00,-3.272599218422483247e+00,-3.405347449490250256e+00,-8.178350227349144852e-01,-8.166770844968594956e-01
-1.063567217921929986e+00,-1.063478673600174451e+00,-1.065301954323627731e+00,-1.063173789785159640e+00,-1.057884152885676166e+00,-1.059899763224948055e+00,-1.060535562086240891e+00,-1.050375803783757167e+00,-1.067754036420418773e+00,-1.066741819750896880e+00
-1.569072804360582385e+00,-1.568824303887212723e+00,-1.573772540567883738e+00,-1.568062496475448375e+00,-1.553828628110532240e+00,-1.559170428291286159e+00,-1.560926791683151071e+00,-1.533558131430640570e+00,-1.580348581131804320e+00,-1.577618959097929929e+00
7.847207295354725609e-01,7.847753461694729760e-01,5.336062670702482191e-03,7.845559676685969208e-01,-2.803296938655059495e-02,-1.938309145536334932e-02,-1.579404443883190845e-02,-6.138122781689366037e-02,7.986050288644520601e-01,7.986478122150451053e-01
-8.517813128917149923e-01,-8.518947767594997611e-01,-2.969993570346858736e+00,-8.518685890096659996e-01,-3.059679245839201478e+00,-3.036277609379445241e+00,-3.026915239554531567e+00,-3.149644422510659680e+00,-8.143309906977732604e-01,-8.142327947304464075e-01
-1.044792949170488816e+00,-1.044799664926680638e+00,-1.046640906610864619e+00,-1.044540850680622857e+00,-1.039675152615850529e+00,-1.041320800708288363e+00,-1.042191009681427305e+00,-1.032654232485328283e+00,-1.048519214230606789e+00,-1.047998105517238043e+00
-1.373277868020405856e+00,-1.373288009515454711e+00,-1.377923209247108094e+00,-1.372682526976891637e+00,-1.360526180619018977e+00,-1.364569053193861237e+00,-1.366787538728202911e+00,-1.342926657646492661e+00,-1.382600888605053591e+00,-1.381288375777754318e+00
7.962910269677995201e-01,7.962902926958206340e-01,4.257446112116847897e-02,7.960476760152140896e-01,9.860403712767133733e-03,1.885816104141826294e-02,2.180830642092024610e-02,-2.293448937999668230e-02,8.099048312297287833e-01,8.096774589275238521e-01
-8.463303471676331124e-01,-8.465833637779930365e-01,-2.749666272220537611e+00,-8.465903937123343548e-01,-2.831288121787420398e+00,-2.808705258202259802e+00,-2.801617801724221479e+00,-2.913463432616141269e+00,-8.122308923431738048e-01,-8.128123702146453633e-01
-1.027175941520987790e+00,-1.027243900412754041e+00,-1.029084405948119674e+00,-1.027015835221116946e+00,-1.022456726053429188e+00,-1.023853166359044886e+00,-1.024868409799869706e+00,-1.015797461635488563e+00,-1.030581027557173623e+00,-1.030377395959883646e+00
-1.194287862838671943e+00,-1.194440767226518929e+00,-1.198733341845583666e+00,-1.193942714292486995e+00,-1.183384432730427482e+00,-1.186559116249557011e+00,-1.188953163253268608e+00,-1.167909893601351667e+00,-1.202189008658206992e+00,-1.201704149407775812e+00
8.087219323127075032e-01,8.086813347604345781e-01,7.992156014383444695e-02,8.084224578312195764e-01,4.803617877230458022e-02,5.717018139427111623e-02,5.964612978956607137e-02,1.600869852690791489e-02,8.220184624580856303e-01,8.215960034258024125e-01
-8.427128870513853620e-01,-8.430487762951434094e-01,-2.550007753805135557e+00,-8.430680488878293799e-01,-2.623736713055836223e+00,-2.602497630916761118e+00,-2.597035092444414328e+00,-2.698152264748969298e+00,-8.118364795058050642e-01,-8.128256317867118552e-01
-1.011046487754420520e+00,-1.011153055074991647e+00,-1.012977207983562611e+00,-1.010945529496421136e+00,-1.006622912670841030e+00,-1.007847735236267361e+00,-1.008947018109876081e+00,-1.000252276066300627e+00,-1.014217662488832827e+00,-1.014215990503951836e+00
-1.030232864837097528e+00,-1.030457826126189635e+00,-1.034389338056130203e+00,-1.030036639367140960e+00,-1.020783581446322863e+00,-1.023352789617165914e+00,-1.025747161488036241e+00,-1.007098618159008474e+00,-1.037037474419604921e+00,-1.037019187468045001e+00
8.218824903022355910e-01,8.218134624023591961e-01,1.168045963826409572e-01,8.215434619724939491e-01,8.580402766843217566e-02,9.494437833808512528e-02,9.706775910563086862e-02,5.462585864293870164e-02,8.348432461973995800e-01,8.342815985768303744e-01
-8.406012724686644511e-01,-8.409815282079475818e-01,-2.368594433650577535e+00,-8.409992468305764746e-01,-2.434839866314426615e+00,-2.415200785374881143e+00,-2.410915502652399400e+00,-2.501822086136673562e+00,-8.127778903329828664e-01,-8.139889573305014725e-01
-9.964609153591089674e-01,-9.965913310325298369e-01,-9.983880813704066881e-01,-9.963976960913702996e-01,-9.922676328839332704e-01,-9.933708708591544312e-01,-9.945139335895621935e-01,-9.861404626428503795e-01,-9.994538708410184435e-01,-9.995788823201466888e-01
-8.793291265635252429e-01,-8.795838439800364172e-01,-8.831493626614084214e-01,-8.792206116017537987e-01,-8.710802008735100133e-01,-8.732069263306317941e-01,-8.754994434717287000e-01,-8.589593034303935060e-01,-8.852448893810282993e-01,-8.854759471310698071e-01
8.358074628989407007e-01,8.357182446112568774e-01,1.531941783702638338e-01,8.354408420500916144e-01,1.230826312811396095e-01,1.321498147600701778e-01,1.340073001551382037e-01,9.277464381157547735e-02,8.484280549996552345e-01,8.477679528210476656e-01
-8.395031514029788200e-01,-8.399020438336765038e-01,-2.202834822949781834e+00,-8.399094677045521040e-01,-2.262070402337683639e+00,-2.244135465701728727e+00,-2.240723220696887896e+00,-2.322044159166186006e+00,-8.145524437277863461e-01,-8.158607661968355629e-01
-9.834067532185640781e-01,-9.835514273166460208e-01,-9.853136351464255593e-01,-9.833674091528410433e-01,-9.794008261359213874e-01,-9.804152115749052987e-01,-9.815758448609652742e-01,-9.734872055748323705e-01,-9.862579645629280245e-01,-9.864609127700046942e-01
-7.401553363455204426e-01,-7.404148308793258026e-01,-7.436197422038975935e-01,-7.400978057981746350e-01,-7.329335430640637750e-01,-7.347216918759623683e-01,-7.368557763784154835e-01,-7.222115165417115623e-01,-7.453215275869334855e-01,-7.456726233857738917e-01
8.506044741974621015e-01,8.505009663413629628e-01,1.892477841683898876e-01,8.502188459173622981e-01,1.600061652210768570e-01,1.689519445254577257e-01,1.706048337319827357e-01,1.305602359303897897e-01,8.628879891985998807e-01,8.621589863946412802e-01
-8.389727932479211781e-01,-8.393732536845091019e-01,-2.050578096375025083e+00,-8.393651105185671035e-01,-2.103279942183319484e+00,-2.087066543864386059e+00,-2.084318988915605519e+00,-2.156692908463400560e+00,-8.167154281669350979e-01,-8.180381664279869902e-01
-9.718790528726183320e-01,-9.720317303827687994e-01,-9.737551890804170274e-01,-9.718546202933679989e-01,-9.680310749143523630e-01,-9.689784902707103686e-01,-9.701397611199095161e-01,-9.623096585702720640e-01,-9.746131881278290443e-01,-9.748625465883057339e-01
-6.116399549427685711e-01,-6.118897295176589646e-01,-6.147463033315494485e-01,-6.116115067476366463e-01,-6.053195305327599973e-01,-6.068376671536277467e-01,-6.087847104187860126e-01,-5.958659275828168678e-01,-6.161552753731174281e-01,-6.165503724943685038e-01
8.664111861786567559e-01,8.662976133808273360e-01,2.251633696888112879e-01,8.660127009916891438e-01,1.967614187100584222e-01,2.055574614996402705e-01,2.070493846510599867e-01,1.681546181869010559e-01,8.783651744701930220e-01,8.775887401683484246e-01
-8.386769532375197844e-01,-8.390677410824511906e-01,-1.910202574341345994e+00,-8.390411408795298565e-01,-1.956830220203365389e+00,-1.942305485526615305e+00,-1.940077204748556827e+00,-2.004125900436500185e+00,-8.189379509490299913e-01,-8.202207352001984475e-01
-9.619050877036818825e-01,-9.620616571117802662e-01,-9.637442809441729707e-01,-9.618897772391298284e-01,-9.581938647157859368e-01,-9.590893725515959867e-01,-9.602404415789937975e-01,-9.526481438368626931e-01,-9.645395218167105433e-01,-9.648149203794587070e-01
-4.929758616182761122e-01,-4.932077743952203441e-01,-4.957325828560366632e-01,-4.929635486637696795e-01,-4.874597335292811251e-01,-4.887549876844327068e-01,-4.905034539061868815e-01,-4.791650380538575726e-01,-4.969144655178860392e-01,-4.973097684740610536e-01
8.833739788572015916e-01,8.832533704803190444e-01,2.611200382639503048e-01,8.829670233776532040e-01,2.335211093890733891e-01,2.421522105099125355e-01,2.435147108554159001e-01,2.057217219377167894e-01,8.950091834070121877e-01,8.942009343675321187e-01
-8.384075134137447538e-01,-8.387813203500673609e-01,-1.780546973467544758e+00,-8.387350290496344840e-01,-1.821539711088699942e+00,-1.808641236746272973e+00,-1.806828073094193465e+00,-1.863149122578390715e+00,-8.210167529357395022e-01,-8.222247005734442116e-01
-9.535484079727245543e-01,-9.537061406071271064e-01,-9.553473887051389113e-01,-9.535384926395074068e-01,-9.499576794827576665e-01,-9.508120533946889941e-01,-9.519461129758074458e-01,-9.445737568036318699e-01,-9.560960363180976973e-01,-9.563843620090182185e-01
-3.835311808161626090e-01,-3.837409695439252810e-01,-3.859531361453358289e-01,-3.835274606548618737e-01,-3.787401089511792662e-01,-3.798463827885608657e-01,-3.813951575455758469e-01,-3.715079905701938467e-01,-3.869520610695843521e-01,-3.873233003682238218e-01
9.016346534982795369e-01,9.015091900442718797e-01,2.972530410360617603e-01,9.012223163819979010e-01,2.704155798458178217e-01,2.788755797977950923e-01,2.801320348186948084e-01,2.433853358942210665e-01,9.129645840089635200e-01,9.121358585227536953e-01
-8.380766444414943228e-01,-8.384288266785484556e-01,-1.660810373797082962e+00,-8.383627795160976115e-01,-1.696588331264090588e+00,-1.685236333574457790e+00,-1.683761363939850320e+00,-1.732928268239734670e+00,-8.228686211870569478e-01,-8.239803000490840690e-01
-9.469041664746776776e-01,-9.470612359409014136e-01,-9.486617374308665696e-01,-9.468972652465220685e-01,-9.434205274280833553e-01,-9.442418520240623003e-01,-9.453548149985164795e-01,-9.381857019067171288e-01,-9.493752030924452745e-01,-9.496680979712929238e-01
-2.827745658690402619e-01,-2.829603623586572358e-01,-2.848804106761324562e-01,-2.827751477654353862e-01,-2.786407899736831895e-01,-2.795836314000158529e-01,-2.809379670143527519e-01,-2.723836785758131929e-01,-2.857271094917485654e-01,-2.860618315345949680e-01
9.213179435679740292e-01,9.211892150885570008e-01,3.336396749122854111e-01,9.209023366280350009e-01,3.075172052064197303e-01,3.158064876221701733e-01,3.169748704602128320e-01,2.812117282803067719e-01,9.323588649954955843e-01,9.315178328055304657e-01
-8.377079318942761699e-01,-8.380356524996813716e-01,-1.550460647217913879e+00,-8.379506232507870633e-01,-1.581426607997147737e+00,-1.571531333362302885e+00,-1.570335824573735106e+00,-1.612899712296931742e+00,-8.245215527447149473e-01,-8.255248797461008925e-01
-9.420894556786796326e-01,-9.422446410994558263e-01,-9.438059719627696076e-01,-9.420840689707067339e-01,-9.387010093715124626e-01,-9.394956868163343300e-01,-9.405853770953972459e-01,-9.336028141406484959e-01,-9.444926116175315078e-01,-9.447848659712597685e-01
-1.902169007843731996e-01,-1.903783382741616181e-01,-1.920274296085818788e-01,-1.902194343214529404e-01,-1.866804334478288641e-01,-1.874799311151384984e-01,-1.886489647908353162e-01,-1.813170110565037185e-01,-1.927441795154480608e-01,-1.930370489956574898e-01
9.425146610676825576e-01,9.423838770983290480e-01,3.702843564798395937e-01,9.420971398433446442e-01,3.448248022005156455e-01,3.529487039984504637e-01,3.540435863574630249e-01,3.191932010853319457e-01,9.532857833357385458e-01,9.524382418611897494e-01
-8.374280575573040952e-01,-8.377296962956019000e-01,-1.449160602272578258e+00,-8.376270667440876005e-01,-1.475701182679259871e+00,-1.467167673883500889e+00,-1.466205247283535185e+00,-1.502696002184543689e+00,-8.261067357364976216e-01,-8.269961426895461321e-01
-9.392283300067381102e-01,-9.393808461390833475e-01,-9.409054189320835704e-01,-9.392235349079944839e-01,-9.359238116841152033e-01,-9.366971667715138228e-01,-9.377628601204123227e-01,-9.309493155936477971e-01,-9.415716017611880373e-01,-9.418601257185381659e-01
-1.053669789401386753e-01,-1.055046551817883371e-01,-1.069040636189970139e-01,-1.053702519985240393e-01,-1.023734961268555066e-01,-1.030459835174639405e-01,-1.040412043722266089e-01,-9.782735308316813094e-02,-1.075076671040394033e-01,-1.077575910690467126e-01
9.652549741659176563e-01,9.651231610643690173e-01,4.070950402267618506e-01,9.648362886207931810e-01,3.822397760954963086e-01,3.902074876216719557e-01,3.912415873993190241e-01,3.572238315460907754e-01,9.757787274087722507e-01,9.749286961950686115e-01
-8.374599252356466073e-01,-8.377346657546218545e-01,-1.356710818766925231e+00,-8.376162577980063029e-01,-1.379196627774324169e+00,-1.371927998237247870e+00,-1.371160869157312279e+00,-1.402087036477388748e+00,-8.278520314951633985e-01,-8.286264665081304326e-01
-9.384282590508359334e-01,-9.385776849451282766e-01,-9.400687273946950473e-01,-9.384235049636269199e-01,-9.351964963254139063e-01,-9.359530741797874587e-01,-9.369953107315943663e-01,-9.303317668650761263e-01,-9.407194587250680140e-01,-9.410026365011924243e-01
-2.769839093863228630e-02,-2.781354400346942868e-02,-2.898426808988352477e-02,-2.770183824814277662e-02,-2.519811026090215678e-02,-2.575714666074004067e-02,-2.659143043794000294e-02,-2.139714229171288395e-02,-2.948783230088136698e-02,-2.969619169497361710e-02
9.894640488840069636e-01,9.893322733069351838e-01,4.438429882431268458e-01,9.890444450153296208e-01,4.195258430653906467e-01,4.273494902393816242e-01,4.283350041526003960e-01,3.950590371482358143e-01,9.997663618470512548e-01,9.989165631726326655e-01
-8.381161831427050846e-01,-8.383637228883118464e-01,-1.273004840451366526e+00,-8.382316655112345138e-01,-1.291789614320788981e+00,-1.285689468401898461e+00,-1.285086048754042531e+00,-1.310933438042658050e+00,-8.300758342558268721e-01,-8.307373220683411663e-01
-9.397413544354124015e-01,-9.398876559973384781e-01,-9.413492688288486177e-01,-9.397363197170381932e-01,-9.365710219575082984e-01,-9.373145947255158150e-01,-9.383352459492717568e-01,-9.318007000959749320e-01,-9.419884488309592241e-01,-9.422657594451323559e-01
4.337398264121553743e-02,4.327967490650276583e-02,4.231723019613914394e-02,4.337057982726912064e-02,4.542680494346948428e-02,4.496988753974849595e-02,4.428291552818408583e-02,4.855050661370254039e-02,4.190324578770762698e-02,4.173368988198382368e-02
1.014887694958267472e+00,1.014757363939445600e+00,4.800948185671192192e-01,1.014466981468525431e+00,4.562412325913675626e-01,4.639348564639854122e-01,4.648847941170674569e-01,4.322478221149400057e-01,1.024998183225293902e+00,1.024150488259681024e+00
-8.397903126122235884e-01,-8.400106667904254643e-01,-1.197990949715253883e+00,-8.398672728130385234e-01,-1.213409775327109807e+00,-1.208384118684772579e+00,-1.207917547219576004e+00,-1.229146643634721814e+00,-8.331784526741800034e-01,-8.337310387250581600e-01
-9.430984968241041821e-01,-9.432421632713822168e-01,-9.446794612571777217e-01,-9.430929781690652325e-01,-9.399782097055476848e-01,-9.407114286072757459e-01,-9.417140638029442012e-01,-9.352851899589756934e-01,-9.453097711599399711e-01,-9.455816148657426590e-01
1.085073803216873578e-01,1.084319377438691945e-01,1.076582549346351142e-01,1.085040751646520196e-01,1.101545731170182063e-01,1.097903621057217255e-01,1.092367989430653996e-01,1.126644892004939474e-01,1.073254208172508550e-01,1.071912136929832060e-01
1.040967658071456636e+00,1.040840970246591723e+00,5.150996137204738590e-01,1.040545248301397052e+00,4.916262503806902995e-01,4.992043403846334049e-01,5.001340910718931054e-01,4.680206619420574365e-01,1.050919571299700372e+00,1.050075499228802389e+00
-8.429396637539564585e-01,-8.431330577567833773e-01,-1.131632853554159546e+00,-8.429806800534411781e-01,-1.143999631826914110e+00,-1.139958427676950770e+00,-1.139605782582887583e+00,-1.156648142147964409e+00,-8.376253816072914971e-01,-8.380743543618011104e-01
-9.481959040069273259e-01,-9.483382496311110188e-01,-9.497576031407725106e-01,-9.481897150579881028e-01,-9.451148048741332408e-01,-9.458383304412283366e-01,-9.468290047201869397e-01,-9.404800662501963116e-01,-9.503799108600093914e-01,-9.506476238828068803e-01
1.684304764907360585e-01,1.683717414097778975e-01,1.677684982337919739e-01,1.684272602805182983e-01,1.697098797177949425e-01,1.694306523735545633e-01,1.689967591495525057e-01,1.716645848269076902e-01,1.675100077511269547e-01,1.674074528695461139e-01
1.066633168132746556e+00,1.066513831525785605e+00,5.476039372939115468e-01,1.066208106241983478e+00,5.244193066668825232e-01,5.318943902098262067e-01,5.328238048769434743e-01,5.011063622571455545e-01,1.076462819463187115e+00,1.075624204426894659e+00
-8.480495934419701731e-01,-8.482164656211303999e-01,-1.073857658376550006e+00,-8.480572860834058035e-01,-1.083461992867520651e+00,-1.080320366449428082e+00,-1.080062464056507743e+00,-1.093316315904686586e+00,-8.439115982931918447e-01,-8.442629389170784870e-01
-9.542999686462976250e-01,-9.544436941630383142e-01,-9.558530987241258270e-01,-9.542928240094975534e-01,-9.512491254698943743e-01,-9.519599225311791146e-01,-9.529486086514984411e-01,-9.466518455600440030e-01,-9.564651469416308727e-01,-9.567312258645406242e-01
2.239183474137219076e-01,2.238741548211482524e-01,2.234245859737834516e-01,2.239151984657084260e-01,2.248637248598169547e-01,2.246631153170736972e-01,2.243358794874393269e-01,2.263162377532142722e-01,2.232348552134285069e-01,2.231603542829858067e-01
1.089955871396386389e+00,1.089850262236139011e+00,5.755536931002919188e-01,1.089526854866411876e+00,5.525608607486098833e-01,5.599393833767101203e-01,5.608957248938767348e-01,5.294378314074952296e-01,1.099701032607239171e+00,1.098871022752893722e+00
-8.555579733431905032e-01,-8.556991508976093952e-01,-1.024471683018331802e+00,-8.555348213010515179e-01,-1.031575473661295428e+00,-1.029254390252761775e+00,-1.029076217445579422e+00,-1.038901617544247591e+00,-8.524860953709296751e-01,-8.527461574834779290e-01
-9.599168280948751075e-01,-9.600669862184214587e-01,-9.614765803306073444e-01,-9.599081852288379180e-01,-9.568919943354583513e-01,-9.575802918255315044e-01,-9.585832859775107462e-01,-9.523102405411391080e-01,-9.620705623539870244e-01,-9.623391522943439691e-01
2.757214064205243398e-01,2.756898858578720191e-01,2.753792513887829418e-01,2.757182911338385001e-01,2.763626054502018037e-01,2.762348964776399907e-01,2.760029346014069018e-01,2.773596516943102053e-01,2.752532696786396116e-01,2.752036573028604494e-01
1.107591513330873578e+00,1.107510509771587381e+00,5.956276202983152857e-01,1.107156936320378149e+00,5.727310284822144659e-01,5.800063898394267614e-01,5.810285197325134599e-01,5.496934509167492600e-01,1.117287837730867261e+00,1.116472453993550440e+00
-8.657015618464199980e-01,-8.658187373726039526e-01,-9.830107806974224260e-01,-8.656497313646822622e-01,-9.878450554190981725e-01,-9.862710371033565071e-01,-9.861630286331745099e-01,-9.928772365148816892e-01,-8.635980132371671170e-01,-8.637735019935800507e-01
-9.622548552712567593e-01,-9.624203831485557137e-01,-9.638430599180823899e-01,-9.622436856246254777e-01,-9.592614075898476811e-01,-9.599056984078788712e-01,-9.609493315125404722e-01,-9.546740047415634978e-01,-9.644015842775034431e-01,-9.646792849824995519e-01
3.244071349220981615e-01,3.243872833353093066e-01,3.242035117850504133e-01,3.244039534238840616e-01,3.247709268947076566e-01,3.247095207482016410e-01,3.245646651486803203e-01,3.253522671531807742e-01,3.241355578154184736e-01,3.241085446749433219e-01
1.113920894118557881e+00,1.113882590356241709e+00,6.025508571680522341e-01,1.113478971289349362e+00,5.796708957861935740e-01,5.868122288409287624e-01,5.879561009341046640e-01,5.566257480521827894e-01,1.123594766760023456e+00,1.122805271797307824e+00
-8.782174595340874745e-01,-8.783141864350501038e-01,-9.484711881598701932e-01,-8.781386384333422779e-01,-9.512342908792338347e-01,-9.503373462702047192e-01,-9.502978872112001207e-01,-9.541724124545631902e-01,-8.769973110696084317e-01,-8.770957187411654310e-01
-9.564240636625787051e-01,-9.566198776876468912e-01,-9.580716520019564308e-01,-9.564085470045421422e-01,-9.534849379152521287e-01,-9.540447604105711799e-01,-9.551702323240042203e-01,-9.488756518341443513e-01,-9.585618954002482761e-01,-9.588588075077451034e-01
3.700467817811480264e-01,3.700395025441060026e-01,3.699740604901426422e-01,3.700432377634564896e-01,3.701590851299078611e-01,3.701534961274406954e-01,3.700935244828709170e-01,3.703572519284504816e-01,3.699552365501117546e-01,3.699500850046624767e-01
1.099868872284816224e+00,1.099901973433228042e+00,5.882172852278297892e-01,1.099417990351984731e+00,5.653185116823794543e-01,5.722543680818027445e-01,5.735985742879037286e-01,5.422108814997456117e-01,1.109524295202891642e+00,1.108780410351030365e+00
-8.918009433496835170e-01,-8.918844342646444767e-01,-9.188485529214622805e-01,-8.916961962623511928e-01,-9.197079996221696474e-01,-9.194164924798572391e-01,-9.194560373508076090e-01,-9.207184261662832991e-01,-8.913907474702524869e-01,-8.914214867652724417e-01
-7.825507379555607379e-02,-7.826567370670639567e-02,-9.362187373303144655e-01,-7.830137411079063359e-02,-9.316371066079867092e-01,-9.320454385836165478e-01,-9.333124803697624428e-01,-9.270030663047934549e-01,-7.701099469246586171e-02,-7.713022673097968962e-02
-1.241896856071924571e-01,-1.242219784325918064e-01,4.117262139092388584e-01,-1.242425089213648748e-01,4.115579548287628953e-01,4.115887500537545596e-01,4.116214924916888340e-01,4.113991601393654496e-01,-1.229054885870750347e-01,-1.230706088374750595e-01
9.985590895973660563e-01,3.239368964156248420e-01,5.409559225611747513e-01,-6.415150425233917542e-01,5.180964795863746142e-01,5.246961012689486115e-01,5.263423358302800059e-01,4.949583567401366069e-01,6.796126038164843619e-01,3.072239236310422839e-01
-5.366325169498559200e-02,-9.460786897191020284e-01,-8.904414906348556702e-01,7.671104550299199243e-01,-8.895438031795833700e-01,-8.897750460762287039e-01,-8.899214998958570044e-01,-8.887677670516087591e-01,7.335712022249634146e-01,-9.516372527117397118e-01
1.759229857186144219e-01,-1.979172594470389734e-01,-8.867641342155323514e-01,-9.033411263883577014e-02,-8.822305784919201033e-01,-8.823937374104201536e-01,-8.838753296318402342e-01,-8.775973184465726273e-01,6.498349504309619551e-02,-2.063792524620003399e-01
-4.457316139815209466e-01,-8.688586005348852837e-01,4.466850130692084919e-01,-1.082908023222411142e-01,4.461928058066781944e-01,4.462254026521481065e-01,4.463729046199447215e-01,4.457005023250552034e-01,-6.488271565619269099e-02,-8.718523833126348155e-01
9.990174471000466960e-01,8.511380640035074441e-01,4.460640171138723353e-01,-5.580423540220845746e-01,4.234696395682817638e-01,4.295345625511287624e-01,4.315898526188433060e-01,4.004971256093705634e-01,6.770351820809424881e-01,8.502536531314541790e-01
4.431862350869379685e-02,-5.249418977414178622e-01,-8.570848688546114369e-01,7.512275271944828248e-01,-8.545796853626921319e-01,-8.552274127170783613e-01,-8.555295060440574195e-01,-8.521562771611874698e-01,7.359506520308443100e-01,-5.263731806775652222e-01
9.533273891370336317e-02,-3.472305149652141765e-01,-7.962694530256249070e-01,-1.080508264319407774e-01,-7.918761434549664857e-01,-7.916990587439515226e-01,-7.934515466566636199e-01,-7.873192969653477480e-01,7.139585954281773006e-01,-3.562363643988181172e-01
-4.171859586801581199e-01,-7.739930227178876132e-01,4.696885777937428452e-01,-9.169587800409079170e-02,4.689103722751967185e-01,4.688933602068491302e-01,4.691904172757727087e-01,4.681134993003362998e-01,-7.831300684119452127e-02,-7.760712566055116834e-01
9.927773379721511748e-01,7.473337716156094324e-01,2.899843124700870467e-01,-4.185247513320646817e-01,2.681280776218004092e-01,2.734229975917253919e-01,2.759430723187838996e-01,2.457729786414959705e-01,4.361461839118237482e-01,7.461150925123183342e-01
-3.230274148547775115e-02,-5.380888505684067180e-01,-8.100902012435936550e-01,7.220971803848922344e-01,-8.061725980838045924e-01,-8.071000122306799529e-01,-8.076191394985418048e-01,-8.022823348920474773e-01,8.998758282447383294e-01,-5.393066939315950270e-01
-1.679554801498514549e-02,-5.440014590432193931e-01,-6.557443436531646963e-01,-1.299750415897367728e-01,-6.516372449494512997e-01,-6.510903729018800989e-01,-6.530884930665152854e-01,-6.473004515336110432e-01,6.782008839068027761e-01,-5.534994623002947867e-01
-3.774817996315523172e-01,-6.631214182333834417e-01,4.740270711774635659e-01,-7.379785269640959378e-02,4.730193215551887764e-01,4.728994536091813417e-01,4.733758507407326843e-01,4.719653589630659063e-01,-1.203380047863362723e-01,-6.642956670640183248e-01
9.632878042403151264e-01,5.896786684051804617e-01,7.044890519997740186e-02,-2.190651645214266863e-01,5.006770311332273127e-02,5.441790479039104733e-02,5.731010671664535372e-02,2.907578130535873329e-02,6.645292814089749367e-01,5.880570964807227963e-01
-9.927702070814875546e-02,-5.313003712132718936e-01,-7.405489779920919613e-01,6.713895617423747408e-01,-7.355075625042376553e-01,-7.365646588838963282e-01,-7.373419389555575520e-01,-7.304271807961850715e-01,7.685941048912559026e-01,-5.322700648301246229e-01
-1.488163103368013995e-01,-7.613409330598341906e-01,-4.711719375297328538e-01,-1.522296117966506490e-01,-4.675221552659529767e-01,-4.667176215695976182e-01,-4.687930190921392737e-01,-4.636028263716697184e-01,6.169083258888865551e-01,-7.710789892972113035e-01
-3.250951036570290387e-01,-5.355623188669605961e-01,4.551110457154607380e-01,-5.479572790591136222e-02,4.539514003914794649e-01,4.537105097200385684e-01,4.543551873564737331e-01,4.527163848521548184e-01,-1.508975194961555133e-01,-5.358908992255365655e-01
9.013941972859778051e-01,3.867653125934025216e-01,-1.911439553812920022e-01,2.275721167059124861e-02,-2.092018776273119607e-01,-2.057888991295200032e-01,-2.028264545537483421e-01,-2.279269606300161899e-01,9.156869606036933673e-01,3.847606288540392772e-01
-1.524101831761877079e-01,-5.000138509552350952e-01,-6.450249136982211251e-01,5.954207609573173299e-01,-6.392511849976394434e-01,-6.403254319634059666e-01,-6.413309751204897546e-01,-6.333742862680165064e-01,6.183307079762652148e-01,-5.007122147451985583e-01
-2.776146409471891841e-01,-9.564895855120987278e-01,-2.686101398896407200e-01,-1.697564663879773950e-01,-2.655490036735900783e-01,-2.647244528413214004e-01,-2.666047629983395173e-01,-2.622288598772389845e-01,5.345505471575483503e-01,-9.660789793466285635e-01
-2.640486683047792438e-01,-4.001999382278200179e-01,4.155225989233813366e-01,-3.593023164162074956e-02,4.142948262286438310e-01,4.139794991436459570e-01,4.147180652996523276e-01,4.129738172100400062e-01,-1.688277500437291856e-01,-3.998056845135961601e-01
8.090603387256886103e-01,1.684695863642459157e-01,-4.499886922806524692e-01,2.668817741522921949e-01,-4.650897612241581824e-01,-4.624154357329549603e-01,-4.597882192674929702e-01,-4.808302715389476401e-01,1.139862673480304123e+00,1.662027600563527052e-01
-1.892930776101208190e-01,-4.476686620917119663e-01,-5.309778993231711874e-01,5.004578564665832507e-01,-5.248867259482798975e-01,-5.259490989666659733e-01,-5.270666455950311358e-01,-5.186491953715748338e-01,4.595447060667959271e-01,-4.481060656379901586e-01
-3.805179261136583113e-01,-1.094226327512518360e+00,-8.263487303119476657e-02,-1.792662038742895148e-01,-8.019676818023349640e-02,-7.957531236256601415e-02,-8.103745786400354256e-02,-7.755563128055309452e-02,4.445222756702906786e-01,-1.103314727034503173e+00
-2.024652712340042071e-01,-2.709769151540036836e-01,3.658477669571199575e-01,-1.871098002507824362e-02,3.646131464817096712e-01,3.643145483333919410e-01,3.650387990324298615e-01,3.632869945458031546e-01,-1.771445261173501540e-01,-2.700079678438054298e-01
7.009751119257034979e-01,-2.776319847561697918e-02,-6.606326549360418410e-01,4.707405224835656821e-01,-6.726315576801226159e-01,-6.704545187229868919e-01,-6.684371027762563422e-01,-6.851774744055785238e-01,1.296590992958504884e+00,-3.012928820975457889e-02
-2.126608953742005759e-01,-3.860593325768017503e-01,-4.143756568400595031e-01,4.011043389424996941e-01,-4.082630416129399142e-01,-4.093546659694233814e-01,-4.104437352278177409e-01,-4.019894044057023552e-01,3.083871702131235626e-01,-3.862784898837798853e-01
-4.480210113457480658e-01,-1.166235717311157494e+00,6.362512568877216890e-02,-5.405851115153925690e-02,6.550189970472186651e-02,6.583112923206393963e-02,6.484849773712007825e-02,6.750920466716164858e-02,3.610680530518359799e-01,-1.174639545010313979e+00
-1.473829461467713875e-01,-1.571452229667427147e-01,3.190378768876060978e-01,2.160029655760444811e-01,3.178141255307021518e-01,3.176165476894374784e-01,3.182407020878668669e-01,3.165176060294018767e-01,-1.822462364398270696e-01,-1.557043256707142109e-01
5.955205106034042739e-01,-1.784399295566552468e-01,-8.025991947630098933e-01,-6.519184720853443693e-01,-8.118208802216215769e-01,-8.099917283471391727e-01,-8.086085013388987219e-01,-8.214808044127978048e-01,1.376888245225218688e+00,-1.807780470804528916e-01
-2.302444365939172455e-01,-3.288200131655333869e-01,-3.096725273613190610e-01,7.582890647727356104e-01,-3.036152180997733208e-01,-3.047961720884124759e-01,-3.057747684306229563e-01,-2.974008375349507238e-01,1.753520860049534447e-01,-3.288709887916859143e-01
-4.845007681818544465e-01,-1.187130080450727876e+00,1.664272545147003901e-01,-1.881216566243707478e-01,1.678521196438427510e-01,1.679247265732740912e-01,1.673478307197592829e-01,1.693446647893410151e-01,9.177491932073413849e-01,-1.194833317310566967e+00
-1.011022223931244690e-01,-5.785943955957770224e-02,2.844555299775172741e-01,9.403807893901732218e-01,2.832142513459475763e-01,2.831701694204863951e-01,2.836552367130857899e-01,2.819282717657775050e-01,-2.529504290273075773e-01,-5.595209440881719620e-02
5.046374054898015160e-01,-2.813778745407432558e-01,-8.829764970233968668e-01,-9.988023606400612264e-01,-8.899715989787038151e-01,-8.884362156735039484e-01,-8.875445833248587491e-01,-8.973155899108166134e-01,3.117680493057137237e-01,-2.836255020522259196e-01
-2.518789789705730975e-01,-2.850496933746913819e-01,-2.224055899791350654e-01,-4.892692898436681176e-02,-2.162515851758787799e-01,-2.175762177531151698e-01,-2.184466217426324630e-01,-2.099462209875987695e-01,9.501582412588495119e-01,-2.849656034903014223e-01
-5.001716815314211084e-01,-1.177793798106090861e+00,2.346911965440046932e-01,5.201957051458769299e-02,2.357720484720899901e-01,2.356751461191713970e-01,2.353823260238910031e-01,2.368777312171694016e-01,8.357341263794133557e-01,-1.184867914220545826e+00
-6.139188204727189652e-02,3.653576554168663781e-02,2.668742407358596358e-01,9.408955351328356365e-01,2.655464065189022671e-01,2.656891994953839986e-01,2.660288552810196605e-01,2.642059074004887154e-01,-3.214245598808294080e-01,3.902717579205772919e-02
4.311746972771690611e-01,-3.474268827807420745e-01,-9.211862566321944445e-01,-9.910164285108727933e-01,-9.264895972253102130e-01,-9.252333761887920893e-01,-9.246604672886538090e-01,-9.320812577486639050e-01,5.442699113606734862e-01,-3.495699955800595227e-01
-2.877952176021584263e-01,-2.584702336796066424e-01,-1.493790174016056960e-01,3.050600209084975561e-02,-1.427743428909023227e-01,-1.443032853012420347e-01,-1.451307322776885789e-01,-1.360118132248396283e-01,9.111960957037315012e-01,-2.582562208653771951e-01
-5.041301056103769662e-01,-1.153561075810377146e+00,2.807053808705539111e-01,2.254499831041313906e-01,2.815213459863988299e-01,2.813418611175985129e-01,2.812222837364657391e-01,2.823384344319243566e-01,7.638605217014571291e-01,-1.160083570897135541e+00
-2.318399138107108542e-02,1.417650765958129999e-01,2.689114967371696308e-01,1.015891149943605631e+00,2.673869703259885711e-01,2.677558836537740627e-01,2.679529973340095683e-01,2.658851693817069761e-01,-4.211211208578821696e-01,1.451070250943810314e-01
3.714989324803224524e-01,-3.901765057103944723e-01,-9.352231680109281964e-01,-9.706899962520120217e-01,-9.392221532470699241e-01,-9.382366579328735856e-01,-9.378558464612178902e-01,-9.434707881312793809e-01,7.048780506713909766e-01,-3.922224126910827668e-01
-3.495134399732897634e-01,-2.500917352622955003e-01,-8.203311443346725240e-02,1.190647149677013517e-01,-7.441687116833711757e-02,-7.624163888086955831e-02,-7.713230065388583523e-02,-6.661373451823163205e-02,9.410336374317445074e-01,-2.497207724773308490e-01
-5.017261608857851440e-01,-1.120724920259875690e+00,3.153024608401475692e-01,3.653404104712696387e-01,3.158935464426208539e-01,3.157037247925791879e-01,3.156747127021231614e-01,3.164769494526064597e-01,6.962669086893411574e-01,-1.126720921440487411e+00
2.044357158967500393e-02,2.789850019061677067e-01,2.937023515691342124e-01,1.189765044771755820e+00,2.918179822388859979e-01,2.924788063742248534e-01,2.925301892555783878e-01,2.899980257840090170e-01,-5.750066101730035850e-01,2.836386718822202502e-01
3.183300390310720429e-01,-4.208840491962938524e-01,-9.362360380863657960e-01,-9.431116118554462302e-01,-9.391209589961759807e-01,-9.384023673461424631e-01,-9.381511433239260178e-01,-9.422270407940672721e-01,8.288774862603062177e-01,-4.228406576911471482e-01
-4.521576841821789428e-01,-2.608997287996071002e-01,-8.598480659387910952e-03,2.345535599816203631e-01,8.591333030265047022e-04,-1.410473304248691107e-03,-2.507319504839997104e-03,1.056531815010085251e-02,1.054840715624533187e+00,-2.603066149907322657e-01
-4.945827905499547983e-01,-1.077243581145248541e+00,3.469778119738737843e-01,5.021788215217395379e-01,3.473404164455997090e-01,3.472032519331370026e-01,3.472066589938596626e-01,3.476980053285468331e-01,6.219060929788002845e-01,-1.082643686108821779e+00
7.822093405681038170e-02,4.758844012954270841e-01,3.465172473862282443e-01,1.498469808636152978e+00,3.440350657839620352e-01,3.450930863709645302e-01,3.449851125713733202e-01,3.416700072160764323e-01,-8.143974686287340781e-01,4.825736749539525916e-01
2.620119142764701925e-01,-4.476856473198216335e-01,-9.284138429127445358e-01,-9.065593792864906630e-01,-9.301558806938804436e-01,-9.297193067800133548e-01,-9.295926643105603127e-01,-9.320893365661898633e-01,9.454257778722576777e-01,-4.495480303506756981e-01
-6.166915777188374248e-01,-2.933318691761410135e-01,8.557207554346535350e-02,4.002707757445743142e-01,9.807975493892714947e-02,9.512727465846394781e-02,9.363671428805733776e-02,1.109427397477278920e-01,1.276433465055742733e+00,-2.924020727637171024e-01
-4.814233625894228652e-01,-1.014446799706758773e+00,3.825919831394546389e-01,6.651013160081512554e-01,3.826743483624404085e-01,3.826532079777293927e-01,3.826478798065046094e-01,3.827641420856481846e-01,5.253632394329857958e-01,-1.019053053842145617e+00
1.608040577163391549e-01,7.672373944862584949e-01,4.350681675456882225e-01,1.990887007229533268e+00,4.316506201966130440e-01,4.332525973869860714e-01,4.329682266460219697e-01,4.284183774224373797e-01,-1.179783199929292481e+00,7.770194250677610048e-01
1.907722796664571840e-01,-4.764568247769548348e-01,-9.105547289552781143e-01,-8.537381051769243889e-01,-9.108835634713360330e-01,-9.107825915050380416e-01,-9.108218246927725081e-01,-9.113627834590345422e-01,1.079579115578306991e+00,-4.781978794128015631e-01
-8.705258579535201102e-01,-3.515199779806140179e-01,2.181696703635230827e-01,6.454675805299279201e-01,2.354367949006054839e-01,2.314355783273987499e-01,2.293142548597021657e-01,2.532253927267653082e-01,1.639394820300488220e+00,-3.500749788612606550e-01
-4.590236211303919678e-01,-9.191060276666725981e-01,4.280429414831106727e-01,8.828615916161579591e-01,4.277411104724175295e-01,4.279041672093243376e-01,4.278631508441583797e-01,4.274680861321266123e-01,3.880526413201521585e-01,-9.225697163635844245e-01
2.799297129296662856e-01,1.191464511246483893e+00,5.679933939485123373e-01,2.721353590007980383e+00,5.631911623725862626e-01,5.655063565072713239e-01,5.650473823346973123e-01,5.586587791196812036e-01,-1.715977320580029719e+00,1.205751150589427612e+00
9.122571876703840232e-02,-5.116764933623048073e-01,-8.778522591161799227e-01,-7.735235672148645936e-01,-8.762373058703383233e-01,-8.765838702159828300e-01,-8.768639933599786662e-01,-8.747122163613648693e-01,1.254112698301411477e+00,-5.132401879300778624e-01
-1.244034011136998741e+00,-4.401368304387686115e-01,4.086775617350910661e-01,1.002442342821213472e+00,4.329680051686182751e-01,4.273852886609603163e-01,4.243651152368100865e-01,4.580168820795805784e-01,2.181154796123720541e+00,-4.379233235314232697e-01
-4.234454038780670615e-01,-7.769670148665190901e-01,4.880199442529466469e-01,1.180688843422865730e+00,4.871810406563260032e-01,4.875939469139750071e-01,4.875101924040839974e-01,4.863993864216815677e-01,1.917657458702619888e-01,-7.787993300302112898e-01
4.452657291801295214e-01,1.778853183018343387e+00,7.505907181671643835e-01,3.727351115786877500e+00,7.438711389909570260e-01,7.470378009700302524e-01,7.464651015628062103e-01,7.375148395684782976e-01,-2.456572895915461796e+00,1.799291510106908909e+00
-4.937096169956842195e-02,-5.565322985230889419e-01,-8.240380515872282041e-01,-6.539393778878228591e-01,-8.197082761846816723e-01,-8.206873266532782596e-01,-8.212963736536009751e-01,-8.153839822922974712e-01,1.487904225723746032e+00,-5.578316507049839723e-01
-1.759584607746987661e+00,-5.613651749453011375e-01,6.734655419804850274e-01,1.496613418734090928e+00,7.074421784853903716e-01,6.995641664540186433e-01,6.954123423883784572e-01,7.424823958802974078e-01,2.925951466316839333e+00,-5.580637462299894436e-01
-3.719874056230476067e-01,-5.792063523929358304e-01,5.644699001322239784e-01,1.570841457998126023e+00,5.629141839337823416e-01,5.636183698632596384e-01,5.635172862272410654e-01,5.614463196976016146e-01,-7.368795864448510202e-02,-5.788554267742671566e-01
6.582562899525206124e-01,2.529477653598765752e+00,9.777309692024429566e-01,4.990919191870918148e+00,9.685798724470939813e-01,9.726188427956563576e-01,9.720973631041902596e-01,9.598749066233644989e-01,-3.395853435029455802e+00,2.557593890692689165e+00
-2.379196165790317674e-01,-6.120513358935467663e-01,-7.445969800040457276e-01,-4.875931544921590644e-01,-7.366561775071799323e-01,-7.385222756381382148e-01,-7.395251516613896570e-01,-7.286159582951906577e-01,1.789333415400957916e+00,-6.129771659777937254e-01
-2.411934825396885973e+00,-7.101218342482341628e-01,1.015984836356983889e+00,2.127937960237650472e+00,1.062184766962704918e+00,1.051178999278984616e+00,1.045818031950832339e+00,1.109791503750080732e+00,3.856074832538786801e+00,-7.053970171838328529e-01
-2.335642159114583172e-01,-3.308849188100551064e-01,6.544097850254290138e-01,2.039665832739042450e+00,6.519787626624345966e-01,6.529648305971577082e-01,6.529121610304633450e-01,6.496602412478139632e-01,-4.003117012423055288e-01,-3.278930179628861685e-01
-2.083510489959788936e-02,3.389548293747629781e+00,1.227355279889284612e+00,6.401218995923332322e+00,1.215454636097194063e+00,1.220195945609740651e+00,1.220000294489841153e+00,1.204045187100387437e+00,-4.459983872275074646e+00,3.426179811262199060e+00
9.986466993971445660e-01,-6.757902643931437137e-01,-6.408677947893157700e-01,-2.787824178208451187e-01,-6.285383828235069359e-01,-6.315737798071656695e-01,-6.329686792702935438e-01,-6.159978369519079067e-01,2.147075413646189368e+00,-6.762366035304916423e-01
-5.200740123472118170e-02,-8.700262930344380141e-01,1.415529531787629525e+00,2.851053243278630855e+00,1.475471805612443621e+00,1.460585231133868289e+00,1.454210076171492005e+00,1.537141809373944623e+00,4.884897619257844603e+00,-8.636281777872001353e-01
-6.720534839573799601e-03,-5.547209721995877141e-02,7.491988008062400173e-01,1.490750527129757474e-01,7.458161545672655768e-01,7.470162256481550633e-01,7.471034611086387889e-01,7.425569406611222112e-01,1.298333361858605151e-01,-4.965708781629651902e-02
-8.762013912261161497e-02,4.249528794439679125e+00,1.461941369689239822e+00,9.750993510431567035e-01,1.447347708626236074e+00,1.452449376421148131e+00,1.452882156053115326e+00,1.433233315288076737e+00,-3.618377806762518301e-02,4.294318826153257440e+00
9.990046799026760516e-01,-7.415763991308647052e-01,-5.225391702352570888e-01,-9.845902141867884927e-01,-5.054632437086530317e-01,-5.098895944113739365e-01,-5.115887207259772751e-01,-4.880776315795002374e-01,6.713284276932494077e-01,-7.414779977997054683e-01
-4.460548769548259435e-02,-1.015058312204907276e+00,1.824995333362485539e+00,1.748774145726485485e-01,1.898310651764429036e+00,1.879186577749315079e+00,1.872261830181128905e+00,1.973584650435539212e+00,7.411599976866733996e-01,-1.006941653822969851e+00
4.353498014173678987e-01,2.116248129735145422e-01,8.372964650613067272e-01,2.094965995022983196e-01,8.330052659666244974e-01,8.343196335169466016e-01,8.346255189664675278e-01,8.288325143565441477e-01,7.913370961510426405e-01,-2.708066124080979464e-01
-5.692300212965667461e-01,4.981414569234678957e+00,1.642022600764329487e+00,1.127668995975537047e+00,1.625216330795194120e+00,1.630294736673131073e+00,1.631545744006023257e+00,1.608824802026229239e+00,1.765669710348938271e-01,9.411460479910277455e-02
9.648362377090794473e-01,-8.015846558795157728e-01,-4.052353589389807720e-01,-9.686786433017703368e-01,-3.836502927109182171e-01,-3.895319904363463426e-01,-3.913930679946012181e-01,-3.616856916101007791e-01,2.357876301436351851e-01,2.583577427308321739e-01
2.628517346402506338e-01,-1.119166838079773019e+00,2.186386108337741607e+00,2.969633536007009744e-01,2.270609186015002390e+00,2.247545348676212473e+00,2.240631795706285345e+00,2.356895226415248512e+00,9.718046066320370491e-01,-9.660493138401523572e-01
4.077967624519560630e-01,-2.544522179536421458e-01,9.092831982691016446e-01,2.601652832096065238e-01,9.042313787244105061e-01,9.055704218770895819e-01,9.061265526620120303e-01,8.992816883591554511e-01,7.965012111051038568e-01,-2.655235241166269411e-01
-6.684277638903880492e-01,9.414086915341951523e-02,1.743397078364917308e+00,1.229277171639568955e+00,1.725146577239021983e+00,1.729919418934098951e+00,1.731979278232673947e+00,1.707218856319903777e+00,1.253218345187423755e-01,1.281240589572623656e-01
9.733050112451093749e-01,2.785519802435639236e-01,-3.038254695000569550e-01,-9.515995923604850804e-01,-2.784820179854839983e-01,-2.856914855052680724e-01,-2.875786427187135841e-01,-2.527211695228960275e-01,2.792372134223622959e-01,2.133330669584308503e-01
2.054496915816676483e-01,-9.604211546516399078e-01,2.455976220712579927e+00,4.143562828011084775e-01,2.547249627305944841e+00,2.521174994502757727e+00,2.514710963831455981e+00,2.640574419939467177e+00,1.054426854165958716e+00,-1.091926520044692372e+00
3.860743780732911468e-01,-2.509000750890630904e-01,9.611741371295045022e-01,2.976070487150325738e-01,9.555612712804086861e-01,9.568695401771585285e-01,9.576566556544939823e-01,9.500301436832331303e-01,7.984090409953351619e-01,-2.608932064458471256e-01
-7.400764571154451188e-01,1.208854588274129171e-01,1.764072170281896446e+00,1.275724172142087109e+00,1.745206574897191665e+00,1.749542650159385815e+00,1.752237228979745431e+00,1.726571876759747770e+00,6.502775146884531843e-02,1.576877435846911202e-01
9.772582967112130037e-01,2.480646465543560331e-01,-2.267872901573115552e-01,-9.364029484761722255e-01,-1.986823071261387130e-01,-2.069532797069397190e-01,-2.087779881847442176e-01,-1.701473023764804027e-01,3.112013783470050088e-01,1.789544755603374449e-01
1.346874933579936817e-01,-1.037535781061916129e+00,2.618971851585146116e+00,5.177834345401918226e-01,2.713174977225586648e+00,2.685345358869911436e+00,2.679549089248635330e+00,2.809341010674264894e+00,1.089488000619437846e+00,-1.170779823465650571e+00
3.710916201564555261e-01,-2.481565717312419761e-01,9.940595325372812985e-01,3.219342305596818998e-01,9.880827255006652265e-01,9.893370741943690039e-01,9.903062206085803121e-01,9.821686538721231541e-01,7.984314740136161381e-01,-2.574211320800866565e-01
-7.849718524170703482e-01,1.435319058085724464e-01,1.718140292556556314e+00,1.274656991791760952e+00,1.699371022840915124e+00,1.703251747670967431e+00,1.706342611706400669e+00,1.680756892689173609e+00,1.175973723655646119e-03,1.818100362423509253e-01
9.783564412391073661e-01,2.274844793537701415e-01,-1.753863403006871713e-01,-9.248857062133180040e-01,-1.454971745553981510e-01,-1.545178671021165129e-01,-1.562415025036484884e-01,-1.151811230851817608e-01,3.318779380707522209e-01,1.559103419034297833e-01
5.753363626858365443e-02,-1.076692912271441926e+00,2.685509537874013919e+00,6.034621465919159933e-01,2.779127665219017107e+00,2.750769680002760342e+00,2.745679592147840076e+00,2.874582056407092523e+00,1.083897433113291786e+00,-1.206671958599676575e+00
3.623552181599019595e-01,-2.464008530945384912e-01,1.011702240836508837e+00,3.353257422158698597e-01,1.005525055010998869e+00,1.006721443149946937e+00,1.007817615105065734e+00,9.993953372293352677e-01,7.977596540805028669e-01,-2.552488754577559860e-01
-8.079220650298944983e-01,1.620437910099922774e-01,1.625269991220195998e+00,1.238568773892488872e+00,1.607118318138844870e+00,1.610577977214797452e+00,1.613844973472141842e+00,1.589065989860250827e+00,-6.217838717600010501e-02,2.007347657125701512e-01
9.781340804745650708e-01,2.157188435886208677e-01,-1.463208250872532756e-01,-9.176216310920924935e-01,-1.154553600170841743e-01,-1.249413944396742943e-01,-1.265573888497508181e-01,-8.417452923507544316e-02,3.432074981582324269e-01,1.428261197074317534e-01
-2.056340449359449207e-02,-1.085907606817317017e+00,2.677554310514450364e+00,6.718477231961301754e-01,2.768021921960953868e+00,2.740117609994759729e+00,2.735679195734138425e+00,2.860186300921224944e+00,1.048575278779713793e+00,-1.209092079658173668e+00
3.587730831395603004e-01,-2.456199584969299132e-01,1.018361208850470545e+00,3.405110036377102523e-01,1.012105582918950031e+00,1.013247698293259447e+00,1.014423519973667309e+00,1.005886074211694847e+00,7.972211943088931552e-01,-2.543009340346977787e-01
-8.146707483440167596e-01,1.769340397846513868e-01,1.503429313839144132e+00,1.179538820713226244e+00,1.486233564711025856e+00,1.489319347897539947e+00,1.492595890929118596e+00,1.469098541879958475e+00,-1.226485879009340252e-01,2.152814932670818471e-01
9.777111373207606482e-01,2.109792127368325387e-01,-1.347250832688264566e-01,-9.144325426184123362e-01,-1.034843705412357706e-01,-1.132110243000720995e-01,-1.147270424163399916e-01,-7.184383658784407323e-02,3.475712679866271304e-01,1.375945788128379588e-01
-9.618828259166886663e-02,-1.073899136020623812e+00,2.618030020415687442e+00,7.254511106322309999e-01,2.703686787850050344e+00,2.676920657139121751e+00,2.673051887063693677e+00,2.790900730941497709e+00,9.939650751975211973e-01,-1.188104990963216423e+00
3.592001722977234413e-01,-2.457171241419339458e-01,1.017674886805316481e+00,3.399265780647588442e-01,1.011425782704799436e+00,1.012518963541054751e+00,1.013738785150881894e+00,1.005204636074049640e+00,7.973165395456952576e-01,-2.544191765379826276e-01
-8.102429794822949560e-01,1.888674994257321937e-01,1.366188929228609794e+00,1.107030631451062286e+00,1.350144759476609835e+00,1.352899796737421223e+00,1.356074491119097836e+00,1.334135309630115618e+00,-1.791006132626139502e-01,2.263723983250806870e-01
9.777994571917208999e-01,2.115183527111957063e-01,-1.359939012188365881e-01,-9.148375816153719864e-01,-1.047962900711788131e-01,-1.146009422319959059e-01,-1.160282764068942124e-01,-7.321622951024134296e-02,3.470771386580061013e-01,1.381963219585461145e-01
-1.675541371808879632e-01,-1.047963184871720133e+00,2.525702108435718518e+00,7.672329845283669680e-01,2.605590938837963666e+00,2.580389753455534674e+00,2.577012535188291320e+00,2.686902530557361501e+00,9.281938852792992467e-01,-1.152022625414816259e+00
3.626792164195780654e-01,-2.465798715574660793e-01,1.012370818028363928e+00,3.354480720713775010e-01,1.006184840497583721e+00,1.007233816521095449e+00,1.008472763858442978e+00,1.000020981279229115e+00,7.983246728556330218e-01,-2.554414243323415712e-01
-7.984583343260610588e-01,1.984582948146853543e-01,1.222779615307238776e+00,1.027681306866509825e+00,1.207983116939996382e+00,1.210442578666271363e+00,1.213447427554812830e+00,1.193203905998214687e+00,-2.311528658542405801e-01,2.348117139965130995e-01
9.788186398401887978e-01,2.159241892194473378e-01,-1.464659325238911181e-01,-9.183231333157947374e-01,-1.155899858618356923e-01,-1.253613890861209612e-01,-1.267104304280645410e-01,-8.434977544873410726e-02,3.433397828225050463e-01,1.430152489635451718e-01
-2.339076054699021912e-01,-1.013477160196156523e+00,2.414181819496981074e+00,7.998284097296404216e-01,2.487835539677117236e+00,2.464435329523158469e+00,2.461484980388808363e+00,2.562784565573070328e+00,8.569308280720866478e-01,-1.106914112127267424e+00
