9.592714199664535979e-01,9.592633382190731695e-01,9.592673452123361422e-01,9.592521531469332396e-01,9.592645128122895271e-01,9.592629709918744085e-01,9.592719544904085849e-01,9.592723093012492930e-01,9.592390326435878967e-01,9.592638848109076299e-01
-4.808861993380721955e-01,-4.808993981280338947e-01,-4.808924830436342446e-01,-4.808871986270044641e-01,-4.808935560241573426e-01,-4.808948539777976317e-01,-4.808878437037326092e-01,-4.808899149042983323e-01,-4.808941481124145434e-01,-4.808894218389352937e-01
5.177929958425011581e-01,-3.619313646162535814e-01,5.178065731802933280e-01,-3.618952569109185613e-01,5.178129859422593295e-01,5.178171226098557955e-01,5.177934623484329313e-01,5.177947078547731063e-01,-3.618792605281827557e-01,-3.619200887336724293e-01
8.875610199769605746e-01,9.527250623307383925e-01,8.875599908144735650e-01,9.527221440096400595e-01,8.875595004084959605e-01,8.875592044862387064e-01,8.875610256621713212e-01,8.875608866357946880e-01,9.527206812235013977e-01,9.527241271138411349e-01
8.891500879822031855e-01,8.891136822450125266e-01,8.891647033271334877e-01,8.891431072851964101e-01,8.891558701293706957e-01,8.891817715127361410e-01,8.891558505473058371e-01,8.891621488207958057e-01,8.890687807114796559e-01,8.891486939199956252e-01
-5.100358281621875101e-01,-5.100431850063176231e-01,-5.100439913773897604e-01,-5.100371664050857845e-01,-5.100440388815891124e-01,-5.100493564458018492e-01,-5.100379736527547170e-01,-5.100408648823016033e-01,-5.100333080979144729e-01,-5.100391903658908488e-01
6.241942228917574109e-01,-2.384387407540746184e-01,6.241780376973109501e-01,-2.384719556613450753e-01,6.241932682518734898e-01,6.241554608360100342e-01,6.241864305594285733e-01,6.241782269956788198e-01,-2.383498612809282491e-01,-2.384861702145352758e-01
7.739219495677220895e-01,8.978885259643144545e-01,7.739241328417100219e-01,8.978937035006825385e-01,7.739221124555946130e-01,7.739279775585085064e-01,7.739228346354228849e-01,7.739240894616963296e-01,8.978749029771578849e-01,8.978958063900793762e-01
7.844795983145727014e-01,7.843377332102848820e-01,7.845686232759228051e-01,7.845894979972476424e-01,7.845456723032652180e-01,7.846892648863975639e-01,7.845027197839786748e-01,7.845180875283428445e-01,7.843073997731978553e-01,7.845287404202745396e-01
-5.261581403545118052e-01,-5.261387835751827335e-01,-5.261822529438060503e-01,-5.261842863517792734e-01,-5.261791797817914063e-01,-5.262121242738202476e-01,-5.261634362500459128e-01,-5.261688647096407490e-01,-5.261292885145026910e-01,-5.261721889574898503e-01
7.545868696268931419e-01,-7.312505075549344258e-02,7.544765227178762412e-01,-7.350661981955214364e-02,7.545089050291030608e-01,7.543244298521560864e-01,7.545571394716082958e-01,7.545372202714265564e-01,-7.305906322326136126e-02,-7.341627460883726197e-02
6.554584079994005830e-01,8.301327219221893428e-01,6.554810693643469133e-01,8.302168438167870645e-01,6.554750521184097289e-01,6.555158059846328822e-01,6.554634313111779020e-01,6.554680948869034962e-01,8.301182096034721569e-01,8.301971602584076182e-01
6.467555036150529624e-01,6.463804323779236416e-01,6.470017543142877470e-01,6.471537918693089919e-01,6.469526395290468024e-01,6.473594979949576222e-01,6.468156466229032509e-01,6.468347180204494506e-01,6.464295157927395508e-01,6.469279299958050622e-01
-5.264046440630377743e-01,-5.263069336969270484e-01,-5.264774902334808937e-01,-5.265206153587056459e-01,-5.264667437383273585e-01,-5.265855222971141947e-01,-5.264198525529213413e-01,-5.264279375408901229e-01,-5.263184730675357637e-01,-5.264571272768557852e-01
8.937550390221578045e-01,1.227192368498746383e-01,8.934858007757333631e-01,1.216022191999071161e-01,8.935437691655058190e-01,8.930957442303466554e-01,8.936879415081105948e-01,8.936641698052141258e-01,1.226718128346938469e-01,1.219262897700362364e-01
5.319241403274626023e-01,7.471457173324308476e-01,5.319976850783572075e-01,7.474682444372824364e-01,5.319835656802692769e-01,5.321130787286674213e-01,5.319396702400921439e-01,5.319474193666441364e-01,7.471595359963154603e-01,7.473755783890984050e-01
4.868082997579207261e-01,4.860781518727242956e-01,4.872938751027351967e-01,4.876722373586279691e-01,4.872075784038331081e-01,4.880299788585708010e-01,4.869307379309950057e-01,4.869273803928097499e-01,4.862639779172354126e-01,4.871814380635475228e-01
-5.111631607994316928e-01,-5.109068305521210496e-01,-5.113365429532213957e-01,-5.114761443257574980e-01,-5.113113523859239562e-01,-5.116112357378688191e-01,-5.112012483736682045e-01,-5.112038041007793687e-01,-5.109718691162037363e-01,-5.113005228594491580e-01
1.021133946754306132e+00,3.272033837986412785e-01,1.020680020508405450e+00,3.250560898733421689e-01,1.020765648324507779e+00,1.019999035039170332e+00,1.021018608589965293e+00,1.021013251372880459e+00,3.269809423455936059e-01,3.257141273120736646e-01
4.070806086344875840e-01,6.517209055697694708e-01,4.072375948063607920e-01,6.525005455300498802e-01,4.072112816989048034e-01,4.074897720260572398e-01,4.071153212710404423e-01,4.071191223114900559e-01,6.518019991593668738e-01,6.522636373875764226e-01
3.223836135796532831e-01,3.212669400407779374e-01,3.231539694499999671e-01,3.238050072432477333e-01,3.230268845757577889e-01,3.243542633342845205e-01,3.225967095724688871e-01,3.225117854037202747e-01,3.215795385616532220e-01,3.230052892999553116e-01
-4.851749618657033580e-01,-4.846780661045014815e-01,-4.855119422860472156e-01,-4.858120162808440279e-01,-4.854652206203287079e-01,-4.860642484065693103e-01,-4.852580143517714051e-01,-4.852257448842441367e-01,-4.848167780965485507e-01,-4.854556116495398754e-01
1.118391481758630901e+00,5.147226025209873379e-01,1.117789319580368979e+00,5.115484658650593097e-01,1.117894849377805144e+00,1.116866196092273000e+00,1.118227184185058176e+00,1.118270935821289003e+00,5.143583100635913397e-01,5.125446495082515153e-01
2.869819729241598338e-01,5.514579455944310649e-01,2.872410838727762483e-01,5.528880737030144044e-01,2.872009364718104973e-01,2.876643226011626475e-01,2.870448734350149467e-01,2.870283222545113033e-01,5.516228009199124482e-01,5.524427641322616767e-01
1.710725836283694679e-01,1.696686484916215820e-01,1.721171397700008154e-01,1.730048806726307564e-01,1.719555069170504435e-01,1.737728886454349697e-01,1.714022626082707390e-01,1.711519378879727549e-01,1.700078794275881044e-01,1.719403063439549073e-01
-4.563752137446037693e-01,-4.555881026401635281e-01,-4.569420834903254458e-01,-4.574545993202562277e-01,-4.568684158021726893e-01,-4.578903896827203335e-01,-4.565380115453074317e-01,-4.564070982719348191e-01,-4.557773702219999334e-01,-4.568615636798724067e-01
1.176879837062807965e+00,6.662914037120614141e-01,1.176216934887023946e+00,6.624216117678990434e-01,1.176327975148728999e+00,1.175190053724075812e+00,1.176681525083725255e+00,1.176787757626795772e+00,6.659094827556704121e-01,6.636519290310292085e-01
1.764090540002788976e-01,4.554994772595641339e-01,1.767650733146352571e-01,4.576761046341040196e-01,1.767128228726527195e-01,1.773521722325225869e-01,1.765053485488689289e-01,1.764503154482158220e-01,4.557157673029224587e-01,4.569894799928189144e-01
4.382596935162118290e-02,4.232112885371983046e-02,4.508485224118624624e-02,4.610747457742514488e-02,4.490147969799479499e-02,4.709967983039367589e-02,4.428531124406057118e-02,4.379702470075989840e-02,4.254403326593679535e-02,4.489116041130294943e-02
-4.334276656899033187e-01,-4.323447024671847050e-01,-4.342948840652733900e-01,-4.350511359451146309e-01,-4.341907155850742717e-01,-4.357647813654416669e-01,-4.337205244123752967e-01,-4.333868130987325040e-01,-4.325044587584479516e-01,-4.341863968674422036e-01
1.199147450032439055e+00,7.754620703100398860e-01,1.198526715719040903e+00,7.713833976601351949e-01,1.198629175647675016e+00,1.197565499262077893e+00,1.198947817617330935e+00,1.199085683682043157e+00,7.751965257882820204e-01,7.726892850262138124e-01
7.584798672067973035e-02,3.706343044815715859e-01,7.627213418292921876e-02,3.735612112627482162e-01,7.621147015157647697e-02,7.697311234185810758e-02,7.597214982543727679e-02,7.587949981631139651e-02,3.708277666138156126e-01,3.726316802522826044e-01
-5.691330525698453519e-02,-5.832836819098641268e-02,-5.552717592896859455e-02,-5.449147423213349800e-02,-5.571820231243693883e-02,-5.330071124538340172e-02,-5.633305042935377732e-02,-5.708324570529316883e-02,-5.833482041364427412e-02,-5.572615839609675048e-02
-4.240158279298077426e-01,-4.226600470708490320e-01,-4.252717546978973528e-01,-4.262912629173784551e-01,-4.251337968470835227e-01,-4.274185302991973523e-01,-4.245083855352719260e-01,-4.238250119594306198e-01,-4.226567713331906839e-01,-4.251301334246683217e-01
1.194516934743222958e+00,8.467450642444861453e-01,1.194021133057880713e+00,8.428878319056540835e-01,1.194106200157630138e+00,1.193263765316212588e+00,1.194358592460085688e+00,1.194456646810058364e+00,8.466625378472137919e-01,8.441262891838329230e-01
-1.949003287671546847e-02,2.993405278349441923e-01,-1.904441326843187010e-02,3.030023269569029898e-01,-1.911027449809085677e-02,-1.831308405456598398e-02,-1.936191893764580008e-02,-1.944782264890015933e-02,2.994244364912145295e-01,3.018369349229227949e-01
-1.351582462063677936e-01,-1.363445830129648428e-01,-1.337400888035260305e-01,-1.327962513019376456e-01,-1.339266993887570922e-01,-1.314672225221932556e-01,-1.344895479197891763e-01,-1.354632005061894295e-01,-1.366221462040027035e-01,-1.339350033028416931e-01
-4.347978122579799765e-01,-4.332000457557464435e-01,-4.365736425564396006e-01,-4.378804861538808657e-01,-4.363969396848954574e-01,-4.396242316095879676e-01,-4.355884086402922462e-01,-4.343523377153434284e-01,-4.328428150278246234e-01,-4.363894327752012581e-01
1.173055699524180984e+00,8.899720889170636973e-01,1.172728550225532240e+00,8.866066315408435150e-01,1.172793554111958514e+00,1.172247016833706246e+00,1.172975322753850191e+00,1.172956690876514330e+00,8.900571246912150070e-01,8.876872223875590384e-01
-1.192575265361925652e-01,2.400263728351163528e-01,-1.188522470894549099e-01,2.444756240255379631e-01,-1.189228007008230337e-01,-1.182024341579834825e-01,-1.191750490610885838e-01,-1.191446989760816949e-01,2.399243419915350062e-01,2.430611391153874035e-01
-1.982637081844713656e-01,-1.991463894165729775e-01,-1.969133825535842042e-01,-1.961372714079784862e-01,-1.970860698679742229e-01,-1.947695130302511679e-01,-1.975615598178981358e-01,-1.986607561351283746e-01,-1.996584461285548229e-01,-1.970973120226865993e-01
-4.725227643443932757e-01,-4.707144114596099049e-01,-4.750236514621215544e-01,-4.766587507480989916e-01,-4.748004666093547099e-01,-4.793284044784317244e-01,-4.737548030855608938e-01,-4.716759067120401272e-01,-4.697271203925766914e-01,-4.747787192235306541e-01
1.141337845790976635e+00,9.150796670443268610e-01,1.141181463067387769e+00,9.123350700298058502e-01,1.141227981539109759e+00,1.140975182316742886e+00,1.141350467926624423e+00,1.141175326704801041e+00,9.152648548624298108e-01,9.132157174532236077e-01
-2.374977926678366047e-01,1.881872439368597605e-01,-2.372143614063466077e-01,1.936136381813474694e-01,-2.372941413548741718e-01,-2.367920406011557177e-01,-2.375447749389325014e-01,-2.372006893787890480e-01,1.878402526660231386e-01,1.918927036809259246e-01
-2.546784245550026138e-01,-2.552375351438204709e-01,-2.535123435706466144e-01,-2.529545918573322671e-01,-2.536633752265796127e-01,-2.517005814671314234e-01,-2.540224001963227174e-01,-2.550902794414970920e-01,-2.558682442730204065e-01,-2.536780746031619960e-01
-5.454187808107153757e-01,-5.434360815834271552e-01,-5.489537351871489612e-01,-5.509813322088185084e-01,-5.486733944780672889e-01,-5.550353812193284941e-01,-5.472985377457619816e-01,-5.439629044080570575e-01,-5.414169301272195867e-01,-5.486162633185576176e-01
1.100718209870822140e+00,9.292609645361415982e-01,1.100697134263831645e+00,9.272031234205460049e-01,1.100727956740134905e+00,1.100700236991990044e+00,1.100806061153743798e+00,1.100505099150559829e+00,9.294635355403603194e-01,9.278641706173996750e-01
-3.927115782171721192e-01,1.373947463686063242e-01,-3.926577999648634965e-01,1.441817354249201044e-01,-3.927597106658475834e-01,-3.926506254963003650e-01,-3.930138905450371034e-01,-3.920482365805252889e-01,1.367627416975247812e-01,1.420337809497920212e-01
-3.129554339215891989e-01,-3.132149196819891679e-01,-3.121239835537045759e-01,-3.118184640261074114e-01,-3.122465517831232162e-01,-3.109014642027021491e-01,-3.124543878396468521e-01,-3.132695803334720197e-01,-3.137630268009171663e-01,-3.122596459092803478e-01
-6.642111520862051810e-01,-6.620828363723497700e-01,-6.692108765483133492e-01,-6.717306267650101637e-01,-6.688594952715586350e-01,-6.777950199165383438e-01,-6.670144161163817920e-01,-6.618717738679984475e-01,-6.584939877880703341e-01,-6.687325043500026434e-01
1.047355530724730199e+00,9.362505994255829744e-01,1.047402518901707769e+00,9.349672930791095293e-01,1.047418169473814942e+00,1.047497221317115867e+00,1.047463355015768594e+00,1.047156004371556648e+00,9.363989028314623209e-01,9.353825072573060950e-01
-6.082001629677769028e-01,7.981935248844820863e-02,-6.085026160691208164e-01,8.860155404155652115e-02,-6.086518263407901808e-01,-6.091250231866222054e-01,-6.089191113243697107e-01,-6.069213526851001683e-01,7.888271558998001531e-02,8.582487594057587599e-02
-3.816114782998047961e-01,-3.816186857777025265e-01,-3.813099899612919508e-01,-3.812872858342470361e-01,-3.813971681491208909e-01,-3.810051071879011486e-01,-3.814032190821529666e-01,-3.816841746885060727e-01,-3.818067659560637761e-01,-3.813961584552477135e-01
-8.423430079940450455e-01,-8.400037656432660649e-01,-8.493488505281039380e-01,-8.525389504043539013e-01,-8.489062947145982196e-01,-8.613551567458558322e-01,-8.463904361178445912e-01,-8.388153704379941455e-01,-8.342721927861359577e-01,-8.486705321846476080e-01
9.730265575784959875e-01,9.367788339802363140e-01,9.730559361511799121e-01,9.364499484366402005e-01,9.730517736779524807e-01,9.730986167491506578e-01,9.730698549384472207e-01,9.729525166472245967e-01,9.368254757987779513e-01,9.365632510406263211e-01
-9.119443362655023089e-01,6.486762942678678256e-03,-9.127016846130364680e-01,1.819552152203571249e-02,-9.129362082936561817e-01,-9.141268409238683113e-01,-9.132271836967698064e-01,-9.097916406588546501e-01,5.230135340060088067e-03,1.449396878816142098e-02
-4.692095207656631350e-01,-4.689742881712598566e-01,-4.696718699363204852e-01,-4.699901357936428492e-01,-4.697138916299410383e-01,-4.706787715085717361e-01,-4.694440240676263087e-01,-4.688917660362027506e-01,-4.685197884110754440e-01,-4.696847120697390521e-01
-1.094421553890670973e+00,-1.091473269231095333e+00,-1.104009518494923903e+00,-1.108230302902934117e+00,-1.103440207918860994e+00,-1.120454211872887962e+00,-1.099988865620174838e+00,-1.089498026941660758e+00,-1.083329381547103010e+00,-1.103088114011582022e+00
8.662245723352870463e-01,9.293913536370530526e-01,8.661655939503343227e-01,9.303294525887269018e-01,8.661321011430336281e-01,8.660379446417167948e-01,8.661239321968855487e-01,8.663946685898593625e-01,9.293039271410840074e-01,9.300420556612614131e-01
-1.334349391358109038e+00,-9.230360847641194688e-02,-1.335507520417869909e+00,-7.646788091425801848e-02,-1.335867784068845765e+00,-1.337701340716429987e+00,-1.336190920319338504e+00,-1.331243799072270528e+00,-9.396875376871274832e-02,-8.147662202663145947e-02
-5.834812269686506792e-01,-5.828431792744147577e-01,-5.849318715937223967e-01,-5.857329109221613983e-01,-5.849106809790097783e-01,-5.876455094810940638e-01,-5.842678577881085245e-01,-5.826934253810521769e-01,-5.816544329640465083e-01,-5.848584623741339694e-01
-1.429191682678947473e+00,-1.424491542038456737e+00,-1.441723648834287497e+00,-1.447659248085547912e+00,-1.440962845315898688e+00,-1.463353491356632397e+00,-1.436287183705130310e+00,-1.423055931952276865e+00,-1.414697678734959885e+00,-1.440596072551971307e+00
7.144604637138357583e-01,9.113860263733093436e-01,7.143352225746728568e-01,9.140167208875973337e-01,7.142648198627309375e-01,7.140519947633593434e-01,7.142248049329747994e-01,7.148855976344558050e-01,9.110966515290951362e-01,9.131926348083785339e-01
-1.898107667926745679e+00,-2.252453339130421339e-01,-1.899162188755082026e+00,-2.040324061908495579e-01,-1.899663271698821765e+00,-1.901473651799149067e+00,-1.900047774369305609e+00,-1.894575908724833946e+00,-2.276737655927063564e-01,-2.107529662035368678e-01
-7.264572784495113567e-01,-7.249392775222902596e-01,-7.289533448947237426e-01,-7.304926723715512438e-01,-7.288395510029150870e-01,-7.335206265928417846e-01,-7.277448680163953743e-01,-7.253371946491173894e-01,-7.234567274553339589e-01,-7.288230774782915589e-01
-1.827914345113202943e+00,-1.819375786470280643e+00,-1.842898598501476970e+00,-1.851472190260156303e+00,-1.841859758118805201e+00,-1.869133929666424443e+00,-1.835860026478893570e+00,-1.821607699781862433e+00,-1.810694593496779969e+00,-1.841780392776591224e+00
5.122519049392171286e-01,8.806378304202271412e-01,5.123532684113010216e-01,8.853754500239434666e-01,5.122516821204810000e-01,5.123276123416716787e-01,5.121363453757458162e-01,5.126194078533962140e-01,8.799452188322945956e-01,8.838784240454422569e-01
-2.585187669266889809e+00,-3.936949985571955302e-01,-2.584560841648324558e+00,-3.663208336820726885e-01,-2.585164942634213592e+00,-2.584744369641478023e+00,-2.585822802715990409e+00,-2.583005557139396835e+00,-3.977772783305754123e-01,-3.750250613585343062e-01
-8.823870027833522478e-01,-8.794150940070930567e-01,-8.855326300369500414e-01,-8.879816943821889907e-01,-8.853056036858117928e-01,-8.913427978893375681e-01,-8.838325874721530973e-01,-8.813890077585246896e-01,-8.787146460964173622e-01,-8.854359699461831212e-01
-2.206121384332919710e+00,-2.192160195169893022e+00,-2.221386179869598632e+00,-2.232767910533542732e+00,-2.220056475989618860e+00,-2.248743685374378742e+00,-2.213312997620546341e+00,-2.201549170740964456e+00,-2.188806175628946527e+00,-2.220662461461818005e+00
2.808708776348992631e-01,8.399315035896569581e-01,2.819875438650247812e-01,8.469787938996991006e-01,2.818673607519236457e-01,2.834353593714267205e-01,2.814877669647385394e-01,2.804313883970294130e-01,8.384762545253366950e-01,8.447369065690041312e-01
-3.273619795364383744e+00,-5.776618722603084066e-01,-3.268192445494404463e+00,-5.443606200069650569e-01,-3.268863730187581140e+00,-3.261392263644431466e+00,-3.270580787904231013e+00,-3.275664226546122215e+00,-5.846241271715080234e-01,-5.549996374813530586e-01
-1.012105955957186998e+00,-1.007917271556526329e+00,-1.015105797284242328e+00,-1.018103008976504409e+00,-1.014800833330495200e+00,-1.020781093296253772e+00,-1.013268464472006247e+00,-1.011640349957075635e+00,-1.008682601904772325e+00,-1.015116639248992758e+00
-2.422308051369863602e+00,-2.405085572570742958e+00,-2.434901801144041311e+00,-2.447111362735576279e+00,-2.433481264754479678e+00,-2.458147050185183868e+00,-2.427330626339482933e+00,-2.420518408346223449e+00,-2.408238019106677008e+00,-2.434757470254063971e+00
8.065585366966651626e-02,8.008773148102930062e-01,8.371530519712275242e-02,8.101334237353721157e-01,8.355359461855160763e-02,8.821309089493151179e-02,8.255003219213277732e-02,7.884803926169031696e-02,7.984951139445245483e-01,8.071820771251960736e-01
-3.738717070174569557e+00,-7.309499945677094823e-01,-3.725875050410378364e+00,-6.929281668758785484e-01,-3.726722874291417575e+00,-3.707442545325054351e+00,-3.730709502966410351e+00,-3.746112701505717180e+00,-7.408295544474976513e-01,-7.050927638175935597e-01
-1.084530202908436936e+00,-1.080272507031374118e+00,-1.086923217927992180e+00,-1.089753099853240537e+00,-1.086617010126774696e+00,-1.091555569136207549e+00,-1.085327796141636547e+00,-1.084465055846030701e+00,-1.081820031326406584e+00,-1.087003838412643697e+00
-2.410498057269605088e+00,-2.394743744243890138e+00,-2.419494491696997152e+00,-2.429876288972358189e+00,-2.418257222206891655e+00,-2.436524263743854224e+00,-2.413602220037600610e+00,-2.410350935781742088e+00,-2.400478015647269370e+00,-2.419664516754476136e+00
-3.519281964406482943e-02,7.761300334767442521e-01,-3.017536564316161685e-02,7.871833864722277418e-01,-3.042818838345472121e-02,-2.240902960927737553e-02,-3.223147680190321940e-02,-3.795415765183900170e-02,7.732090722844405795e-01,7.836732192773167016e-01
-3.855794346718916632e+00,-8.190616307393051576e-01,-3.836922132314515288e+00,-7.783067780427160853e-01,-3.838094455049029019e+00,-3.808343015140026822e+00,-3.844566671772539745e+00,-3.865917221295411377e+00,-8.299250819691763592e-01,-7.912889892182707330e-01
-1.106445139617471707e+00,-1.102914595920553742e+00,-1.108319550022915712e+00,-1.110620218782184310e+00,-1.108056722494331847e+00,-1.111971390897511291e+00,-1.107063173055512273e+00,-1.106432969606438554e+00,-1.104284092593045941e+00,-1.108396714635537794e+00
-2.243347293921745589e+00,-2.231395031747589464e+00,-2.249771613891084598e+00,-2.257493387665552298e+00,-2.248813387027402744e+00,-2.262036860327552468e+00,-2.245538630679458247e+00,-2.243368156258575663e+00,-2.236033481496344955e+00,-2.249947327576470979e+00
-7.152990881506607335e-02,7.674869051990237390e-01,-6.534920467029270430e-02,7.796898321480377758e-01,-6.570227093053659928e-02,-5.549001816552891209e-02,-6.812107715401441443e-02,-7.447492851024262173e-02,7.645514982550322136e-01,7.758414722168027744e-01
-3.719687249981874722e+00,-8.517868467022420287e-01,-3.698442529483836338e+00,-8.106844741993209924e-01,-3.699901737815493252e+00,-3.665314889854418556e+00,-3.707848469785166134e+00,-3.729509104929081165e+00,-8.617598202082955572e-01,-8.236862675903544595e-01
-1.101026556091684760e+00,-1.098320666802846679e+00,-1.102595872940625554e+00,-1.104392520794041710e+00,-1.102380181732105058e+00,-1.105621294094726759e+00,-1.101605551838956920e+00,-1.100898439189912592e+00,-1.099153339692209297e+00,-1.102638146826237620e+00
-2.018598115092798739e+00,-2.010137172832801244e+00,-2.023548077402854695e+00,-2.029114735158746630e+00,-2.022824830350469671e+00,-2.032924824180998957e+00,-2.020474392256473184e+00,-2.018237435723579498e+00,-2.012741226470688094e+00,-2.023622841822311447e+00
-6.219069733415474865e-02,7.694443452331923838e-01,-5.556774682481636918e-02,7.821969990547111840e-01,-5.599339742793341124e-02,-4.479233372342342201e-02,-5.875318763946946882e-02,-6.491135182132375114e-02,7.667563290360681627e-01,7.782015007602770540e-01
-3.479159193930041472e+00,-8.565049384655956111e-01,-3.458135379199574810e+00,-8.168876081525950905e-01,-3.459739164823875335e+00,-3.424764840445527536e+00,-3.468100867136156396e+00,-3.487480787050810882e+00,-8.649322811193359550e-01,-8.293394861502488835e-01
-1.084793133633178641e+00,-1.082729234505573679e+00,-1.086194530271677339e+00,-1.087623745894165106e+00,-1.086015436933836842e+00,-1.088851300659225974e+00,-1.085381505163660831e+00,-1.084530924468224189e+00,-1.083060040681301794e+00,-1.086201833376040371e+00
-1.789451876651996232e+00,-1.783461462001270537e+00,-1.793540606397466153e+00,-1.797647588976722055e+00,-1.792983033973719609e+00,-1.801177469339845238e+00,-1.791204291505644530e+00,-1.788717543464724891e+00,-1.784423946641896741e+00,-1.793522296132143312e+00
-3.297680019946076097e-02,7.768906803468668132e-01,-2.629891521471119931e-02,7.897958252471954932e-01,-2.676594100204060175e-02,-1.528658694805109380e-02,-2.967435046677918339e-02,-3.538207242325533408e-02,7.745008820016936468e-01,7.857732975890687754e-01
-3.220322959352960090e+00,-8.517659862915859526e-01,-3.200642718958368604e+00,-8.146099918168069332e-01,-3.202270132765866251e+00,-3.169058265421704323e+00,-3.210428259862742717e+00,-3.227095927715824430e+00,-8.587155286516185981e-01,-8.262306797304577177e-01
-1.065602995042449708e+00,-1.063982618974611549e+00,-1.066903856445681642e+00,-1.068085715476911002e+00,-1.066750569117480341e+00,-1.069333015490701255e+00,-1.066205990988341679e+00,-1.065237966578970186e+00,-1.063947387956607704e+00,-1.066885292364848192e+00
-1.574557907467592610e+00,-1.570183684398036128e+00,-1.578076838809445048e+00,-1.581232133341969215e+00,-1.577631870738890774e+00,-1.584564552104343882e+00,-1.576216432827841629e+00,-1.573591983027896379e+00,-1.570094536448660705e+00,-1.577998628896257971e+00
3.288521108029275608e-03,7.869875802336157022e-01,9.855040195735326192e-03,7.998215362987575183e-01,9.369100570636675063e-03,2.078588173686585217e-02,6.418724875595485657e-03,1.167432887332828240e-03,7.848653355104835416e-01,7.958365399608096080e-01
-2.975582910023546468e+00,-8.456986509906818661e-01,-2.957580444270251352e+00,-8.113907152243042820e-01,-2.959158286418537287e+00,-2.928492677071865113e+00,-2.966830403909569647e+00,-2.981088170643556801e+00,-8.514344953489298984e-01,-8.220821033982363968e-01
-1.046571648189708714e+00,-1.045247141859894535e+00,-1.047803457808759164e+00,-1.048820634452956035e+00,-1.047668064556156464e+00,-1.050078312844049178e+00,-1.047182410597787161e+00,-1.046138888596265248e+00,-1.044969714276383410e+00,-1.047767976991079042e+00
-1.377730930933209752e+00,-1.374405878632770639e+00,-1.380821238507755178e+00,-1.383343472109131556e+00,-1.380454386375919773e+00,-1.386464238320444853e+00,-1.379285487617657902e+00,-1.376660241077143354e+00,-1.373719290384515457e+00,-1.380711426164078715e+00
4.131577525849278176e-02,7.984511416852116961e-01,4.770932821423221754e-02,8.110960141776476506e-01,4.721857037033964921e-02,5.842337316959192450e-02,4.428092205784386198e-02,3.942250824342305449e-02,7.965488963183675608e-01,8.071809062747867802e-01
-2.752896296144463850e+00,-8.409492938273908091e-01,-2.736592353811123424e+00,-8.095722699430750735e-01,-2.738082228100277238e+00,-2.710144988950882183e+00,-2.745160376262276269e+00,-2.757423227960543510e+00,-8.457270966195978845e-01,-8.193250927790779459e-01
-1.028778805067063429e+00,-1.027651460468907541e+00,-1.029956938645091746e+00,-1.030862562399481597e+00,-1.029834149656564835e+00,-1.032116826568785228e+00,-1.029389500230419419e+00,-1.028305542813964912e+00,-1.027221826740386978e+00,-1.029911211672427829e+00
-1.198009935692745609e+00,-1.195382542033726514e+00,-1.200747503061378119e+00,-1.202829416948266061e+00,-1.200437243494358652e+00,-1.205714567373326718e+00,-1.199448064165433925e+00,-1.196920765652770280e+00,-1.194394496983100185e+00,-1.200625001751699727e+00
7.921412526030294221e-02,8.107855006482863613e-01,8.541702141475912557e-02,8.231809439459445432e-01,8.492992996661671845e-02,9.586195673399826311e-02,8.203237874918134498e-02,7.749791435188646549e-02,8.090599904652019392e-01,8.193512424239376424e-01
-2.551733836777690723e+00,-8.379486445571814324e-01,-2.537044789600867656e+00,-8.094470822804049615e-01,-2.538428652208862157e+00,-2.513168726331071134e+00,-2.544885053256554563e+00,-2.555507238418216698e+00,-8.419696129981343313e-01,-8.182898525930810685e-01
-1.012524929764339054e+00,-1.011530904577374379e+00,-1.013657653565620986e+00,-1.014485371744463960e+00,-1.013544020656013789e+00,-1.015725072751243019e+00,-1.013129536193749569e+00,-1.012030052830332760e+00,-1.011009618229859575e+00,-1.013606204326986671e+00
-1.033407928301154355e+00,-1.031263441892665389e+00,-1.035839491936478840e+00,-1.037598314668269461e+00,-1.035572346586156378e+00,-1.040233878009340307e+00,-1.034722730195329010e+00,-1.032353115266089194e+00,-1.030154631318425995e+00,-1.035715761722482364e+00
1.164806683437264179e-01,8.238597098329165647e-01,1.224924987244200014e-01,8.359759162956238443e-01,1.220141326364527212e-01,1.326523467297585634e-01,1.191701120753168586e-01,1.149023025501639261e-01,8.222764061102080246e-01,8.322385349969555479e-01
-2.369375940537626235e+00,-8.363826939024492368e-01,-2.356191906117738544e+00,-8.106421929081393252e-01,-2.357462901538736944e+00,-2.334747732595415570e+00,-2.363305154539949715e+00,-2.372557552488905319e+00,-8.397962422757135892e-01,-8.186179718301906938e-01
-9.978477264373194489e-01,-9.969459906246663783e-01,-9.989400734569194862e-01,-9.997113148294041185e-01,-9.988333517021654728e-01,-1.000928897498913894e+00,-9.984422141645680204e-01,-9.973437568165226530e-01,-9.963725886059431325e-01,-9.988858440771017921e-01
-8.820727551200501226e-01,-8.802790472552732837e-01,-8.842311030797043170e-01,-8.857398519287809080e-01,-8.839984352720906546e-01,-8.881226990355983730e-01,-8.832627604835923130e-01,-8.810824863243527094e-01,-8.791558982317871918e-01,-8.841126536119299217e-01
1.531379171388496940e-01,8.377072065548768487e-01,1.589646436718870626e-01,8.495309133042430183e-01,1.584980056445691177e-01,1.688392388272921263e-01,1.557137388363737107e-01,1.516685661451238898e-01,8.362396866112579152e-01,8.458882808285441701e-01
-2.203032806686539224e+00,-8.357718983329787132e-01,-2.191243718083142333e+00,-8.126543110219518473e-01,-2.192401090190016166e+00,-2.172074859299186755e+00,-2.197652137463934618e+00,-2.205737301675515294e+00,-8.386879528551176577e-01,-8.198109831168787220e-01
-9.847231797029795120e-01,-9.838872503815649928e-01,-9.857786481439787529e-01,-9.865072585101402058e-01,-9.856773627452704023e-01,-9.876981434098353052e-01,-9.853050840631546459e-01,-9.842182297241357514e-01,-9.832872026480102834e-01,-9.857235032201019376e-01
-7.425429596211109429e-01,-7.410172409018056516e-01,-7.444536093446325609e-01,-7.457593761065246518e-01,-7.442496885151937969e-01,-7.478942482889099352e-01,-7.436105248728633876e-01,-7.416330732124333247e-01,-7.399403617534799915e-01,-7.443438686254537640e-01
1.893794625167627421e-01,8.524341722610789818e-01,1.950291635224423170e-01,8.639616012128550349e-01,1.945760026571624335e-01,2.046253358224742191e-01,1.918538291351369884e-01,1.879981621346066001e-01,8.510623960057627224e-01,8.604136666092586649e-01
-2.050425428844838471e+00,-8.356805703544761821e-01,-2.039928148635762550e+00,-8.150389964494821893e-01,-2.040974504223954433e+00,-2.022879114161760139e+00,-2.045663802409935617e+00,-2.052735081235236070e+00,-8.381809284644765601e-01,-8.214254563649345808e-01
-9.731391560129796225e-01,-9.723517805229006106e-01,-9.741604962169614357e-01,-9.748556056985392404e-01,-9.740636632773762571e-01,-9.760173904405036183e-01,-9.737071310520222234e-01,-9.726383830604751202e-01,-9.717413418142112347e-01,-9.741055858698856040e-01
-6.137231713364382779e-01,-6.124121588598518962e-01,-6.154075072587124051e-01,-6.165420298538248911e-01,-6.152283581353762409e-01,-6.184386746323771167e-01,-6.146730568896313640e-01,-6.129006459701733522e-01,-6.114143243587640830e-01,-6.153080408165940707e-01
2.254278757998068872e-01,8.681770799502314118e-01,2.309092370744165734e-01,8.794104292276649915e-01,2.304705109748143577e-01,2.402371384649985842e-01,2.278105390302760380e-01,2.241192589366227672e-01,8.668857409759493926e-01,8.759556170506672679e-01
-1.909849903088246981e+00,-8.357828682118140229e-01,-1.900548965411033908e+00,-8.174678680462554858e-01,-1.901488796003000248e+00,-1.885470575855648923e+00,-1.905648416209165363e+00,-1.911825277667875689e+00,-8.379297060051924539e-01,-8.231326483307593866e-01
-9.631184370680998530e-01,-9.623682284595773684e-01,-9.641080481311785633e-01,-9.647758439853539869e-01,-9.640149962716731968e-01,-9.659076668268578025e-01,-9.636719177781982726e-01,-9.626250316929363393e-01,-9.617576375492394858e-01,-9.640540511634552168e-01
-4.947919423470364952e-01,-4.936600928364521801e-01,-4.962687973574870792e-01,-4.972546105680449302e-01,-4.961115136211894372e-01,-4.989257234322400647e-01,-4.956303195630558656e-01,-4.940583463030286393e-01,-4.927572675032688698e-01,-4.961800669838825617e-01
2.614789918421287496e-01,8.850814478557490483e-01,2.668009120184128280e-01,8.960271994677636576e-01,2.663770514590522165e-01,2.758726068503378759e-01,2.637779835032597608e-01,2.602315547852540600e-01,8.838586562528022439e-01,8.926628429049936475e-01
-1.780092010211835829e+00,-8.358760265533712319e-01,-1.771898567155004267e+00,-8.197381892299172579e-01,-1.772737432579389205e+00,-1.758648655835526542e+00,-1.776400312738479093e+00,-1.781779197923703650e+00,-8.377178581630836396e-01,-8.247290275196657028e-01
-9.547217710849443817e-01,-9.540010744527988029e-01,-9.556819224072913288e-01,-9.563267581448890997e-01,-9.555921778127461907e-01,-9.574288579718550629e-01,-9.552607451905760216e-01,-9.542376035698285630e-01,-9.533966198923754520e-01,-9.556292048443624232e-01
-3.851086757932333793e-01,-3.841311701367559062e-01,-3.863951739140557007e-01,-3.872492253416475738e-01,-3.862575054450640977e-01,-3.887090976352635674e-01,-3.858424852174858755e-01,-3.844622974806150006e-01,-3.833292081258694584e-01,-3.863170026051160888e-01
2.976794822167652677e-01,9.032885203925106188e-01,3.028511157811201171e-01,9.139566911949179584e-01,3.024421744741667695e-01,3.116801726500992853e-01,2.999017189419030949e-01,2.964843275313236992e-01,9.021248086816262557e-01,9.106792028311607723e-01
-1.660316480279986351e+00,-8.358761022737983826e-01,-1.653147034471236232e+00,-8.217672199349658202e-01,-1.653891095637034958e+00,-1.641589854019236183e+00,-1.657090222771274490e+00,-1.661751861883634662e+00,-8.374518549543539248e-01,-8.261309347278821269e-01
-9.480425921729602745e-01,-9.473461160494945910e-01,-9.489755604787766252e-01,-9.496006619990986497e-01,-9.488887713207395658e-01,-9.506740938217652648e-01,-9.485674549604393713e-01,-9.475686267009484354e-01,-9.467514601535153007e-01,-9.489242784440132805e-01
-2.841366432381876583e-01,-2.832951756885785932e-01,-2.852486593664534942e-01,-2.859844533752626261e-01,-2.851287621869896816e-01,-2.872481054211409868e-01,-2.847731880478416855e-01,-2.835738045654811468e-01,-2.825938981201529532e-01,-2.851805160832564523e-01
3.341144809203281385e-01,9.229227337262797537e-01,3.391454377878275195e-01,9.333266288493341500e-01,3.387511734411585707e-01,3.477469621020047308e-01,3.362662494308912842e-01,3.329644148621864197e-01,9.218103166043525309e-01,9.301315374443808182e-01
-1.549968695919081041e+00,-8.358095691681302064e-01,-1.543744105281069645e+00,-8.235833850631875119e-01,-1.544399842684656132e+00,-1.533749618563239991e+00,-1.547167823768121231e+00,-1.551182041665650102e+00,-8.371513460882482605e-01,-8.273658043037300791e-01
-9.431969893841164465e-01,-9.425209110730260464e-01,-9.441051493741786649e-01,-9.447130742655269753e-01,-9.440210344036729095e-01,-9.457595320241009018e-01,-9.437084556657159284e-01,-9.427335426989414957e-01,-9.419379352167953634e-01,-9.440553169427234881e-01
-1.913833434229241237e-01,-1.906635825916959126e-01,-1.923357462193652223e-01,-1.929646184527076258e-01,-1.922320306526764111e-01,-1.940472359818595227e-01,-1.919300277588766868e-01,-1.908992148514453424e-01,-1.900592737648934272e-01,-1.922769218503559974e-01
3.707937878056641323e-01,9.440748178172837513e-01,3.756943709993825209e-01,9.542310596668046596e-01,3.753142830694867760e-01,3.840852232848688819e-01,3.728811262580998820e-01,3.696826621466439144e-01,9.430070354081047102e-01,9.511129781996005006e-01
-1.448696620844402316e+00,-8.358053495633426255e-01,-1.443341474013833725e+00,-8.253182830775923629e-01,-1.443915505414171685e+00,-1.434784917400360182e+00,-1.446284286040106171e+00,-1.449713091731477776e+00,-8.369402953141497070e-01,-8.285641287840248559e-01
-9.403085064792627845e-01,-9.396498690075348881e-01,-9.411943892332292894e-01,-9.417873333239574762e-01,-9.411127007020516633e-01,-9.428090395813721880e-01,-9.408075597978963200e-01,-9.398554003402014301e-01,-9.390792092188865459e-01,-9.411459257605099271e-01
-1.063553687674720777e-01,-1.057454280979674144e-01,-1.071621307015127728e-01,-1.076939997131142746e-01,-1.070731698837303070e-01,-1.086105499379024369e-01,-1.068195208695557202e-01,-1.059444826569639897e-01,-1.052323780137704445e-01,-1.071118486190857227e-01
4.076290067211653101e-01,9.667750368664961291e-01,4.124104330102428273e-01,9.767037462085188526e-01,4.120437705404809692e-01,4.206095083211045527e-01,4.096580051035079162e-01,4.065512195627112857e-01,9.657459237274037545e-01,9.736563072603406921e-01
-1.356290973648029752e+00,-8.360881960346464581e-01,-1.351733308664465616e+00,-8.272002020382721588e-01,-1.352232259156158412e+00,-1.344495117637170223e+00,-1.354232884029487272e+00,-1.357132398226659209e+00,-8.370397488181404722e-01,-8.299529002787771059e-01
-9.394844654044810506e-01,-9.388407485573894151e-01,-9.403507846770631229e-01,-9.409307931267441028e-01,-9.402712787570778330e-01,-9.419304222437181462e-01,-9.399723297246265208e-01,-9.390411014998856221e-01,-9.382821276288607626e-01,-9.403035525891429991e-01
-2.852479109443674388e-02,-2.801431822196980004e-02,-2.919901229384989916e-02,-2.964281082099864961e-02,-2.912348858892467585e-02,-3.040776064920736044e-02,-2.891353380668552908e-02,-2.818137395226279207e-02,-2.758578890844320952e-02,-2.915649936420890154e-02
4.443937485112501862e-01,9.909487997197640174e-01,4.490683140741938972e-01,1.000673848925577536e+00,4.487140596897538636e-01,4.570968049492809548e-01,4.463707861691837420e-01,4.433438392194112287e-01,9.899527342785008344e-01,9.976896327659144914e-01
-1.272638720685725033e+00,-8.369724001813527714e-01,-1.268810027202276869e+00,-8.295480148062474024e-01,-1.269240425651364967e+00,-1.262776108616655124e+00,-1.270902797267611017e+00,-1.273324388899827575e+00,-8.377611205247557091e-01,-8.318494268828771077e-01
-9.407771273624597752e-01,-9.401459116384017767e-01,-9.416267613436322126e-01,-9.421958792870480659e-01,-9.415491705897384156e-01,-9.431764819094070607e-01,-9.412552491537594657e-01,-9.403424974803787917e-01,-9.395983332026867085e-01,-9.415806043849231921e-01
4.269466491295709210e-02,4.311501158080112417e-02,4.214078961577603921e-02,4.177688357390417495e-02,4.220411359350726560e-02,4.114979275324513741e-02,4.237451866200011436e-02,4.297646618418317355e-02,4.346616732125886673e-02,4.217625668238776659e-02
4.806558954392091132e-01,1.016342275204812795e+00,4.852370385403191877e-01,1.025891537471096848e+00,4.848938697496559813e-01,4.931186026562216496e-01,4.825878236789438169e-01,4.796281821782067967e-01,1.015373673268241461e+00,1.022962020300101083e+00
-1.197683742881996638e+00,-8.388530180958579940e-01,-1.194519185442493470e+00,-8.327625986488563781e-01,-1.194887371946967924e+00,-1.189581487192193698e+00,-1.196239995273283174e+00,-1.198230870202833254e+00,-8.394971192680904526e-01,-8.346526798214235487e-01
-9.441178044477711584e-01,-9.434964639220024818e-01,-9.449537035742225921e-01,-9.455140870085292359e-01,-9.448777060577915332e-01,-9.464789762535797957e-01,-9.445878325876579940e-01,-9.436904347691981165e-01,-9.429583072991107873e-01,-9.449084971625441032e-01
1.079612434242696317e-01,1.083000669669933747e-01,1.075164913278307266e-01,1.072249514601182896e-01,1.075687846412875515e-01,1.067228957205632878e-01,1.077032827806128079e-01,1.081871921025429478e-01,1.085809939094291021e-01,1.075455567352689573e-01
5.156647350930693152e-01,1.042397645069969903e+00,5.201669122771703790e-01,1.051803127796585136e+00,5.198331375223996798e-01,5.279276223505595667e-01,5.175589974505013791e-01,5.146529504683270417e-01,1.041450666608787490e+00,1.048918693022395932e+00
-1.131386770810609566e+00,-8.421890071848626702e-01,-1.128825572076185946e+00,-8.373101529841814328e-01,-1.129137606206522815e+00,-1.124882889058886226e+00,-1.130207327918273386e+00,-1.131810726564204561e+00,-8.427046679020395725e-01,-8.388265504485393764e-01
-9.492034596147251868e-01,-9.485888225351862824e-01,-9.500284236710837549e-01,-9.505824204661197374e-01,-9.499536022867731688e-01,-9.515349601013172176e-01,-9.496672058478038414e-01,-9.487812734895120226e-01,-9.480578596250346379e-01,-9.499841538991609102e-01
1.680046292905350847e-01,1.682698902151140707e-01,1.676588256019515000e-01,1.674327585666229301e-01,1.677011873637134221e-01,1.670439950758060010e-01,1.678029309351191378e-01,1.681802495751041904e-01,1.684874372093859429e-01,1.676820407209890784e-01
5.481658017189712240e-01,1.068044587024664649e+00,5.526040239204649263e-01,1.077342244847457442e+00,5.522774880910966688e-01,5.602718776676878232e-01,5.500304595564456944e-01,5.471626858065367083e-01,1.067112829476578373e+00,1.074492335203111715e+00
-1.073672805327422708e+00,-8.474674379563431614e-01,-1.071658720132661280e+00,-8.436865598847570480e-01,-1.071920281299033606e+00,-1.068617659516993168e+00,-1.072732054538852342e+00,-1.073987156769176776e+00,-8.478689458413394275e-01,-8.448641687279792034e-01
-9.553016259091597906e-01,-9.546895340512204786e-01,-9.561178489969507366e-01,-9.566680485413620039e-01,-9.560436322340433168e-01,-9.576112446879369022e-01,-9.557609776011216640e-01,-9.548816934228626652e-01,-9.541628792933434244e-01,-9.560747457362502866e-01
2.236010480415775437e-01,2.238000138607844636e-01,2.233451128889484272e-01,2.231782971519044034e-01,2.233785569517920400e-01,2.228922833431259132e-01,2.234502540893270883e-01,2.237314610469018916e-01,2.239604984455157988e-01,2.233629430076200517e-01
5.761023209360253139e-01,1.091355083975249940e+00,5.804910729414283210e-01,1.100583915655546585e+00,5.801690266237961024e-01,5.880946517852575495e-01,5.779459086481110175e-01,5.750991392884465814e-01,1.090431243098027858e+00,1.097757471301487264e+00
-1.024346446778297226e+00,-8.551280497252921053e-01,-1.022828227364823706e+00,-8.523420179121156126e-01,-1.023044497735663860e+00,-1.020604213578280905e+00,-1.023621239038589037e+00,-1.024562837028251794e+00,-8.554277989844623065e-01,-8.532125296528265679e-01
-9.609201029022231832e-01,-9.603047918005105377e-01,-9.617283184948295371e-01,-9.622775507972045617e-01,-9.616538916687988880e-01,-9.632132856903874440e-01,-9.613768392887815928e-01,-9.604982329006286346e-01,-9.597787969535225283e-01,-9.616870804331303368e-01
2.755023468570983458e-01,2.756413845806098828e-01,2.753282457800678706e-01,2.752152102898184349e-01,2.753536674477874424e-01,2.750226296510135393e-01,2.753977252719852498e-01,2.755920483119491116e-01,2.757503704936788980e-01,2.753411119477921498e-01
5.961480130769855057e-01,1.108984868274752289e+00,6.004990838653926355e-01,1.118184536474124746e+00,6.001780174095230347e-01,6.080646199225230308e-01,5.979790711247456869e-01,5.951340019539071990e-01,1.108060373737974169e+00,1.115370984215297678e+00
-9.829416825997377982e-01,-8.654096340968432388e-01,-9.818733621715631799e-01,-8.635273396620858355e-01,-9.820488800653081052e-01,-9.803914588906713634e-01,-9.824115483812320138e-01,-9.830695326687026725e-01,-8.656179808183309676e-01,-8.641188547952060039e-01
-9.632695679566903868e-01,-9.626428154033564999e-01,-9.640675539705433339e-01,-9.646187841898387072e-01,-9.639917320974576986e-01,-9.655464520371936921e-01,-9.637249985360694104e-01,-9.628397140527166220e-01,-9.621129492129061322e-01,-9.640297115441958109e-01
3.242779137465659489e-01,3.243620727744939702e-01,3.241783874865651893e-01,3.241145132986836819e-01,3.241965028014970884e-01,3.240071032472969792e-01,3.242153755187225372e-01,3.243304325954010081e-01,3.244241235168684456e-01,3.241867725535555467e-01
6.030197573398841104e-01,1.115313921979916412e+00,6.073382514423578682e-01,1.124519487925254468e+00,6.070137229285060831e-01,6.148838534151451762e-01,6.048457663031251430e-01,6.019816180132654404e-01,1.114378638280179468e+00,1.121710738945725483e+00
-9.484520270416557652e-01,-8.780514345573577906e-01,-9.477927040139861870e-01,-8.769948834717373742e-01,-9.479311745439087389e-01,-9.469878105074338581e-01,-9.480993073199626142e-01,-9.484980380036672765e-01,-8.781764034508081629e-01,-8.773317382879870507e-01
-9.574628805242224594e-01,-9.568130424373868514e-01,-9.582430988589443199e-01,-9.587990904202789988e-01,-9.581641742466122658e-01,-9.597133718707617778e-01,-9.579171868251357136e-01,-9.570164592992733699e-01,-9.562738978889756547e-01,-9.582115333174836547e-01
3.700016127726013515e-01,3.700339195979039375e-01,3.699694811055632138e-01,3.699510947577530073e-01,3.699807254709874815e-01,3.699210895679743705e-01,3.699776325576377700e-01,3.700189801778645537e-01,3.700523090827377848e-01,3.699741455167276927e-01
5.885993263939457432e-01,1.101264656893927940e+00,5.928769646845462038e-01,1.110496027834556587e+00,5.925435332011576017e-01,6.004021654558140408e-01,5.904245956148137520e-01,5.875212341725859488e-01,1.100306972923563720e+00,1.107690182812175017e+00
-9.188685922786320459e-01,-8.917507864517209004e-01,-9.185811643137388183e-01,-8.914548803206582273e-01,-9.186852245920953397e-01,-9.183967365179489528e-01,-9.186783001119127601e-01,-9.188360647530623426e-01,-8.917976515319792075e-01,-8.915579882658482003e-01
-9.355488793370643208e-01,-7.807966016864525960e-02,-9.362954269629202297e-01,-7.689651857337370666e-02,-9.362110851169787029e-01,-9.377456976008635703e-01,-9.360000433571364908e-01,-9.350745408312098883e-01,-7.818627326862531701e-02,-7.725577120269649933e-02
4.117041929791970256e-01,-1.240161631281876398e-01,4.117309873760027772e-01,-1.227916350717689620e-01,4.117353700298388430e-01,4.117943040403512223e-01,4.117155419614845768e-01,4.116862182603214793e-01,-1.240963911434741496e-01,-1.231670002249995455e-01
5.412011243379289960e-01,3.239003559979767854e-01,5.454064625416022993e-01,-6.414202702228931630e-01,5.450580346199849213e-01,5.528752279664599367e-01,5.430230820060173436e-01,5.400665354187875744e-01,6.796407633200205467e-01,3.072433152180918392e-01
-8.904826808886006084e-01,-9.460912003524734049e-01,-8.905307501927237634e-01,7.671897007567234361e-01,-8.906017378200978829e-01,-8.909146187320828858e-01,-8.904417628024047238e-01,-8.903708897227439190e-01,7.335451130188107571e-01,-9.516309921675504269e-01
-8.860026003895886682e-01,-1.979414153498354478e-01,-8.866890723424866172e-01,-8.878352578246215265e-02,-8.865966699252899597e-01,-8.880945926545543712e-01,-8.864449808388840113e-01,-8.854880476692432723e-01,6.404800568513246972e-02,-2.065038878696509594e-01
4.466044699072840296e-01,-8.689499697555538305e-01,4.466784114990043353e-01,-1.070632732895508282e-01,4.466753814871116113e-01,4.468403122823140228e-01,4.466476546818622939e-01,4.465481548809612788e-01,-6.410815069293829271e-02,-8.717305659894480918e-01
4.461123486572237118e-01,8.512685697345985236e-01,4.501801217606579697e-01,-5.580049572771772493e-01,4.498113620250380196e-01,4.574980031132410696e-01,4.479160447933175360e-01,4.449102878203046174e-01,6.770359933643201877e-01,8.500971262536651807e-01
-8.571193066190292420e-01,-5.247302375335451963e-01,-8.574617296182758253e-01,7.513006671361796007e-01,-8.574996531220182572e-01,-8.583573111638930220e-01,-8.572148425631712643e-01,-8.569238129364823431e-01,7.359499056927639726e-01,-5.266259354943129134e-01
-7.953943840324119163e-01,-3.474611079734100105e-01,-7.959870280490426442e-01,-1.062963425282161256e-01,-7.958848011591626026e-01,-7.973076941035849297e-01,-7.958175888544426479e-01,-7.948331862026569716e-01,7.134218013012529891e-01,-3.563225662241387148e-01
4.695352729180474194e-01,-7.740408324107607152e-01,4.696397034739699938e-01,-9.069658740432708088e-02,4.696282423688852847e-01,4.698823309148971172e-01,4.696056959878632808e-01,4.694355484665980183e-01,-7.875286836667366730e-02,-7.759541494391681837e-01
2.897873972850163460e-01,7.473669237611835214e-01,2.936152204790182241e-01,-4.185583031685404798e-01,2.932248733065112578e-01,3.006100215665526987e-01,2.915397524332288270e-01,2.885264959639779470e-01,4.367652067676237038e-01,7.459271454091382925e-01
-8.100819291829610691e-01,-5.378831050742035602e-01,-8.106663348673416314e-01,7.221759832364751386e-01,-8.106705161723737341e-01,-8.119992161677841436e-01,-8.102980346424165647e-01,-8.097978411055103409e-01,8.995755411066015395e-01,-5.395263779597350151e-01
-6.547709955973288753e-01,-5.444246855877137303e-01,-6.552426223811200767e-01,-1.279841209501593191e-01,-6.551321601408823803e-01,-6.564296506309866830e-01,-6.551606314756601712e-01,-6.541757663574062631e-01,6.775615180486792566e-01,-5.535369874746590702e-01
4.737895809282632875e-01,-6.631026305610066007e-01,4.739048150069809506e-01,-7.303705281341255073e-02,4.738841438243452386e-01,4.742043370647938128e-01,4.738808567580521935e-01,4.736433758052471799e-01,-1.206911567870334601e-01,-6.641891435273006294e-01
7.001277618204226894e-02,5.896172941077701957e-01,7.347905233277113313e-02,-2.191663280420867721e-01,7.307485549699072047e-02,7.990905855035121408e-02,7.166167727671507448e-02,6.874063041203526403e-02,6.650417663076479968e-01,5.878279395882455294e-01
-7.404666235809989061e-01,-5.310839479065418978e-01,-7.412272590630594182e-01,6.714842772068796428e-01,-7.411981895887118643e-01,-7.428932946319253272e-01,-7.407810646499710661e-01,-7.400968923561166424e-01,7.682862358950641735e-01,-5.324548551808760966e-01
-4.701784512696720597e-01,-7.618760775873743007e-01,-4.705291243745909902e-01,-1.500210379878974543e-01,-4.704175829868204595e-01,-4.715431559810279172e-01,-4.705202336900775606e-01,-4.695915415059941922e-01,6.161650867155538114e-01,-7.710654039728738196e-01
4.547965067845923248e-01,-5.354757853097095177e-01,4.549075015613215367e-01,-5.427793847887828205e-02,4.548784350114593034e-01,4.552377539911057758e-01,4.549008681271565213e-01,4.546100313296231876e-01,-1.511591132528382619e-01,-5.358000701156434564e-01
-1.917242955178150854e-01,3.866598819831205125e-01,-1.887176681684736568e-01,2.262075424694914849e-02,-1.891165461990887420e-01,-1.831020386522538845e-01,-1.902389302951600358e-01,-1.929156239400648398e-01,9.160681945689224115e-01,3.844849062069063406e-01
-6.448641050953197729e-01,-4.997842443889402575e-01,-6.457311259222505706e-01,5.955326852207787347e-01,-6.456729962221640085e-01,-6.476004718026454610e-01,-6.452478177924424463e-01,-6.444297072751202782e-01,6.180315610384645719e-01,-5.008596729436636252e-01
-2.677184518731526852e-01,-9.570217111797126863e-01,-2.679812250246354499e-01,-1.674051702005024678e-01,-2.678796379406515049e-01,-2.688105278440915957e-01,-2.680041021913102117e-01,-2.672006753140100388e-01,5.337248433164225592e-01,-9.660219337975435305e-01
4.151660299097401641e-01,-4.000709406421787961e-01,4.152710132491426731e-01,-3.564364710132568448e-02,4.152367532728636901e-01,4.156117744352249010e-01,4.152763040785673043e-01,4.149584404527624226e-01,-1.689983560385298622e-01,-3.997325684664677081e-01
-4.505607603104918035e-01,1.684059238962749283e-01,-4.480488577211924062e-01,2.667615717061830871e-01,-4.484179657697858756e-01,-4.434066698202854262e-01,-4.492845540800091131e-01,-4.515686006241808603e-01,1.140106516915770030e+00,1.658828230189108577e-01
-5.307720428932020118e-01,-4.474456573959942340e-01,-5.316901641452974614e-01,5.005754117675386139e-01,-5.316113953710602802e-01,-5.336371882890902363e-01,-5.311947667425889197e-01,-5.303116580443597572e-01,4.592673020497918257e-01,-4.482146469443393788e-01
-8.194242492746336981e-02,-1.094675841556309148e+00,-8.216090858693964050e-02,-1.768730828009597855e-01,-8.207820979039881504e-02,-8.282218757952580779e-02,-8.217255125435315999e-02,-8.153951842830486907e-02,4.436505616891082138e-01,-1.103227289636368402e+00
3.654983130110310285e-01,-2.708380696835770429e-01,3.656084415272435328e-01,-1.862849498078852223e-02,3.655733780420493129e-01,3.659518763897389171e-01,3.656102718491955339e-01,3.652942926287313097e-01,-1.772312903321026645e-01,-2.699512285369058961e-01
-6.610782192411334135e-01,-2.771611468853207860e-02,-6.590319156413687596e-01,4.706761201678434370e-01,-6.593539750949062306e-01,-6.553702826752343391e-01,-6.600240609283150039e-01,-6.618457554199980164e-01,1.296711159769519783e+00,-3.048278799662254568e-02
-4.141749469161267738e-01,-3.858751946447093739e-01,-4.151170790881272832e-01,4.012099924057542788e-01,-4.150268932127654797e-01,-4.170609928572744929e-01,-4.146148918184133780e-01,-4.137270595831055164e-01,3.081372665263928390e-01,-3.863488973295757245e-01
6.409391027939366492e-02,-1.166590297098112794e+00,6.389174164256121446e-02,-5.407415032692464152e-02,6.395304010068386669e-02,6.336812266945499039e-02,6.391206350599562547e-02,6.437348470053802507e-02,3.601864316467608962e-01,-1.174533532143638537e+00
3.187337656478202441e-01,-1.570124241202310311e-01,3.188648583885373977e-01,2.156535722861994686e-01,3.188323706887488673e-01,3.192158223510610515e-01,3.188471781944394734e-01,3.185512210422243862e-01,-1.822588800982193336e-01,-1.556611903622299176e-01
-8.028891329744585192e-01,-1.782669540841374523e-01,-8.012440012719468374e-01,-6.518600056929494402e-01,-8.015156482819367767e-01,-7.984426675663542916e-01,-8.020379495034415385e-01,-8.034270744678710940e-01,1.376909692542199304e+00,-1.811500799912096615e-01
-3.095115094483557039e-01,-3.287009832550156774e-01,-3.104800664313674963e-01,7.583393257493559192e-01,-3.103838617905810837e-01,-3.124076344113569936e-01,-3.099623304677312507e-01,-3.090944678840161775e-01,1.751278634456853722e-01,-3.289059862906097975e-01
1.667077765439927695e-01,-1.187418966543055232e+00,1.665143657508559027e-01,-1.882607230272405618e-01,1.665571514213327053e-01,1.660984230334033307e-01,1.665646822796160997e-01,1.668847867595625034e-01,9.174147869640979502e-01,-1.194716582154136564e+00
2.842135714014766279e-01,-5.772453429660331925e-02,2.843810183373368661e-01,9.404314628432496326e-01,2.843524846499440595e-01,2.847547735205041564e-01,2.843319995058160576e-01,2.840587172567470287e-01,-2.535372809093927038e-01,-5.592022307990031360e-02
-8.831463592313208988e-01,-2.811065308373190685e-01,-8.818302470280493521e-01,-9.987849446157459621e-01,-8.820583874967821147e-01,-8.797162137411462801e-01,-8.824625261648766372e-01,-8.835060165027204260e-01,3.124980209157645072e-01,-2.840023742747300739e-01
-2.222915258491590940e-01,-2.850094045147172350e-01,-2.233152663093018186e-01,-4.928117702451342147e-02,-2.232125761966877731e-01,-2.252794954577307385e-01,-2.227637342792375130e-01,-2.218986696764376210e-01,9.499184106667952765e-01,-2.849679923312557484e-01
2.348394494218368211e-01,-1.178050508727038093e+00,2.346585806231911153e-01,5.197709513669393488e-02,2.346877490286408130e-01,2.343272399561784902e-01,2.347265625709484271e-01,2.349438449655914529e-01,8.352535857631844252e-01,-1.184745118845893730e+00
2.666963483250460731e-01,3.670053061155906238e-02,2.669171374634516924e-01,9.408541365194231787e-01,2.668923850301567757e-01,2.673390979285099611e-01,2.668268936951080916e-01,2.665669077097226891e-01,-3.219705659873832171e-01,3.904895601511074871e-02
-9.212871993514517577e-01,-3.470974865743209348e-01,-9.202362019203760291e-01,-9.910858028554423438e-01,-9.204307931551140021e-01,-9.186483772766484979e-01,-9.207345164976606933e-01,-9.215239915175683638e-01,5.449401731177887509e-01,-3.499424987139991283e-01
-1.492994719258671499e-01,-2.585167312139298734e-01,-1.504340105849831244e-01,3.015249400861445134e-02,-1.503187000432025244e-01,-1.525468262445034973e-01,-1.498197563268295340e-01,-1.489049996315680302e-01,9.108865280681607279e-01,-2.582261940162376423e-01
2.807719193666063373e-01,-1.153804097168872334e+00,2.806112891536496345e-01,2.254617599841244324e-01,2.806313719832035924e-01,2.803505603768328691e-01,2.806833108950762545e-01,2.808297817371762095e-01,7.632814402273790932e-01,-1.159957625946623549e+00
2.687951315538448793e-01,1.420040931217943780e-01,2.690934008820761725e-01,1.015731281940387420e+00,2.690714799939631363e-01,2.696022012840466608e-01,2.689489759887676024e-01,2.686850775299957639e-01,-4.216648340293858155e-01,1.451186305106512142e-01
-9.352936738440439379e-01,-3.898242183731381316e-01,-9.344612331462580634e-01,-9.708166322653356550e-01,-9.346303299386603536e-01,-9.332842389587007181e-01,-9.348450952283899884e-01,-9.354474954725811031e-01,7.054913183712598901e-01,-3.925854438291006554e-01
-8.196537565624317789e-02,-2.502378872269047094e-01,-8.330003067586735921e-02,1.186734899333295734e-01,-8.316040686117195935e-02,-8.573611141275014336e-02,-8.257820317209035865e-02,-8.152906975102822140e-02,9.406246196016730954e-01,-2.496535579936290661e-01
3.153248111451115721e-01,-1.120953458161489280e+00,3.151943857127616488e-01,3.653674055935407505e-01,3.152087263798359906e-01,3.150007030698807609e-01,3.152579338326001457e-01,3.153545084637356943e-01,6.956149081884603902e-01,-1.126593921912131258e+00
2.936471174115983795e-01,2.793616023365470546e-01,2.940603810120159811e-01,1.189446803152341081e+00,2.940399722705895336e-01,2.947139560131090130e-01,2.938410665543249589e-01,2.935491831487128112e-01,-5.755925087217924618e-01,2.836387465896297311e-01
-9.362954571555762717e-01,-4.205358611635905963e-01,-9.356591028024006107e-01,-9.432842425247596196e-01,-9.358066424301710873e-01,-9.348365611579811940e-01,-9.359378462233777229e-01,-9.363860242125464639e-01,8.294324084717272783e-01,-4.231909613134663961e-01
-8.513637109980418116e-03,-2.611715935997839799e-01,-1.018549645737774900e-02,2.340742778279243930e-01,-1.000316242873801331e-02,-1.320314956302701126e-02,-9.287017198297498055e-03,-7.979913850170716749e-03,1.054281353499970875e+00,-2.601902537265902149e-01
3.469820860425030240e-01,-1.077439003624965252e+00,3.468959883042441739e-01,5.021845217511370363e-01,3.469067188371304788e-01,3.467781138890166370e-01,3.469383641745663049e-01,3.469949114189448403e-01,6.211894232267670679e-01,-1.082517404699300245e+00
3.465264752390481151e-01,4.764847192735792158e-01,3.471115651670801383e-01,1.497933655907053296e+00,3.470909043776326808e-01,3.479953156909086909e-01,3.467853122630173979e-01,3.464320131367631950e-01,-8.150801128193810863e-01,4.825594272130453444e-01
-9.284654981516436978e-01,-4.473645118541764165e-01,-9.280336822913158867e-01,-9.067824958256712753e-01,-9.281585874369172595e-01,-9.275754405622306242e-01,-9.282025582424623389e-01,-9.284935215698425504e-01,9.459122419815416682e-01,-4.498815927594274067e-01
8.570820147008227641e-02,-2.937746141816517387e-01,8.349330735004487081e-02,3.996370952372356178e-01,8.374569234675455220e-02,7.951673496525274443e-02,8.467322662446948034e-02,8.641532103967464185e-02,1.275643630501401171e+00,-2.922149170798717388e-01
3.825961165814338316e-01,-1.014575720351000410e+00,3.825754231194012922e-01,6.650486410374946145e-01,3.825836057575683347e-01,3.825568785509947389e-01,3.825816135648513749e-01,3.825976783903100031e-01,5.245760864887630825e-01,-1.018929278175353170e+00
4.351452358446719626e-01,7.681683302379025413e-01,4.359822934654938864e-01,1.990054884091260856e+00,4.359586353984538087e-01,4.372167893451428533e-01,4.355041874866963925e-01,4.350416782283459960e-01,-1.180632485170985957e+00,7.769862421380173689e-01
-9.105912823235032816e-01,-4.761869637830515867e-01,-9.104111453231829021e-01,-8.540295128303120320e-01,-9.105068083268007539e-01,-9.104014884834032983e-01,-9.104463690512833995e-01,-9.105403531960192254e-01,1.079973856671339050e+00,-4.785076477291475006e-01
2.183936988983136707e-01,-3.522007381490949718e-01,2.153373259372201587e-01,6.445945977561562401e-01,2.156983469539582032e-01,2.098658312888164179e-01,2.169525752798469875e-01,2.193755475563224366e-01,1.638257228879978600e+00,-3.497830820630083437e-01
4.280577228346334473e-01,-9.191261854319034974e-01,4.281320476433645439e-01,8.827125973925253888e-01,4.281376739822713162e-01,4.282527796707271683e-01,4.280836630515275076e-01,4.280483778721638766e-01,3.871769117649827008e-01,-9.224506160427899948e-01
5.681310978000715384e-01,1.192834562679129684e+00,5.693212627586129448e-01,2.720143242251125137e+00,5.692898921253625177e-01,5.710635179009966311e-01,5.686367682773588728e-01,5.679969930888230101e-01,-1.717081769845685280e+00,1.205691891082308898e+00
-8.778618512775582250e-01,-5.114866656962331337e-01,-8.780262631572959275e-01,-7.739116687744701517e-01,-8.780803688989472500e-01,-8.786313243177261700e-01,-8.778802116477920636e-01,-8.777005023674201434e-01,1.254376309586419547e+00,-5.135144283028340029e-01
4.090178311549653167e-01,-4.411410126828043121e-01,4.047139620555724182e-01,1.001231511829902443e+00,4.052337128889270668e-01,3.970330219598138255e-01,4.069775913402592371e-01,4.103993279922561466e-01,2.179512890953507309e+00,-4.374790294313934957e-01
4.880462135093953657e-01,-7.768401880790474223e-01,4.882516976679780463e-01,1.180410853216204536e+00,4.882534716310267253e-01,4.885661046035814081e-01,4.881285975175318481e-01,4.880201210963951985e-01,1.907728194798297694e-01,-7.786879605533707505e-01
7.507526553448609086e-01,1.780724267300850983e+00,7.524025284534828772e-01,3.725710039891000580e+00,7.523555241668941074e-01,7.548307049226036236e-01,7.514595005810374984e-01,7.505510061694301571e-01,-2.458036134911060433e+00,1.799195311301169831e+00
-8.240127803106056525e-01,-5.564547539921633756e-01,-8.246609932082670236e-01,-6.544577668098154888e-01,-8.246564604862137715e-01,-8.261245010136202271e-01,-8.242603468498856945e-01,-8.236992418299341479e-01,1.487982153890883064e+00,-5.580535047306318663e-01
6.739181559922345910e-01,-5.627803689220968186e-01,6.678708878846441044e-01,1.494972150987197379e+00,6.686058272361284915e-01,6.571311147579593781e-01,6.710500591031682838e-01,6.758299534380146634e-01,2.923623433431812746e+00,-5.574083005476789809e-01
5.644928067958060458e-01,-5.789205967804924580e-01,5.648643177823642336e-01,1.570420331841047901e+00,5.648594050960707991e-01,5.654318510280785803e-01,5.646499675615526126e-01,5.644364591718674662e-01,-7.483304766832860055e-02,-5.787563792907283178e-01
9.778315475514089972e-01,2.531792332983033855e+00,9.800200516650219296e-01,4.988873239703873530e+00,9.799456947442436450e-01,9.832919329388715157e-01,9.787906866525339922e-01,9.775055527777225528e-01,-3.397777703494169632e+00,2.557444762848096964e+00
-7.445446436332883167e-01,-6.121149548209074975e-01,-7.458465355919755568e-01,-4.882702632855625557e-01,-7.457647812941644583e-01,-7.484559243637658454e-01,-7.450986075571451872e-01,-7.440376423308728837e-01,1.789164706876582800e+00,-6.131264313612533323e-01
1.016480234470061195e+00,-7.120066729419365359e-01,1.008185710262132773e+00,2.125815998187194467e+00,1.009185031478889494e+00,9.935620014782833298e-01,1.012563851305555040e+00,1.019018416933029858e+00,3.852894419103460422e+00,-7.044708339558218846e-01
6.543956217631765604e-01,-3.304769473550545622e-01,6.549541374752797518e-01,2.039119388000478761e+00,6.549383988675373525e-01,6.558214644859270415e-01,6.546431372756802425e-01,6.542884746327977119e-01,-4.016415999519622471e-01,-3.278128027064316496e-01
1.227259266791526304e+00,3.392079221943409717e+00,1.229996329938416677e+00,6.398904201384700841e+00,1.229880875302776566e+00,1.234186604087686989e+00,1.228499993313686423e+00,1.226739315978775391e+00,-4.462438245910700374e+00,3.425956897808551282e+00
-6.408218403054696255e-01,-6.760097099679074351e-01,-6.429373114693182067e-01,-2.796282514673189556e-01,-6.427641111827340215e-01,-6.469483853446478250e-01,-6.417500623066400012e-01,-6.400970031054716847e-01,2.146610575346711069e+00,-6.762945228020387223e-01
1.415915303740623576e+00,-8.723751717000451933e-01,1.405019661701441658e+00,2.848480764926015762e+00,1.406305166272259877e+00,1.385991598799409363e+00,1.410814704632999073e+00,1.419089688880780242e+00,4.880778373631782685e+00,-8.623897114189084112e-01
7.491027002212854446e-01,-5.502734766281136558e-02,7.498448656727831896e-01,1.489383591595765388e-01,7.498140884783444093e-01,7.510265501932964494e-01,7.494472786652597307e-01,7.489228535306595713e-01,1.298255218488306717e-01,-4.960325881871668896e-02
1.461504981728034780e+00,4.251924482125068572e+00,1.464709715781221888e+00,9.750946388470955739e-01,1.464542466475233784e+00,1.469758550214648851e+00,1.463017383239533231e+00,1.460733073431240925e+00,-3.620949768516185108e-02,4.294001483737750036e+00
-5.225551537256102330e-01,-7.419443941016133914e-01,-5.255765419986349052e-01,-9.846050897035864002e-01,-5.253080984484906901e-01,-5.311165738014564930e-01,-5.238902223020657223e-01,-5.216185191063710258e-01,6.713300769761632036e-01,-7.414338828035529350e-01
1.825073209130693597e+00,-1.017788001879534887e+00,1.811551692779456824e+00,1.747936421320658018e-01,1.813102168719976870e+00,1.788190138557681497e+00,1.818812893457370183e+00,1.828779795282112319e+00,7.411585037946869514e-01,-1.005387897868520009e+00
8.370812582411560898e-01,2.120060341035937546e-01,8.379796585076495496e-01,2.093767496907148196e-01,8.379314067773542263e-01,8.394502624498202392e-01,8.375173963451926218e-01,8.368148548861709113e-01,7.912915049470312656e-01,-2.710847946920096341e-01
1.641161442991240893e+00,4.983347208114597748e+00,1.644682698448433511e+00,1.127740440726436866e+00,1.644461790173057381e+00,1.650397113595133636e+00,1.642893173147500940e+00,1.640121643824734576e+00,1.764633481490902045e-01,9.431824511473263506e-02
-4.053691349850502279e-01,-8.020745199727375985e-01,-4.092784810230774006e-01,-9.686943679280459740e-01,-4.089235297322079687e-01,-4.162849208128715506e-01,-4.070926480997626440e-01,-4.042566221576469609e-01,2.359267553886112423e-01,2.582557024961297243e-01
2.186000543123477691e+00,-1.122141707157684465e+00,2.170237230919500160e+00,2.968835574497885044e-01,2.171990477175570255e+00,2.143291927078525561e+00,2.178785975902879368e+00,2.190048973482094929e+00,9.717708403177173215e-01,-9.660765974436139603e-01
9.089357550918389927e-01,-2.540635099011271936e-01,9.099499132056942940e-01,2.600656046833062507e-01,9.098846247607828008e-01,9.116535883475438418e-01,9.094476951831889089e-01,9.085832471552566236e-01,7.964514318360058631e-01,-2.657917420929085672e-01
1.742126077649799987e+00,9.386656453823327695e-02,1.745792467109485768e+00,1.229426158114594880e+00,1.745526488713177171e+00,1.751905109476581401e+00,1.743997563266854067e+00,1.740855776226007290e+00,1.252125905719169152e-01,1.283728372680475460e-01
-3.041083746601719318e-01,2.786839331225476335e-01,-3.087811802078223034e-01,-9.516133472852297270e-01,-3.083575159313886038e-01,-3.170218466646918531e-01,-3.061572210033688402e-01,-3.028710966538946114e-01,2.793774101982577918e-01,2.132330755859780380e-01
2.455086583811187051e+00,-9.603828743888280783e-01,2.437776988065790462e+00,4.142893657519797768e-01,2.439649620591723966e+00,2.408469203051335938e+00,2.447246038833734261e+00,2.459266149325944006e+00,1.054388786474347084e+00,-1.091937449988492403e+00
9.607065388737071610e-01,-2.505250001209602395e-01,9.617957301361484967e-01,2.975263705270987380e-01,9.617162457525906261e-01,9.636652669844903984e-01,9.612738244366502149e-01,9.602810370163709086e-01,7.983561740390953121e-01,-2.611534546153506664e-01
1.762486506301269573e+00,1.205490123324263058e-01,1.766149865446453138e+00,1.275937255923260905e+00,1.765854023485142976e+00,1.772393769405454123e+00,1.764414003536739495e+00,1.761059225924465510e+00,6.491722998004041678e-02,1.579717007498904480e-01
-2.272182293901857941e-01,2.482332442870773537e-01,-2.324694470847495364e-01,-9.364130061724166287e-01,-2.319978097036913267e-01,-2.416259667675759726e-01,-2.295072419083752646e-01,-2.259057310690541498e-01,3.113429404468114337e-01,1.788574130920592420e-01
2.617650991665271043e+00,-1.037385987890312666e+00,2.599591735011088645e+00,5.177331827505944339e-01,2.601502555662605243e+00,2.569253507491467747e+00,2.609538825957708585e+00,2.621786492303839644e+00,1.089445949805725622e+00,-1.170773026648952220e+00
9.934982297900776249e-01,-2.477925544139052139e-01,9.946289228718898645e-01,3.218687115794565123e-01,9.945391142001702711e-01,9.966018584869146268e-01,9.941010308070836743e-01,9.930187712459104254e-01,7.983765449974928874e-01,-2.576758653712494240e-01
1.716364910663722654e+00,1.431464086884471631e-01,1.719917989507851797e+00,1.274914646769531812e+00,1.719608482270495120e+00,1.726075717849228752e+00,1.718277667407863918e+00,1.714861889706546627e+00,1.067761625631213906e-03,1.821190989904121205e-01
-1.759416902306992492e-01,2.276852480100727827e-01,-1.815795597253984650e-01,-9.248915689438143017e-01,-1.810788024936518525e-01,-1.913345183269178351e-01,-1.783866625522443350e-01,-1.745928731258390432e-01,3.320208504415967932e-01,1.558162889908446536e-01
2.683888817385742698e+00,-1.076461232222274855e+00,2.665791093112439558e+00,6.034279547307708214e-01,2.667675338827163234e+00,2.635574721279457577e+00,2.675809475268265292e+00,2.687860556316352234e+00,1.083850762423897773e+00,-1.206648763408961322e+00
1.011076231892625854e+00,-2.460446726136501783e-01,1.012223796996002401e+00,3.352709165021053872e-01,1.012127377983656817e+00,1.014250170619700464e+00,1.011698260013410788e+00,1.010561564217978603e+00,7.977035041839279916e-01,-2.555004450040924691e-01
1.623418742827844374e+00,1.616226178506565136e-01,1.626793049243902223e+00,1.238852586673709899e+00,1.626483323814240878e+00,1.632711194636911500e+00,1.625265443412496458e+00,1.621908845511013109e+00,-6.228166948071149622e-02,2.010604208879309129e-01
-1.469690879816846485e-01,2.159446421097139246e-01,-1.528296495792204335e-01,-9.176235851919823938e-01,-1.523146183829249267e-01,-1.629179283488358387e-01,-1.495000273013449565e-01,-1.456109615910216315e-01,3.433516139653210453e-01,1.427346329722619100e-01
2.675768568301839512e+00,-1.085626877339179286e+00,2.658169286252552332e+00,6.718268018452981938e-01,2.659982040020657745e+00,2.628924750510468034e+00,2.667945589574300058e+00,2.679505980204335280e+00,1.048523142319933710e+00,-1.209055180652210071e+00
1.017695277670819687e+00,-2.452684879338317137e-01,1.018842754143954643e+00,3.404629644006177402e-01,1.018742711098688858e+00,1.020886144948733643e+00,1.018324454265255641e+00,1.017160696157812128e+00,7.971644568284085297e-01,-2.545513325302565244e-01
1.501587808853723560e+00,1.764886488724557723e-01,1.504744120170975252e+00,1.179834596164169636e+00,1.504443721588050620e+00,1.510326195458169485e+00,1.503335399566643193e+00,1.500120626258248047e+00,-1.227452157047085046e-01,2.156172538468008881e-01
-1.354368469486290361e-01,2.112230384171710773e-01,-1.413954011301385150e-01,-9.144311710871725341e-01,-1.408768144291315527e-01,-1.516184359972082563e-01,-1.380014616923308790e-01,-1.340869191824387574e-01,3.477164510266108621e-01,1.375049956634885606e-01
2.616188665901683752e+00,-1.073596887280516610e+00,2.599445462139169383e+00,7.254402655290987934e-01,2.601158860456961985e+00,2.571727744541342453e+00,2.608767577173786822e+00,2.619655717239520065e+00,9.939068638735996108e-01,-1.188057333789971359e+00
1.016987638645203695e+00,-2.453676709983690640e-01,1.018123781082057366e+00,3.398823400517308468e-01,1.018022283923449622e+00,1.020159154457209061e+00,1.017615568040391993e+00,1.016444353157390568e+00,7.972596623203427324e-01,-2.546699992165334936e-01
1.364414119609782317e+00,1.884067832230963968e-01,1.367333070954530383e+00,1.107328609555459753e+00,1.367048045474505980e+00,1.372525242901796894e+00,1.366043639075399829e+00,1.363021439386744582e+00,-1.791895735869185602e-01,2.267136015775342850e-01
-1.367458321883934236e-01,2.117745581697332014e-01,-1.427142710146109827e-01,-9.148334655033545371e-01,-1.421994697451606782e-01,-1.529332665409359193e-01,-1.393075911650444032e-01,-1.354150313766817604e-01,3.472233251777154805e-01,1.381079594213523998e-01
2.523882769104792256e+00,-1.047659325198015079e+00,2.508208589317543868e+00,7.672294786733204752e-01,2.509807273738922984e+00,2.482340735460864867e+00,2.516948129935477230e+00,2.527065098137289301e+00,9.281293420392044968e-01,-1.151966819458884572e+00
1.011675227259560383e+00,-2.462302444941171231e-01,1.012792781869038983e+00,3.354055038381958953e-01,1.012691315126220237e+00,1.014803605568030065e+00,1.012296320420953855e+00,1.011130943491184819e+00,7.982679560837584454e-01,-2.556939284270511870e-01
1.221105990448055456e+00,1.979887826885138036e-01,1.223781007624223482e+00,1.027975230673646045e+00,1.223514799512428253e+00,1.228558581544525907e+00,1.222608266194242566e+00,1.219806153493344869e+00,-2.312336629346197214e-01,2.351551067133588191e-01
-1.472411098101362170e-01,2.161886787402680643e-01,-1.531601055339843753e-01,-9.183167291264979770e-01,-1.526539529937062101e-01,-1.632823958476005421e-01,-1.497755899519933598e-01,-1.459360826223451146e-01,3.434869894850502425e-01,1.429274947538127227e-01
2.412434852081781322e+00,-1.013184804203341116e+00,2.397939557441468139e+00,7.998301826802417525e-01,2.399416590563967500e+00,2.374081888581737854e+00,2.406028589583628641e+00,2.415330994016652522e+00,8.568599940967949191e-01,-1.106852245030237158e+00
