9.592658060829978295e-01,9.592595106077201894e-01,1.028246070255877331e+00,9.592601369520599164e-01,9.592680238013596705e-01,9.592598489036292531e-01,9.592930631453127077e-01,9.593109598777977975e-01,9.592876860147612206e-01,9.592643099693689557e-01
-4.808751178439875651e-01,-4.808882243729369343e-01,3.336317262651883331e-01,-4.808514462387791788e-01,-4.809137582817345491e-01,-4.809288032015002767e-01,-4.809054029453539991e-01,-4.808715749406782813e-01,-4.808654615771270069e-01,-4.809144312778197428e-01
-3.619062457885231510e-01,-3.619106433294185243e-01,-3.619258058599841288e-01,-3.618660201131752574e-01,5.178247385190595242e-01,5.178542700136913313e-01,5.177691293383773763e-01,5.177037881388144580e-01,-3.619352837239971921e-01,-3.619518873153676486e-01
9.527226785275162424e-01,9.527229421232272788e-01,9.527250259944254340e-01,9.527199540542793388e-01,8.875587765412039642e-01,8.875564313589265897e-01,8.875629442848628203e-01,8.875678578473995550e-01,9.527253535177543364e-01,9.527265105481362850e-01
8.892845861378977368e-01,8.890583919915974187e-01,1.059754755268169202e+00,8.893263847640426878e-01,8.888372911161319667e-01,8.889826011400454586e-01,8.890910692290746598e-01,8.892234033450172603e-01,8.891549598071677440e-01,8.890725830428468646e-01
-5.100451525331731739e-01,-5.100249565965471188e-01,2.299335075981406851e-01,-5.100309744315240090e-01,-5.100150551277832234e-01,-5.100507350269846141e-01,-5.100425777852323206e-01,-5.100301688251978049e-01,-5.100155925762063225e-01,-5.100510390520512916e-01
-2.387053701749570767e-01,-2.383253551633499057e-01,-2.388754572005819532e-01,-2.387441292123851644e-01,6.246896128253139890e-01,6.244829159918198203e-01,6.242892353278370887e-01,6.240577071238004869e-01,-2.384653044667801036e-01,-2.383881604146286803e-01
8.979267501172054633e-01,8.978714652332491220e-01,8.979555404293710907e-01,8.979352033214695883e-01,7.738481864743820271e-01,7.738780471175091824e-01,7.739066430170603583e-01,7.739420510367653883e-01,8.978920119238659181e-01,8.978808479928185315e-01
7.851899659685035449e-01,7.841040433530219733e-01,1.085668146461549632e+00,7.855247291482131411e-01,7.829115079717965386e-01,7.836404450730765081e-01,7.839695720631675302e-01,7.845436736969483293e-01,7.844148790605138810e-01,7.841167720390727069e-01
-5.262991979086718564e-01,-5.260803545473355936e-01,1.314641537950386740e-01,-5.263571607810271225e-01,-5.258424394569295446e-01,-5.260108822712357135e-01,-5.260593458348249429e-01,-5.261566318348602778e-01,-5.261230292199920999e-01,-5.261044020838323565e-01
-7.446042221523013760e-02,-7.272845419579918036e-02,-7.515677260071115806e-02,-7.495631645624284412e-02,7.566357638939114061e-01,7.556998027313879263e-01,7.552391215087854714e-01,7.544674061120092423e-01,-7.320028831154348770e-02,-7.279410566959276796e-02
8.304174051558770309e-01,8.300492309561035009e-01,8.305797635956078118e-01,8.305348077676557583e-01,6.550141419329605919e-01,6.552126227498717981e-01,6.553123130730639234e-01,6.554843827827969704e-01,8.301476407488890263e-01,8.300613403591465822e-01
6.487301157968621279e-01,6.457642400700455143e-01,1.095941406859054057e+00,6.497968865746738265e-01,6.424313670248952279e-01,6.443878700794696268e-01,6.451774757083661438e-01,6.467157178136642148e-01,6.465341385899779914e-01,6.457656823326014539e-01
-5.269490554228148937e-01,-5.261280212802941225e-01,3.992128421370823299e-02,-5.272500233942923886e-01,-5.251941870324013939e-01,-5.257555489445110419e-01,-5.259591993214304262e-01,-5.263793876893713142e-01,-5.263184383671568600e-01,-5.261454329839015953e-01
1.192736034083777541e-01,1.236574871919654955e-01,1.174994780208026418e-01,1.177469358619368800e-01,8.985501085606703020e-01,8.963845240785680568e-01,8.954730036430144091e-01,8.937479859044035191e-01,1.225434017492074146e-01,1.236035764908355872e-01
7.481172057364291472e-01,7.468866103435303216e-01,7.486508312857225178e-01,7.485773910969272249e-01,5.305560513615154017e-01,5.311626941432844307e-01,5.314229145765471118e-01,5.319271104203706635e-01,7.471929213711575590e-01,7.468950460496426302e-01
4.907274976826306867e-01,4.848302950229441133e-01,1.083019664456646547e+00,4.930299193694787085e-01,4.782621447367454981e-01,4.820293395643830969e-01,4.835281465956379199e-01,4.865006387768869289e-01,4.863175775181613480e-01,4.848935041113317523e-01
-5.125414630517189929e-01,-5.104631135572387235e-01,-4.232630276601302699e-02,-5.133846700362940663e-01,-5.081144254167605512e-01,-5.094591738258118507e-01,-5.099774890269395122e-01,-5.110407566886701058e-01,-5.109592609314557166e-01,-5.104964716919674350e-01
3.208756504986492453e-01,3.289354014155995709e-01,3.175330602186728357e-01,3.177965635860838245e-01,1.029145510451866086e+00,1.025598261334630612e+00,1.024156127089538293e+00,1.021347480444380285e+00,3.269267709095505792e-01,3.288000295335007372e-01
6.539727594587306791e-01,6.511168492667115393e-01,6.552275768860765792e-01,6.551278879154042167e-01,4.042012666512093677e-01,4.054552823345671242e-01,4.059744419331073328e-01,4.070062732848864773e-01,6.518151092135837654e-01,6.511509102456921605e-01
3.285479344434453219e-01,3.191400957650093462e-01,1.045563523182290400e+00,3.324431693552961087e-01,3.090194775233199853e-01,3.147556670484000785e-01,3.170936888003859089e-01,3.215622712505116221e-01,3.214850056952964774e-01,3.195355187080703985e-01
-4.878770515235421601e-01,-4.837450533322030233e-01,-1.142354498966830084e-01,-4.896600484820245458e-01,-4.792347867354218027e-01,-4.817664039883175486e-01,-4.827909044897300550e-01,-4.847996875162325359e-01,-4.847389052418559219e-01,-4.839240019244163693e-01
5.055402407991870239e-01,5.174172547720534698e-01,5.004531204656149646e-01,5.007147881807980649e-01,1.128846328364714324e+00,1.124312536283779806e+00,1.122453382271602074e+00,1.118907522251719078e+00,5.144807501580623832e-01,5.169043298241893236e-01
5.555176869218528823e-01,5.502870092040400563e-01,5.578779518258722980e-01,5.577530320240192685e-01,2.823171071249829245e-01,2.843078683528068029e-01,2.851393958130310491e-01,2.867560682914118697e-01,5.515579206783085553e-01,5.504916230919870701e-01
1.792070773125604699e-01,1.664840510517314187e-01,9.889697336570718589e-01,1.847500235373570610e-01,1.535784663162174934e-01,1.608723791178313101e-01,1.639834870626931673e-01,1.694550692728533370e-01,1.696252327982073482e-01,1.676678764537258559e-01
-4.608288732194878445e-01,-4.538449931696851292e-01,-1.778629137346087741e-01,-4.640023166422942436e-01,-4.466583793213781406e-01,-4.506652823514089579e-01,-4.523814663749043397e-01,-4.554704518814632896e-01,-4.555229449923340335e-01,-4.544979088133246359e-01
6.551464526659642740e-01,6.699586051272821141e-01,6.485557359259502830e-01,6.488199961843569286e-01,1.188069980830108507e+00,1.183311218992424640e+00,1.181311063923906834e+00,1.177674813253466901e+00,6.663231953173103239e-01,6.686683695258560656e-01
4.616476921702621916e-01,4.535040079159186055e-01,4.654567742941602693e-01,4.652968777925122756e-01,1.701786447621676246e-01,1.727845717284886007e-01,1.739016997633803241e-01,1.759730258686054150e-01,4.554709682112451086e-01,4.541878549872342963e-01
5.320686469132557272e-02,3.805169501108249253e-02,9.221232958689339343e-01,6.013514042505618828e-02,2.383962183258730994e-02,3.191421912691930207e-02,3.556245651864378687e-02,4.121391402458082776e-02,4.174833871804271845e-02,4.045714442592825144e-02
-4.399679375287458560e-01,-4.293618896485250080e-01,-2.388961426541417188e-01,-4.450315238026711917e-01,-4.192725433919505806e-01,-4.249103608337017057e-01,-4.274876011639830997e-01,-4.315776253445363642e-01,-4.318908584358487901e-01,-4.310547139413750117e-01
7.636640671782091161e-01,7.799008744968780604e-01,7.561352482558947319e-01,7.564152514946812511e-01,1.209309305590077877e+00,1.205044567856038418e+00,1.203214861079016762e+00,1.200029340887238893e+00,7.759552501416433490e-01,7.776048749030657348e-01
3.789221466317275744e-01,3.675477269438016670e-01,3.844682136345407009e-01,3.842500929968393208e-01,6.863839236030692958e-02,7.161024248806693859e-02,7.291330448409959197e-02,7.523102808302697952e-02,3.702708187492033676e-01,3.691323319551743642e-01
-4.715953540429168589e-02,-6.351405893963099625e-02,8.530573796475182657e-01,-3.933295314588135250e-02,-7.750732300784662909e-02,-6.945173147558428295e-02,-6.557921532875513049e-02,-6.052292822973836389e-02,-5.958945322785775406e-02,-5.970947621155817120e-02
-4.329756029355265046e-01,-4.178677371923461559e-01,-3.062760231128292543e-01,-4.405455266413249582e-01,-4.047534760446629964e-01,-4.121543319469137545e-01,-4.157794505990207723e-01,-4.206501180065947976e-01,-4.214222079217122552e-01,-4.214132099916166330e-01
8.354731539446875743e-01,8.515774066544365972e-01,8.276997774451320122e-01,8.279991978146581388e-01,1.202546176156823687e+00,1.199165238373946618e+00,1.197728315303602020e+00,1.195169991201647131e+00,8.477142920151753414e-01,8.483949991490301601e-01
3.097807892815259700e-01,2.948957609964330540e-01,3.173562387235258631e-01,3.170462627607122386e-01,-2.701018912172820086e-02,-2.390537552882276984e-02,-2.255443227820735919e-02,-2.009189565339082606e-02,2.984163487678284099e-01,2.978227008592231884e-01
-1.258243113333552821e-01,-1.421029264088638500e-01,7.860501338666487925e-01,-1.177068160296158017e-01,-1.547274757441650106e-01,-1.473021885913840534e-01,-1.435135480237461625e-01,-1.395457871611453238e-01,-1.382783652881191538e-01,-1.370651261141120902e-01
-4.466608746656485773e-01,-4.257987962940485982e-01,-3.919610033747930045e-01,-4.576022519064749661e-01,-4.093801632712918415e-01,-4.188079501042624719e-01,-4.237497911618240964e-01,-4.291283513725135945e-01,-4.306150279338872289e-01,-4.323343637683129126e-01
8.800000067851324603e-01,8.947511991743293258e-01,8.726324628267546624e-01,8.729390938900879471e-01,1.178673322352726593e+00,1.176220007626733066e+00,1.175256809623163701e+00,1.173180580787396510e+00,8.912649474625569113e-01,8.910893356074611749e-01
2.528247592512796182e-01,2.339179769146794152e-01,2.628351641865590005e-01,2.623910177180657222e-01,-1.265611688369042975e-01,-1.234372335106187213e-01,-1.221835808416354557e-01,-1.194120228795041566e-01,2.383254034272497546e-01,2.386151342858399693e-01
-1.900015217426392899e-01,-2.049868954658036202e-01,7.206335046608050021e-01,-1.822807645351744721e-01,-2.155089311367400784e-01,-2.091288155667350712e-01,-2.057029604680720714e-01,-2.030070368761068555e-01,-2.015566227510735553e-01,-1.992123987954442232e-01
-4.880691863692613874e-01,-4.595219557153695789e-01,-5.113902821815299315e-01,-5.036601161749798550e-01,-4.391694128157108135e-01,-4.511490400650001176e-01,-4.578310735935239295e-01,-4.634140459917966970e-01,-4.659553758597063666e-01,-4.707031859063031121e-01
9.068155085820941430e-01,9.193836737452921737e-01,9.003936037573144757e-01,9.006822681031128042e-01,1.144860163699640054e+00,1.143176618348626494e+00,1.142643110593652533e+00,1.140799480081031714e+00,9.164560601260681727e-01,9.157683562991333348e-01
2.039325184229778543e-01,1.800007706051208189e-01,2.170209297927503389e-01,2.163895916321620372e-01,-2.443130875233157362e-01,-2.411176880028449154e-01,-2.400981815659457563e-01,-2.364570026497015420e-01,1.854971176525164189e-01,1.869188005108860517e-01
-2.480592536160509676e-01,-2.605011897688667144e-01,6.518004900068692375e-01,-2.415343704046767903e-01,-2.684405436970805359e-01,-2.634278965041906284e-01,-2.606393443173576352e-01,-2.591502624718593495e-01,-2.577362875669096942e-01,-2.548282375881170680e-01
-5.658360283751331377e-01,-5.267182485593899788e-01,-6.844252452723194047e-01,-5.879167443831663231e-01,-5.013392222046771929e-01,-5.167486107355855340e-01,-5.258131572667934517e-01,-5.312369460461243698e-01,-5.352900082899515466e-01,-5.449591172667503924e-01
9.229469240477456982e-01,9.327197019641549902e-01,9.179319902841753809e-01,9.181689999522594237e-01,1.102720746939284124e+00,1.101607637577445953e+00,1.101381265129198317e+00,1.099653677508210858e+00,9.304663717963368441e-01,9.296681314756211068e-01
1.572182681723631181e-01,1.265319052392257226e-01,1.743889114936719720e-01,1.735040814443471469e-01,-3.991214588203312319e-01,-3.955999382005354059e-01,-3.949299119840152805e-01,-3.893287261189173898e-01,1.334927838161390490e-01,1.361987767301824359e-01
-3.085637017430771789e-01,-3.170155618426470645e-01,5.706884312927599234e-01,-3.042013811695458148e-01,-3.219601046650263920e-01,-3.186619858491251400e-01,-3.168235194621307760e-01,-3.162908257642545462e-01,-3.151915362321550118e-01,-3.126817404161104652e-01
-6.912022553760596155e-01,-6.374683028093325321e-01,-9.361598663146378785e-01,-7.222663495045349435e-01,-6.053638490312331921e-01,-6.255221887457735885e-01,-6.378795857063824792e-01,-6.427601148153420096e-01,-6.489077767254409768e-01,-6.660349200478975495e-01
9.321870220459012035e-01,9.385193311636275126e-01,9.290492273472242823e-01,9.291959711640317421e-01,1.048367478459243829e+00,1.047704698396564105e+00,1.047636178064355050e+00,1.046229610818725009e+00,9.370590227398909455e-01,9.364866536857130441e-01
1.055587940048857559e-01,6.541839972822782734e-02,1.283102824379618867e-01,1.270909549699316965e-01,-6.147939784896774285e-01,-6.104470064798389606e-01,-6.101877224741070194e-01,-6.009541604187622621e-01,7.445834046312402310e-02,7.849782075504954659e-02
-3.801441898381175410e-01,-3.828184388467902322e-01,4.653120374993329755e-01,-3.791155148688161169e-01,-3.842409202324033046e-01,-3.831297883226762457e-01,-3.826303806143480646e-01,-3.827087265755488299e-01,-3.822480738330170658e-01,-3.814533627818345596e-01
-8.783220199881482948e-01,-8.046484259673443162e-01,-1.296890389351019746e+00,-9.215214684837164105e-01,-7.631262077781919562e-01,-7.899382604626348225e-01,-8.067989243101191255e-01,-8.110672082029397600e-01,-8.199621053944763371e-01,-8.472583998657884363e-01
9.355145250278515956e-01,9.374805212857244552e-01,9.348434824911059371e-01,9.348585942663885096e-01,9.732936407386588717e-01,9.731122746121891876e-01,9.730772267757985539e-01,9.725836809501817726e-01,9.370045789507521761e-01,9.368706133429091087e-01
4.082982972598248050e-02,-1.270273840887076178e-02,7.131116883994295663e-02,6.965613161464999370e-02,-9.198789797652432432e-01,-9.139974875379844876e-01,-9.141004546342952342e-01,-8.993328305225740671e-01,-6.657344021220729102e-04,4.730338380548690380e-03
-4.716206714622918628e-01,-4.662956269776825646e-01,3.213084027897843975e-01,-4.753009060808180419e-01,-4.632648966923875733e-01,-4.650496732808626077e-01,-4.663806556844807272e-01,-4.668713893518712243e-01,-4.673795001465467780e-01,-4.696425664897150853e-01
-1.142859862035326080e+00,-1.042773233930364807e+00,-1.799312756923961754e+00,-1.201809495253018056e+00,-9.872826448845517522e-01,-1.023475176448719104e+00,-1.046333766805009446e+00,-1.051187626354834537e+00,-1.063362559594435819e+00,-1.102131197729580903e+00
9.318452261245473434e-01,9.280220835180097438e-01,9.344682516388113092e-01,9.343046431831051324e-01,8.656380097246688665e-01,8.661015464062271629e-01,8.660467773334598052e-01,8.672103571249868414e-01,9.288486345482934725e-01,9.292885567052792117e-01
-4.584232322823408867e-02,-1.181521078968782723e-01,-4.688476514408887463e-03,-6.921463471816269308e-03,-1.344990987362278290e+00,-1.336950411837198649e+00,-1.337184543382754054e+00,-1.316107766781468680e+00,-1.018745519870360994e-01,-9.475560286228248974e-02
-5.911519373328146809e-01,-5.752953732156749211e-01,1.243519870239971625e-01,-6.009690411183152836e-01,-5.660132008327722897e-01,-5.717547537680734981e-01,-5.754916912974226140e-01,-5.768795585811765658e-01,-5.785826787688956863e-01,-5.843583509439878032e-01
-1.494713540998250600e+00,-1.361960071827409413e+00,-2.464967591075543307e+00,-1.572432300642030878e+00,-1.285029969526429339e+00,-1.334215413418905705e+00,-1.364584158908531242e+00,-1.374247899233666415e+00,-1.389644782753234331e+00,-1.436380192517202392e+00
9.188238083988118365e-01,9.071652780559196216e-01,9.258944228747936211e-01,9.254861849254933936e-01,7.127147416234386190e-01,7.139600302324070613e-01,7.139579117812714371e-01,7.168760467348023191e-01,9.097525541093508528e-01,9.110666693923953341e-01
-1.628301119033941924e-01,-2.606073614448004561e-01,-1.073039938940975047e-01,-1.103416439019945239e-01,-1.912547211285478665e+00,-1.902341996962002346e+00,-1.902081265318590342e+00,-1.878011530269319662e+00,-2.386331837072128981e-01,-2.281600403206974215e-01
-7.409344743960164514e-01,-7.128563703194074064e-01,-1.293251151296171408e-01,-7.575499058071976100e-01,-6.945270864675751055e-01,-7.054659875176350070e-01,-7.120403016601436486e-01,-7.161874430132360025e-01,-7.189530386516729266e-01,-7.262152670835888557e-01
-1.914133515083500603e+00,-1.748358936919265361e+00,-3.259120866808573602e+00,-2.009263417263083440e+00,-1.640923780484137895e+00,-1.706172290967350236e+00,-1.744425110834996850e+00,-1.767518811725601102e+00,-1.784583669896944835e+00,-1.826452789303718349e+00
8.943672068146631959e-01,8.723363517900849518e-01,9.073035583787125713e-01,9.065467197761979401e-01,5.085472927974168389e-01,5.106175930004590580e-01,5.110632163231872971e-01,5.138705256452625880e-01,8.772123050696650770e-01,8.803352361998812992e-01
-3.125411124362742488e-01,-4.426651869515967341e-01,-2.388464465133464665e-01,-2.430333651727936140e-01,-2.606902906441028289e+00,-2.594675273378453717e+00,-2.592004420053240832e+00,-2.575705451796706846e+00,-4.136970019817771682e-01,-3.956769497126854662e-01
-9.035400155858639426e-01,-8.657130604222375014e-01,-4.070707567764503820e-01,-9.248642110506355429e-01,-8.366541417657213930e-01,-8.529711881885597702e-01,-8.619756359629339171e-01,-8.715578619935024918e-01,-8.746074422373806279e-01,-8.783389139324373485e-01
-2.308045120060621347e+00,-2.126479719940742807e+00,-4.009471715703517347e+00,-2.408285519157356447e+00,-1.987884643454896239e+00,-2.066582652812877008e+00,-2.109453196986346590e+00,-2.154328503190954258e+00,-2.169474468928366040e+00,-2.186757795305762642e+00
8.606960490585460199e-01,8.260226748004305675e-01,8.806785898743993979e-01,8.794525971500638528e-01,2.711921703717706800e-01,2.749715079640310811e-01,2.771242058595931868e-01,2.761380992495241493e-01,8.336024751389893295e-01,8.402384330589527384e-01
-4.779329829545220232e-01,-6.442969215683725936e-01,-3.843518750341718415e-01,-3.899868757776454586e-01,-3.319808476475589298e+00,-3.301457232182502199e+00,-3.291308188406554702e+00,-3.296340099218823205e+00,-6.078235530086344429e-01,-5.763863715573074309e-01
-1.035841304542728158e+00,-9.966353708955528745e-01,-6.304553228925366959e-01,-1.056759583212228293e+00,-9.608647270924467465e-01,-9.798716011331434217e-01,-9.895630348635727769e-01,-1.004409764395163052e+00,-1.006766179144762852e+00,-1.003657683112656684e+00
-2.521269107683659527e+00,-2.358064655704329660e+00,-4.435952115925434924e+00,-2.606888754825845922e+00,-2.210067163187887207e+00,-2.289356892600429294e+00,-2.329498829069367005e+00,-2.390406887535681868e+00,-2.400561174685682087e+00,-2.387264671109937009e+00
8.283398107639455832e-01,7.808139443625340403e-01,8.551319272662873949e-01,8.534417089064433304e-01,5.512738496519928311e-02,6.392295787348342695e-02,6.994015248259663475e-02,6.465432703812185045e-02,7.911436174777589647e-01,8.021301422762978639e-01
-6.166136754693271049e-01,-8.142623590239184139e-01,-5.073034991700815510e-01,-5.141006159203918013e-01,-3.844420232721955433e+00,-3.807437987093949427e+00,-3.782779599726894926e+00,-3.805231664411897086e+00,-7.712322893528549272e-01,-7.259453380920920518e-01
-1.105796609187231105e+00,-1.072397947171054522e+00,-7.448280272424041559e-01,-1.122897672092327603e+00,-1.038105629235579253e+00,-1.055760070221983815e+00,-1.064366247337833027e+00,-1.080116754840848348e+00,-1.081676522837452525e+00,-1.074737426441648935e+00
-2.489934663509768775e+00,-2.365251073580813213e+00,-4.436255664362737328e+00,-2.552813223684613941e+00,-2.238001720711548792e+00,-2.303957806352132209e+00,-2.335982288530245032e+00,-2.394124519547247143e+00,-2.400177460562572307e+00,-2.374055890355318610e+00
8.087486430756436473e-01,7.516596863665205852e-01,8.401175075567073325e-01,8.381713208800779524e-01,-8.423480091540368198e-02,-6.693774683011641247e-02,-5.598899088107744948e-02,-6.022336272056115491e-02,7.641979591170908748e-01,7.777860135663158259e-01
-6.973127738295042954e-01,-9.101741706054051750e-01,-5.823750068896785814e-01,-5.894099624677385796e-01,-4.037922954666639086e+00,-3.972903206067368131e+00,-3.932561701257724973e+00,-3.949077056631477234e+00,-8.633568966470170913e-01,-8.130913176205984971e-01
-1.123588079679981089e+00,-1.096836336018349289e+00,-7.700733826900435508e-01,-1.137087182052084477e+00,-1.068627725797202777e+00,-1.083042878452679991e+00,-1.090107028493141117e+00,-1.103219013681888239e+00,-1.104478806269889146e+00,-1.098156549668632298e+00
-2.301805741188289733e+00,-2.210610053100874328e+00,-4.171053350703508578e+00,-2.347192596314043200e+00,-2.114995200203891201e+00,-2.164140327019714150e+00,-2.188175320750876729e+00,-2.232442186423979180e+00,-2.236891950210962321e+00,-2.215154924282812576e+00
8.031032173271769325e-01,7.412568951946493234e-01,8.363705969087833481e-01,8.343893606428834930e-01,-1.413312559542019287e-01,-1.157081917902256230e-01,-1.009109884742279695e-01,-9.970886661258679395e-02,7.550865524517963445e-01,7.688269217125816013e-01
-7.303878228924003402e-01,-9.409996251619223706e-01,-6.190669109507069834e-01,-6.256022296387409032e-01,-3.956436220293729100e+00,-3.868593211241163843e+00,-3.818734400447523658e+00,-3.815605445653260652e+00,-8.938241770869973513e-01,-8.474175674534104585e-01
-1.114752192900617889e+00,-1.092701263349711960e+00,-7.500063591054415557e-01,-1.125927882905664923e+00,-1.070570524929894463e+00,-1.081987857515359863e+00,-1.087842710081042608e+00,-1.097661733555030050e+00,-1.098944798240464316e+00,-1.094980246389261946e+00
-2.061764607237934310e+00,-1.992456195874163116e+00,-3.819288781995706206e+00,-2.096467333686452328e+00,-1.923240053699592611e+00,-1.959121718091595188e+00,-1.977509855553299278e+00,-2.008113168066048893e+00,-2.012256145151675835e+00,-1.999601868302628649e+00
8.062775267864553674e-01,7.432053551925572599e-01,8.397203191886447593e-01,8.378137426688329059e-01,-1.451078392419797303e-01,-1.137482943400687230e-01,-9.680404532039740828e-02,-8.984028586533031324e-02,7.575443787869711176e-01,7.701840477121109085e-01
-7.406929331507822178e-01,-9.388519879407715152e-01,-6.375413210808809072e-01,-6.433293848716910013e-01,-3.738562635205995743e+00,-3.639432663382697886e+00,-3.586739620844184184e+00,-3.565993884833926764e+00,-8.937059939863610802e-01,-8.543616416606503172e-01
-1.096171106384702609e+00,-1.077071806540927490e+00,-7.128542949945618767e-01,-1.105960246264070523e+00,-1.059474442670758076e+00,-1.068720524338316658e+00,-1.073770150717375138e+00,-1.080956738469324163e+00,-1.082342938716685632e+00,-1.080635995878570510e+00
-1.822622886651318996e+00,-1.767002260085962284e+00,-3.468586027799803517e+00,-1.850834654179439154e+00,-1.715954765840797425e+00,-1.742876975403711004e+00,-1.757585392682925463e+00,-1.778366861559178780e+00,-1.782488179027478470e+00,-1.777316101103767920e+00
8.138621960304455172e-01,7.513957435827041120e-01,8.466848724715059227e-01,8.448831949149329112e-01,-1.226030971802445774e-01,-8.802694729557063169e-02,-7.016236764588970609e-02,-5.888166445317333242e-02,7.657774916336144155e-01,7.770558943387295692e-01
-7.439818839404712669e-01,-9.259717067234327637e-01,-6.502236897181501440e-01,-6.552797127669318655e-01,-3.480248117579398226e+00,-3.378911416636304565e+00,-3.327399253199100571e+00,-3.295767889572139175e+00,-8.839628057760935409e-01,-8.514521999388402484e-01
-1.075428952015879069e+00,-1.058210645780977899e+00,-6.712330466342899538e-01,-1.084354695444321059e+00,-1.043703374732870337e+00,-1.051483451150583504e+00,-1.056006551331996057e+00,-1.061362685798501460e+00,-1.062834436681930672e+00,-1.062788844031682389e+00
-1.601166041778049332e+00,-1.554616672026096769e+00,-3.146364139874866517e+00,-1.625080013166931625e+00,-1.515505308093333836e+00,-1.536535077011381034e+00,-1.548775273109477935e+00,-1.563174968658703312e+00,-1.567223592140750021e+00,-1.566900016260391437e+00
8.235353789630324162e-01,7.624608749744966607e-01,8.554440174001324282e-01,8.537451934115772856e-01,-8.904948635219181452e-02,-5.295883943666798016e-02,-3.486449545399541300e-02,-2.076740235979654403e-02,7.766507246346795457e-01,7.866991558235388871e-01
-7.467099006286210816e-01,-9.120349462449079958e-01,-6.621487962316007225e-01,-6.665628085004620118e-01,-3.224301329237523106e+00,-3.126016651596014384e+00,-3.077555987283401517e+00,-3.040680835873299515e+00,-8.735056772554330440e-01,-8.466351778135587924e-01
-1.055353789332352799e+00,-1.039411251395293556e+00,-6.298444688458539886e-01,-1.063695425928182559e+00,-1.026976907532035410e+00,-1.033770135822394742e+00,-1.037935671138338511e+00,-1.042075343710105129e+00,-1.043596446659941224e+00,-1.044654349090223144e+00
-1.399818280737098464e+00,-1.359809117405160528e+00,-2.856312429016247378e+00,-1.420586002378320556e+00,-1.328658270333602287e+00,-1.345702797860637068e+00,-1.356173331372498625e+00,-1.366520411968897841e+00,-1.370398722386694690e+00,-1.372859702723033148e+00
8.343020542252457261e-01,7.749050306649866160e-01,8.652212939593625363e-01,8.636141452706898036e-01,-5.147150302121069471e-02,-1.488637446993194835e-02,3.081241224813575930e-03,1.888351936586491614e-02,7.887947185784329740e-01,7.978300484105023127e-01
-7.507480309071864477e-01,-9.001181644033342533e-01,-6.747503308955975498e-01,-6.786152268477321226e-01,-2.984987668685224360e+00,-2.892412949124269606e+00,-2.847730468666406445e+00,-2.809292936433045451e+00,-8.650651011964012316e-01,-8.426567123764966416e-01
-1.036831475033022310e+00,-1.021818893453811272e+00,-5.901241411329969377e-01,-1.044742519817853932e+00,-1.010795697915406244e+00,-1.016908124418433257e+00,-1.020816707135266066e+00,-1.024155085831180978e+00,-1.025694646979283586e+00,-1.027446861341045681e+00
-1.216789689815899189e+00,-1.181870645726187830e+00,-2.595143072320132749e+00,-1.235056909024052185e+00,-1.156252460908030910e+00,-1.170465788412126118e+00,-1.179576157342303810e+00,-1.187321895363471658e+00,-1.190958131080840809e+00,-1.194848430561607389e+00
8.458133532586475933e-01,7.881629408542357718e-01,8.757528140420313134e-01,8.742253565835355067e-01,-1.277589377933428805e-02,2.371360429320586508e-02,4.137590912689109723e-02,5.813859754726155571e-02,8.017061706289062561e-01,8.099284352128447440e-01
-7.562138161501074096e-01,-8.906784939498466613e-01,-6.880809640119817105e-01,-6.914744244900306036e-01,-2.765052457282094700e+00,-2.679392955757795569e+00,-2.638680541796814882e+00,-2.600878522166524931e+00,-8.589638515610134029e-01,-8.400841943824596258e-01
-1.020043918563338536e+00,-1.005755524372816234e+00,-5.522910008586124908e-01,-1.027613422939089194e+00,-9.957208790289021616e-01,-1.001346343440597586e+00,-1.005059051702287487e+00,-1.007865989075897417e+00,-1.009402177220926511e+00,-1.011572261344237944e+00
-1.049622555007088121e+00,-1.018903709275023939e+00,-2.358463806819914854e+00,-1.065784258796468098e+00,-9.973322521249409212e-01,-1.009422039739270804e+00,-1.017424076745588435e+00,-1.023452623405968431e+00,-1.026806424453712063e+00,-1.031295621212011904e+00
8.580116128063981495e-01,8.020887580917972493e-01,8.870101196182514913e-01,8.855519414175124782e-01,2.597033201900018212e-02,6.202518729678956760e-02,7.929481562934762029e-02,9.653386397345913028e-02,8.152687549442247938e-01,8.228386487782403114e-01
-7.626820720618007199e-01,-8.833182358255506905e-01,-7.017643148645015261e-01,-7.047479448226000587e-01,-2.563404637078896098e+00,-2.485098351930356220e+00,-2.448308925370465072e+00,-2.412395035809440813e+00,-8.547598316100302185e-01,-8.387138398183264787e-01
-1.004957567319828771e+00,-9.912646465162729958e-01,-5.161673429271160796e-01,-1.012240450002892755e+00,-9.819475760586371393e-01,-9.872102984589933294e-01,-9.907654252743623990e-01,-9.932146494015199334e-01,-9.947331993976401554e-01,-9.971404795932635734e-01
-8.961967702389797008e-01,-8.690888143575894453e-01,-2.142475434002839574e+00,-9.105174972177498827e-01,-8.506344749442904529e-01,-8.610483720243778949e-01,-8.681066988356008762e-01,-8.729569932112752895e-01,-8.760111673312279690e-01,-8.806093663991638731e-01
8.709675881056861968e-01,8.167192581547714214e-01,8.990716038451932457e-01,8.976742036982362505e-01,6.447544612224924421e-02,9.990215113081513110e-02,1.167389579509372222e-01,1.341421469546126843e-01,8.295334609619715582e-01,8.365744985051539739e-01
-7.696429064324099567e-01,-8.774626409153746254e-01,-7.153603796945871007e-01,-7.179829144484338732e-01,-2.378062661410852652e+00,-2.307144472796825330e+00,-2.274126229996658033e+00,-2.240778956786014575e+00,-8.518686114860577474e-01,-8.381444601707738196e-01
-9.915052999696519764e-01,-9.783228372833889797e-01,-4.814921215401758436e-01,-9.985376966422939704e-01,-9.695471393540877614e-01,-9.745284111752192668e-01,-9.779509042477335656e-01,-9.801544944302083007e-01,-9.816465485480673214e-01,-9.841748260085959599e-01
-7.548956325829766500e-01,-7.309775267186795489e-01,-1.944275403696106741e+00,-7.675684660878786536e-01,-7.150391269833767938e-01,-7.240722395686587376e-01,-7.303019298340562848e-01,-7.343060704532611283e-01,-7.370583859478938571e-01,-7.414865655212016238e-01
8.848076947099914324e-01,8.321683984500581888e-01,9.120639669459611465e-01,9.107204873438453641e-01,1.027526043955367813e-01,1.374438594905350308e-01,1.538330606658709909e-01,1.711995892154196675e-01,8.446214591266224536e-01,8.512276838685317593e-01
-7.766598565210385274e-01,-8.725962622204577190e-01,-7.284951905809549100e-01,-7.307958964509629896e-01,-2.207153383968748273e+00,-2.143443498668893721e+00,-2.113999793038058961e+00,-2.083551448459533884e+00,-8.497770516116950335e-01,-8.379940138065296029e-01
-9.796486292776361848e-01,-9.669169886713400164e-01,-4.480339840136415841e-01,-9.864560465297770309e-01,-9.585657358814957396e-01,-9.633202582471586117e-01,-9.666271224274933793e-01,-9.686578932418163923e-01,-9.701182737039176773e-01,-9.726937530627083328e-01
-6.245319274294450773e-01,-6.034806482906315273e-01,-1.761753773024823833e+00,-6.357089324867376545e-01,-5.896527263487953974e-01,-5.975093213931956804e-01,-6.029965120171113524e-01,-6.063627225200702853e-01,-6.088200970387981359e-01,-6.129275168443282240e-01
8.996807538568295515e-01,8.485799746673247101e-01,9.261346920162060181e-01,9.248395309004868725e-01,1.409155091056771003e-01,1.748171908349104853e-01,1.907585182848037797e-01,2.079604495954586463e-01,8.606806808439186884e-01,8.669242066645265199e-01
-7.834155588049398489e-01,-8.683324662583968845e-01,-7.409005645352693126e-01,-7.429119386457020413e-01,-2.049178947289151065e+00,-1.992381259705364949e+00,-1.966297346797253320e+00,-1.938870020535337080e+00,-8.481040794454218767e-01,-8.379731394257285970e-01
-9.693941361077414998e-01,-9.570685108382339656e-01,-4.156271552815364867e-01,-9.759960400516194401e-01,-9.490619599918636018e-01,-9.536278986115909184e-01,-9.568313878617246138e-01,-9.587371093331438221e-01,-9.601631257516590745e-01,-9.627397792537673027e-01
-5.042287324260548154e-01,-4.857804703184697148e-01,-1.593406097677976474e+00,-5.140374227796626894e-01,-4.737756267303300239e-01,-4.806049416443797240e-01,-4.854184369435354252e-01,-4.882804280646591555e-01,-4.904552045125640247e-01,-4.941685426989701480e-01
9.157412315794006830e-01,8.661048796107618797e-01,9.414374995996654949e-01,9.401859493166476733e-01,1.790896177338232864e-01,2.121822832734520103e-01,2.276846345535769589e-01,2.446427299573173397e-01,8.778649336944646109e-01,8.838019998556322365e-01
-7.897176574246458358e-01,-8.644235901196738459e-01,-7.524212602426499918e-01,-7.541709833555905185e-01,-1.903029117079952481e+00,-1.852783919104291410e+00,-1.829839050990651694e+00,-1.805425833519132883e+00,-8.466078341206090263e-01,-8.379039994791604995e-01
-9.607926752477609078e-01,-9.488366993778427627e-01,-3.841793779763036376e-01,-9.672052359690007650e-01,-9.411184020591023547e-01,-9.455236735913412627e-01,-9.486332517876335801e-01,-9.504456724851946259e-01,-9.518363484165579536e-01,-9.543864263538176518e-01
-3.933112148889685300e-01,-3.772392732701602136e-01,-1.438160016166668997e+00,-4.018637866723812069e-01,-3.668422899792960212e-01,-3.727595865481170279e-01,-3.769575497718624657e-01,-3.794039866742879852e-01,-3.813116264018078794e-01,-3.846039520962828417e-01
9.331381360376811429e-01,8.848875273138536723e-01,9.581220278299475979e-01,9.569099753773047112e-01,2.173718977214040837e-01,2.496603746369968624e-01,2.647392615473334043e-01,2.814078687150557423e-01,8.963212194220008255e-01,9.019967409365740041e-01
-7.954925028645963847e-01,-8.607525091769865355e-01,-7.630116798558694846e-01,-7.645239705016201315e-01,-1.767918025543073313e+00,-1.723831434391141393e+00,-1.703804532279840078e+00,-1.682318815317320082e+00,-8.451764764306614053e-01,-8.377198247114892027e-01
-9.539318131968947956e-01,-9.423134928644616437e-01,-3.536718406604604237e-01,-9.601696544363252928e-01,-9.348414237746662803e-01,-9.391076988076962895e-01,-9.421313001712857682e-01,-9.438719171258792562e-01,-9.452275083947438983e-01,-9.477354249320716351e-01
-2.912209548698158623e-01,-2.773229568162741132e-01,-1.295237105060448979e+00,-2.986195590213706064e-01,-2.683634654455425705e-01,-2.734625223247314496e-01,-2.770963898620322219e-01,-2.791885931283049072e-01,-2.808462532856194627e-01,-2.837180792082890646e-01
9.520036009589617487e-01,9.050534701889616507e-01,9.763226357889508433e-01,9.751463222047787038e-01,2.558086318731395692e-01,2.873161738846250479e-01,3.019926453252382292e-01,3.183502375537941576e-01,9.161777992911775970e-01,9.216286975693102068e-01
-8.007767344257100683e-01,-8.573205360952154130e-01,-7.727304409757083103e-01,-7.740269688429689543e-01,-1.643309042974651080e+00,-1.604970435461351652e+00,-1.587643028447654814e+00,-1.568949165152447200e+00,-8.438161675752956503e-01,-8.374590041028986409e-01
-9.489244129028814312e-01,-9.376134021497524174e-01,-3.241595357982071657e-01,-9.550018080984273849e-01,-9.303541919121303128e-01,-9.344994825208614575e-01,-9.374443695281864386e-01,-9.391281646659060955e-01,-9.404498740629195774e-01,-9.429082590121694585e-01
-1.974511731914364854e-01,-1.855416915950698076e-01,-1.164048575466471558e+00,-2.037909021642079210e-01,-1.778778517889044453e-01,-1.822383834763521004e-01,-1.853551523796957146e-01,-1.871377851054876751e-01,-1.885634265301439072e-01,-1.910310638568695762e-01
9.724365638850677174e-01,9.266927536195708193e-01,9.961421002483366038e-01,9.949979277027057867e-01,2.943760816833971838e-01,3.251411340326127442e-01,3.394415141961589222e-01,3.554847796031681550e-01,9.375277952433954676e-01,9.427853974436921636e-01
-8.057100021256512479e-01,-8.542365448510499393e-01,-7.817356007312629140e-01,-7.828360847652652277e-01,-1.528847924820609716e+00,-1.495841159218721961e+00,-1.480999256141297460e+00,-1.464932246920642944e+00,-8.426405441578395106e-01,-8.372587459736376969e-01
-9.458925700734540643e-01,-9.348582591381634499e-01,-2.957762222020875464e-01,-9.518243274762552275e-01,-9.277833846355278968e-01,-9.318237184007439611e-01,-9.346971138668839219e-01,-9.363350155424651211e-01,-9.376248410503300601e-01,-9.400319613167573696e-01
-1.114984921531319007e-01,-1.014049725750605369e-01,-1.044117719723326898e+00,-1.168689821049466726e-01,-9.491380183956805994e-02,-9.860580796630555311e-02,-1.012493371287843530e-01,-1.027568642292782802e-01,-1.039686696194035836e-01,-1.060569980277567409e-01
9.944762985021529111e-01,9.498334115109832165e-01,1.017625108852100002e+00,1.016509483751643739e+00,3.329544747128689863e-01,3.630289071964878933e-01,3.769850182933743299e-01,3.927252036128354717e-01,9.604028481908054582e-01,9.654945685703655300e-01
-8.105292112793549553e-01,-8.517081577899725531e-01,-7.902808768325677580e-01,-7.912034589258687411e-01,-1.424308225908096137e+00,-1.396219665546269750e+00,-1.383655317151117892e+00,-1.370033974085271167e+00,-8.418623116316956700e-01,-8.373495279137920244e-01
-9.449433728861245108e-01,-9.341535006224437332e-01,-2.687470178610660287e-01,-9.507455520036064422e-01,-9.272367520796962470e-01,-9.311872071042183174e-01,-9.339968151749005187e-01,-9.355973604706804281e-01,-9.368580392170159366e-01,-9.392160607187467480e-01
-3.282739592025545050e-02,-2.438815481593113732e-02,-9.350216833584146237e-01,-3.731354939104158941e-02,-1.895994621781507683e-02,-2.204616997532482525e-02,-2.425786056316357742e-02,-2.551842808394315376e-02,-2.653439613404108555e-02,-2.827231319864201287e-02
1.018058131619117512e+00,9.743973268937219379e-01,1.040713923848807232e+00,1.039623127032519800e+00,3.712865283655312765e-01,4.007345898423051445e-01,4.143842905503993257e-01,4.298449820882273564e-01,9.847291158357074359e-01,9.896795403634573995e-01
-8.155630701313281161e-01,-8.500338170784796921e-01,-7.987117338932046007e-01,-7.994731916290075402e-01,-1.329547001762103386e+00,-1.305971933543146113e+00,-1.295484829487617784e+00,-1.284121039424426458e+00,-8.417857053926643962e-01,-8.380495110594051722e-01
-9.461296566235423144e-01,-9.355493138133958997e-01,-2.434120420829985199e-01,-9.518202046335928479e-01,-9.287651572439554748e-01,-9.326403727218097739e-01,-9.353948752402309053e-01,-9.369653780504996199e-01,-9.382004065409405014e-01,-9.405141218876957865e-01
3.915481521024457429e-02,4.609123842118342806e-02,-8.363459826042725087e-01,3.547269527838761011e-02,5.055594819223274000e-02,4.801873754271659966e-02,4.619967181267987943e-02,4.516195329460384600e-02,4.432432018980825283e-02,4.290681180717734189e-02
1.042938973192252261e+00,1.000126139143116655e+00,1.065173828816225798e+00,1.064103908175774382e+00,4.089091733080311708e-01,4.378065526930479123e-01,4.511944958859200883e-01,4.664102845441475131e-01,1.010253319065022914e+00,1.015084712975405923e+00
-8.212240658306829699e-01,-8.495927874644588762e-01,-8.074585676965062575e-01,-8.080744097573666629e-01,-1.244466148797265914e+00,-1.225014432473989334e+00,-1.216413692108227140e+00,-1.207119342673067308e+00,-8.427968532624752207e-01,-8.397562351178126105e-01
-9.493837552527616408e-01,-9.389747761696588535e-01,-2.202658568579203002e-01,-9.549831193913819183e-01,-9.322974495748275192e-01,-9.361115844607348357e-01,-9.388211926103442462e-01,-9.403686216859366009e-01,-9.415823468263589957e-01,-9.438580608137731032e-01
1.051124291236482933e-01,1.106870126004932675e-01,-7.476457482821595724e-01,1.021589263905959277e-01,1.142788713136084489e-01,1.122393140994843580e-01,1.107758702474562207e-01,1.099396468816734584e-01,1.092636141989600518e-01,1.081372989832494469e-01
1.068572177921775168e+00,1.026456935310571916e+00,1.090467799778639613e+00,1.089414486974839225e+00,4.450414154997751615e-01,4.734737074033396054e-01,4.866522292074010880e-01,5.016678156228004948e-01,1.036418578853102401e+00,1.041150711461796829e+00
-8.279922406625429554e-01,-8.508273815474201029e-01,-8.170214514109372939e-01,-8.175059255294256921e-01,-1.168972290207668463e+00,-1.153273635160815713e+00,-1.146379871272669826e+00,-1.138972383976299518e+00,-8.453463425201590553e-01,-8.429300695768583429e-01
-9.544036712802713707e-01,-9.441245689662591811e-01,-2.000193377459371369e-01,-9.599354132727732081e-01,-9.375279557638350747e-01,-9.412939022112204457e-01,-9.439710521186721603e-01,-9.455027660264003764e-01,-9.467005523471968553e-01,-9.489448051388459371e-01
1.657812880504301589e-01,1.701236606668893314e-01,-6.684073537218024885e-01,1.634864900797841081e-01,1.729249382897963816e-01,1.713369066590904599e-01,1.701945580019648130e-01,1.695406058456326026e-01,1.690104760689398189e-01,1.681481410708804136e-01
1.093898057018798831e+00,1.052314517724178389e+00,1.115546540438829837e+00,1.114505204213907419e+00,4.784018473930454207e-01,5.064613831185217352e-01,5.194913679754898927e-01,5.343606257090887102e-01,1.062156806183801594e+00,1.066805811960994443e+00
-8.363798985290613608e-01,-8.542065185812582895e-01,-8.279356360784844160e-01,-8.283016705477515007e-01,-1.102923965291704667e+00,-1.090632915047215379e+00,-1.085280617609386100e+00,-1.079587651079626287e+00,-8.499131261184070807e-01,-8.480586367715128304e-01
-9.604573344143850777e-01,-9.502641829846782962e-01,-1.836921050309562875e-01,-9.659487212886683771e-01,-9.437227564692675097e-01,-9.474501847182570380e-01,-9.501104806912229472e-01,-9.516349345937932247e-01,-9.528234190223416888e-01,-9.550411307050162835e-01
2.219441588701865919e-01,2.251713735545603501e-01,-5.980025484575254291e-01,2.202445665237867944e-01,2.272558614320462356e-01,2.260783589425406359e-01,2.252255684770703703e-01,2.247366177847694435e-01,2.243380318434712584e-01,2.237151457852663838e-01
1.116996585296338607e+00,1.075767714010284815e+00,1.138500046810250410e+00,1.137465715872537420e+00,5.069161984054658676e-01,5.346955140758017366e-01,5.476468769711647644e-01,5.624311591799606713e-01,1.085545005172956934e+00,1.090120744081168214e+00
-8.468564100978147602e-01,-8.601499061901023424e-01,-8.406969843427352096e-01,-8.409560800898432387e-01,-1.046047114448750426e+00,-1.036847478278511980e+00,-1.032887742625454797e+00,-1.028751359707089641e+00,-8.569290837067760069e-01,-8.555815108009475756e-01
-9.660511572161016858e-01,-9.559002506793141674e-01,-1.727417446888128150e-01,-9.715335764152662756e-01,-9.493917382941458039e-01,-9.530832322609416041e-01,-9.557467315966743371e-01,-9.572742407645847829e-01,-9.584616758837404271e-01,-9.606531128182655976e-01
2.743598449941410111e-01,2.765750912039647291e-01,-5.356244687481216404e-01,2.731995693321019325e-01,2.780078970529702431e-01,2.772046371350527227e-01,2.766136855603307798e-01,2.762746004756836404e-01,2.759949110104492065e-01,2.755897104939785125e-01
1.134524579488605633e+00,1.093473702461329689e+00,1.155992191818842496e+00,1.154959720486396835e+00,5.272625008429759896e-01,5.548415380156423993e-01,5.677924790386634779e-01,5.825569067980520543e-01,1.103249169634677784e+00,1.107750208137639802e+00
-8.596943342882505945e-01,-8.688744770336704892e-01,-8.556084534893284577e-01,-8.557705469634957485e-01,-9.977863623821715544e-01,-9.913943054164261470e-01,-9.886978648045097184e-01,-9.859781884625147264e-01,-8.666258766215414466e-01,-8.657367036178946762e-01
-9.683906499197020290e-01,-9.582444815103046132e-01,-1.692219777142400239e-01,-9.738993665954247536e-01,-9.517553827234384034e-01,-9.553995960749428473e-01,-9.580923902266903491e-01,-9.596359523581287077e-01,-9.608325743432171162e-01,-9.629883275234171203e-01
3.236047773949854434e-01,3.248965459558400548e-01,-4.801922707084220199e-01,3.229370119834963915e-01,3.257343641314066618e-01,3.252724005475456370e-01,3.249206579795269056e-01,3.247189524491519430e-01,3.245477147042654664e-01,3.243403952860879347e-01
1.140847980357714064e+00,1.099823876835021252e+00,1.162387391946937631e+00,1.161351919644141528e+00,5.342071227431384184e-01,5.616295937179326403e-01,5.746627085712415761e-01,5.894681082527454263e-01,1.109668557311740633e+00,1.114073597810569138e+00
-8.746694219125178416e-01,-8.800966581254565657e-01,-8.724798241840663326e-01,-8.725531593284647780e-01,-9.570398875350799583e-01,-9.532039656243141978e-01,-9.516642667566852509e-01,-9.502422322304547864e-01,-8.787375908335945951e-01,-8.782621578827026765e-01
-9.625764340513185413e-01,-9.524155742666662317e-01,-1.759138567051024005e-01,-7.204557245769604990e-02,-9.459511206510420323e-01,-9.495119797128397376e-01,-9.522674544516445128e-01,-9.538433476448809900e-01,-9.550614816880198532e-01,-9.571547251881380447e-01
3.697589959022805628e-01,3.702017022224054488e-01,-4.302146271586654303e-01,-1.281439650508860995e-01,3.704944785221316872e-01,3.703409140240082609e-01,3.702126827388520502e-01,3.701393823600245825e-01,3.700689883015099158e-01,3.700393957804614109e-01
1.126845229419193961e+00,1.085771385958320012e+00,1.148542430216447530e+00,-6.421729267907022587e-01,5.197673901495131199e-01,5.470003476952756127e-01,5.601915047131307279e-01,5.750778505664633222e-01,1.095758749480010508e+00,1.100013692648406094e+00
-8.905144294782029180e-01,-8.924925076990204431e-01,-8.900796109794306687e-01,7.665598033402634126e-01,-9.217091045417776796e-01,-9.202040367959030132e-01,-9.197394460078374134e-01,-9.195174460671255989e-01,-8.919608156214543504e-01,-8.918535258177362479e-01
-7.480815445901545235e-02,-9.304777411391349506e-01,-1.962494293910734822e-01,-5.964335502064008754e-01,-9.240775315743925411e-01,-9.274804379508221341e-01,-9.303378940092468241e-01,-9.319649344347259445e-01,-7.873709982324805789e-02,-7.829439912463787010e-02
-1.206239374133284969e-01,4.115145270592449611e-01,-3.836303931941770218e-01,-2.053461882791352000e-02,4.113098830219087398e-01,4.114255369199256718e-01,4.115142684852154953e-01,4.115649911304434250e-01,-1.246547310584439350e-01,-1.242897933307017810e-01
9.985955812253012320e-01,1.037641563906713804e+00,1.100556879201752380e+00,-4.743405486068511534e-01,4.725419074114144413e-01,4.994145859947509702e-01,5.128067766443268338e-01,5.277617458648650173e-01,6.796539416693549995e-01,3.074471074629485656e-01
-5.297985614648693248e-02,-9.028294109027903414e-01,-9.052469821076422063e-01,8.803414360050033638e-01,-8.880256327662547911e-01,-8.886349293599568044e-01,-8.891875311328822917e-01,-8.900852189226301503e-01,7.335329028566537346e-01,-9.515651717631673501e-01
1.787241336628960786e-01,-8.809381530402631277e-01,-2.336075960960529163e-01,-5.936733402389345882e-01,-8.746953909317275455e-01,-8.778180299936639841e-01,-8.808126404673654042e-01,-8.825071468929730489e-01,6.365945341000223134e-02,-2.071899601654747236e-01
-4.477018377789663828e-01,4.460511765471024681e-01,-3.377372800216911775e-01,2.494953815207748629e-02,4.454028844110129448e-01,4.457330761036654154e-01,4.460424563154773425e-01,4.462179560909626530e-01,-6.376257969964582717e-02,-8.710812207058543644e-01
9.989367039413223903e-01,9.371417841234436219e-01,9.997020796576381318e-01,-3.810858213033332942e-01,3.783209322453938706e-01,4.044523857683824386e-01,4.180031681105919050e-01,4.329094612863750857e-01,6.770350876222158698e-01,8.492666934324861749e-01
4.610272788943150374e-02,-9.048933738727046316e-01,-9.117799046231923610e-01,8.429294887502907230e-01,-8.498273579235320341e-01,-8.523105375193550381e-01,-8.538357987849430897e-01,-8.557761003651932485e-01,7.359507389278024947e-01,-5.279640929327027443e-01
9.778996583728469250e-02,-7.904228900112854062e-01,-2.893461107880975214e-01,-5.810157178481900608e-01,-7.844958653622668976e-01,-7.871839660684843976e-01,-7.903180609497564291e-01,-7.920795070143299421e-01,7.133054236729248210e-01,-3.569780091858604787e-01
-4.191837017530426479e-01,4.686511049597158474e-01,-2.895088337833766068e-01,6.573570852669002873e-02,4.676305306642764004e-01,4.680982472576825093e-01,4.686376183440649767e-01,4.689415336463148565e-01,-7.867739306575399771e-02,-7.752979596060071144e-01
9.930134045415311972e-01,7.654317961063579201e-01,8.264400819513675334e-01,-2.284787710419640128e-01,2.242905030118861887e-01,2.490504727518882688e-01,2.625481586344274310e-01,2.771147922640839201e-01,4.368431865582187434e-01,7.448092536649170148e-01
-3.067864457872021555e-02,-8.890442663914551735e-01,-8.999321056913702765e-01,7.925447817462821787e-01,-7.985555456768232974e-01,-8.026051128366391563e-01,-8.050434157372716726e-01,-8.079232314730312448e-01,8.995376758967137398e-01,-5.406682338618402639e-01
-1.487443071964142383e-02,-6.500527547235860348e-01,-3.594822804706340191e-01,-5.514648699668112108e-01,-6.446451821326029119e-01,-6.467778644704369473e-01,-6.499715146335744986e-01,-6.517575924175540436e-01,6.775458009463958264e-01,-5.540994836303351212e-01
-3.794417825960348933e-01,4.726282060107543370e-01,-2.367265530959831443e-01,9.973121366761839024e-02,4.713311510240835167e-01,4.718463514665611758e-01,4.726136164589027633e-01,4.730439230584760346e-01,-1.206349009930029748e-01,-6.635356201807826038e-01
9.639586714991207339e-01,5.146430332306272115e-01,5.720679278092396514e-01,-1.495927875016778152e-02,9.000112861818482246e-03,3.158861872243567959e-02,4.457310220561672143e-02,5.829377117436174149e-02,6.646095339509887623e-01,5.863567858037035396e-01
-9.785327073486006777e-02,-8.444092672752435691e-01,-8.585676053629667237e-01,7.206073474924771238e-01,-7.255814919918232020e-01,-7.307985994846354361e-01,-7.340257556788599702e-01,-7.376748996148757564e-01,7.683685864750730010e-01,-5.333708913641578286e-01
-1.476026740097411694e-01,-4.659297228823746639e-01,-4.323626419728154313e-01,-5.010516074201029069e-01,-4.612248956612699513e-01,-4.628094268206218720e-01,-4.658676005201238812e-01,-4.675770586651261107e-01,6.162558729986895578e-01,-7.714547384528278595e-01
-3.269324939108083083e-01,4.534428108754472442e-01,-1.797829166663954537e-01,1.243521043884711075e-01,4.519786670075300328e-01,4.524742771734186486e-01,4.534286539657649828e-01,4.539638072054746898e-01,-1.511366549827256323e-01,-5.351728892857531283e-01
9.025618604779881426e-01,2.038429433934547119e-01,2.551531710085506721e-01,2.380049409427710538e-01,-2.457670028375621984e-01,-2.260731911087485169e-01,-2.142728119916483265e-01,-2.020419299940315050e-01,9.153239323972017782e-01,3.826661790185638123e-01
-1.512309064577739837e-01,-7.654124796166096312e-01,-7.817724574615917410e-01,6.239753482461014578e-01,-6.277893441691669851e-01,-6.337246902127927628e-01,-6.375103702937952033e-01,-6.416692559528015538e-01,6.182440868505564291e-01,-5.015277437971117358e-01
-2.771795662511524205e-01,-2.641338536555947192e-01,-4.920305709717576192e-01,-4.334742337406708446e-01,-2.602173278757096142e-01,-2.614118180474461761e-01,-2.640803057738648207e-01,-2.655804813740436643e-01,5.338728595663946308e-01,-9.661754690068130591e-01
-2.656862091555912686e-01,4.137245758285252872e-01,-1.224295146012409630e-01,1.386541031686156500e-01,4.121856052489278888e-01,4.126567635838828130e-01,4.137087717489137395e-01,4.143022749120142123e-01,-1.690058541390425939e-01,-3.991632750841802024e-01
8.106866049582446276e-01,-1.176209331278618431e-01,-7.450736320430464965e-02,4.866114349452483889e-01,-4.958061994101606862e-01,-4.793692781050830076e-01,-4.693838470681055974e-01,-4.591802543017023397e-01,1.139335524290540747e+00,1.638099811085311774e-01
-1.883822642448028939e-01,-6.590695164751424473e-01,-6.764132736630003029e-01,5.100865658278577186e-01,-5.127297380424067352e-01,-5.189949579098014354e-01,-5.230342827767759939e-01,-5.273999894276152345e-01,4.595519009036383995e-01,-4.486392202910305937e-01
-3.807937750715390535e-01,-7.910228882065664657e-02,-5.273793942400166745e-01,-3.597139309085514158e-01,-7.594047895155711658e-02,-7.694651391982090805e-02,-7.904810709526782775e-02,-8.024449064479111104e-02,4.437782270159627007e-01,-1.103137577538398695e+00
-2.038656748080244219e-01,3.640564949001306450e-01,-6.954096018051608707e-02,1.451080054947317399e-01,3.624886781802756919e-01,3.629894551675953429e-01,3.640346136069850802e-01,3.646319458039738448e-01,-1.772413710965528022e-01,-2.694622856753041140e-01
7.029342634540211021e-01,-3.940521541173290787e-01,-3.598155336384421532e-01,6.871094539341418006e-01,-6.971326887493048963e-01,-6.838632751058484338e-01,-6.759680750456837917e-01,-6.679697342392153514e-01,1.296108598261405120e+00,-3.267177928776940354e-02
-2.120076393285281469e-01,-5.438887223602311138e-01,-5.612804694732811406e-01,3.944380177958571876e-01,-3.960268119912324081e-01,-4.024017682208374524e-01,-4.064363399785608788e-01,-4.107745831419820082e-01,3.084165370901962300e-01,-3.865625669575919465e-01
-4.488449958678635832e-01,6.624525081966414763e-02,-5.381209323858806570e-01,-2.914253515895662838e-01,6.876108057293642273e-02,6.781894685862505101e-02,6.630260745504816533e-02,6.542277721711280136e-02,3.602379243492603855e-01,-1.174247148587798772e+00
-1.485593018426735745e-01,3.173275643016585379e-01,-2.342690819710936678e-02,1.489414058318562495e-01,3.157223370272435048e-01,3.163264770537302373e-01,3.172954067362021013e-01,3.178600745278082340e-01,-1.822320663587817524e-01,-1.552536794537577869e-01
5.976632558255631222e-01,-5.951158891154079145e-01,-5.689449854171407805e-01,8.204266325021254413e-01,-8.307203790367319041e-01,-8.202158487225720274e-01,-8.142546872016266368e-01,-8.082529683134870302e-01,1.376501259365205510e+00,-1.833380970952563360e-01
-2.298120035842615705e-01,-4.389690080356520863e-01,-4.561038094918895558e-01,2.907726034934751125e-01,-2.914731390194803540e-01,-2.979435081921822936e-01,-3.018747240833317691e-01,-3.061115917964684074e-01,1.753659046637163210e-01,-3.289500958051084223e-01
-4.856953859805092644e-01,1.683039095970218502e-01,-5.316938020005577137e-01,-2.350087583028124816e-01,1.703005611856998058e-01,1.693933455211040218e-01,1.683618118201655189e-01,1.677483759748276682e-01,9.174637065910663525e-01,-1.194299785066580855e+00
-1.021025287568679135e-01,2.828199549644310751e-01,1.777787606836357670e-02,1.560636259386904978e-01,2.811189866242945756e-01,2.818968351003829920e-01,2.827742985756248051e-01,2.832985783809148228e-01,-2.533748835136581112e-01,-5.557585922219185348e-02
5.068471232866267329e-01,-7.231225327059846997e-01,-7.034267354224675861e-01,8.941633232206546156e-01,-9.043708562685378594e-01,-8.961191140336816074e-01,-8.916957158583022069e-01,-8.872823339443862700e-01,3.123452340855740750e-01,-2.861239733155914733e-01
-2.516270996263381132e-01,-3.547257391889854783e-01,-3.719855894803475449e-01,2.039757214648298955e-01,-2.039063761096112648e-01,-2.106523941735216898e-01,-2.145649938738027340e-01,-2.188006442707593202e-01,9.499686598746444055e-01,-2.848709391852445316e-01
-5.015980067612071380e-01,2.360207390705193198e-01,-5.165034445176233113e-01,-1.909708104005586049e-01,2.376066945711879930e-01,2.367563534510829792e-01,2.360752574890875033e-01,2.356585722664574223e-01,8.351915283830861902e-01,-1.184253377601954149e+00
-6.227784052169447332e-02,2.652423850534372241e-01,5.935696016171909672e-02,1.720961200613581599e-01,2.633382679383948211e-01,2.643671893971258346e-01,2.651796383813565527e-01,2.656791233983849532e-01,-3.216301507136279381e-01,3.935944798197688055e-02
4.333835020341032518e-01,-7.977580480704143939e-01,-7.829409290991492520e-01,9.275177693845630955e-01,-9.374726908407375880e-01,-9.310031020415332481e-01,-9.277089319777700460e-01,-9.244781296673817428e-01,5.452299662672601688e-01,-3.519756534102304601e-01
-2.876982197842458677e-01,-2.923424244589231114e-01,-3.107050529693119456e-01,1.303460094086333898e-01,-1.295124135552572497e-01,-1.369027623318812836e-01,-1.410350859149054337e-01,-1.455178594883379806e-01,9.104262600310432108e-01,-2.579913054827708274e-01
-5.057005083741132889e-01,2.816445187292360708e-01,-4.978236549548533119e-01,-1.562074595193367887e-01,2.828921482586715386e-01,2.821366552317745025e-01,2.816923285692525258e-01,2.814124037289044145e-01,7.631441892689473372e-01,-1.159424508801209841e+00
-2.401901158111128393e-02,2.671626247866688009e-01,1.091078352510260752e-01,2.030702223592737998e-01,2.648871881545123430e-01,2.662779590067197999e-01,2.670768723921597143e-01,2.675826769277784845e-01,-4.210312668325047469e-01,1.454303861582761648e-01
3.736761009898749153e-01,-8.400782162979346657e-01,-8.289681290775776645e-01,9.379342425795458293e-01,-9.475767346347088171e-01,-9.425452559668490160e-01,-9.400846420066591991e-01,-9.377430227095262527e-01,7.060020806984000918e-01,-3.945298046568984640e-01
-3.495703091616013669e-01,-2.478174169184072240e-01,-2.688428654636196846e-01,6.084786058547790588e-02,-5.910135665295709884e-02,-6.772588698567189036e-02,-7.245677659442899265e-02,-7.757723180605922975e-02,9.395223729643514821e-01,-2.492528635962140138e-01
-5.033955194531303245e-01,3.159466974207018608e-01,-4.769099214748854787e-01,-1.259382301841576179e-01,3.168819495751251658e-01,3.162682728573295576e-01,3.159848368498275883e-01,3.158014684542566064e-01,6.954664386604451076e-01,-1.126032457489657856e+00
1.959630108806399360e-02,2.916633076214829035e-01,1.774623210891879133e-01,2.568660650423833514e-01,2.887623471714173551e-01,2.906882741693057048e-01,2.915444560173694466e-01,2.921011978638733408e-01,-5.745008345998570132e-01,2.839924036834624577e-01
3.204632468407964119e-01,-8.654035212183071035e-01,-8.574073726391905348e-01,9.359421647155632407e-01,-9.452329633523264274e-01,-9.414699752601851657e-01,-9.396990051162087410e-01,-9.381019410540319958e-01,8.299689801276048939e-01,-4.250487356783090309e-01
-4.523991860299233503e-01,-2.153350743705423065e-01,-2.413196179103396788e-01,-1.690486389703385606e-02,1.991164615621875134e-02,9.157828272218074273e-03,3.278567333906967640e-03,-3.048657449767719352e-03,1.052326452113012234e+00,-2.595571172838463392e-01
-4.963355896659264466e-01,3.473597181979540260e-01,-4.514678174440875935e-01,-9.444019619447972802e-02,3.479522045201994818e-01,3.475458226738303291e-01,3.473844434842102147e-01,3.472780050410038122e-01,6.211193009638321660e-01,-1.081925118951820863e+00
7.729507745992400536e-02,3.439421030803244128e-01,2.782596629307601543e-01,3.445051574702779895e-01,3.400396664696477833e-01,3.427642333813949449e-01,3.437742066949777131e-01,3.444445611748352398e-01,-8.133007749042026058e-01,4.830024387685563081e-01
2.640908013907095064e-01,-8.826322906776431498e-01,-8.777887778192507984e-01,9.251124469504363734e-01,-9.339648639207301928e-01,-9.315140006929257810e-01,-9.304471925845805291e-01,-9.296087630274795233e-01,9.462942561465595981e-01,-4.516438092759982870e-01
-6.171892170326314098e-01,-1.886383115889720408e-01,-2.229109246858590465e-01,-1.184484601564711470e-01,1.233205449791212049e-01,1.091054769357723692e-01,1.012921770194603055e-01,9.293998945129504363e-02,1.272509474584294198e+00,-2.912323851935357810e-01
-4.832637327398043858e-01,3.826817349456639872e-01,-4.163429684670583164e-01,-5.510482123602003512e-02,3.828336360116274539e-01,3.827320900368523238e-01,3.826873684939918752e-01,3.826578752022343766e-01,5.246978250023819346e-01,-1.018293238519291766e+00
1.597262463927119347e-01,4.316074442549045487e-01,4.290593179108424526e-01,4.804956253665678689e-01,4.261707055072310180e-01,4.300661096238178049e-01,4.313676639064816243e-01,4.322416453756822707e-01,-1.177878708248115691e+00,7.775717309797428589e-01
1.927758914757059239e-01,-8.958188588995643631e-01,-8.948483438744712082e-01,9.036093560919158385e-01,-9.118387831005423383e-01,-9.109998944776768193e-01,-9.108141684412374151e-01,-9.109157914984302717e-01,1.080012783534961773e+00,-4.801441427758765257e-01
-8.714035761663792012e-01,-1.611295597702649962e-01,-2.083871102277123910e-01,-2.626679191514078027e-01,2.703297161289527906e-01,2.507348040466877981e-01,2.398966022726803926e-01,2.283750826064646078e-01,1.633497151319916130e+00,-3.482696645512153855e-01
-4.609687327368826582e-01,4.277461270108342539e-01,-3.643860847547206183e-01,-6.150379505737296748e-04,4.272845402024926242e-01,4.276250814774189002e-01,4.277245082228285922e-01,4.277918465225720168e-01,3.876171505894966396e-01,-9.217524961602382438e-01
2.786197115506260924e-01,5.631669585159021496e-01,6.492953091031166135e-01,6.809476218242817014e-01,5.554980334145618315e-01,5.610342252676594477e-01,5.628266217016526518e-01,5.640320588115016465e-01,-1.713067841711165107e+00,1.206470593759913612e+00
9.311339630964224345e-02,-9.058730095285199013e-01,-9.102206911788410792e-01,8.659695019905900848e-01,-8.732616224858948950e-01,-8.746295712029766856e-01,-8.756655720785145869e-01,-8.770623255251910333e-01,1.253867103653406589e+00,-5.149668538177184507e-01
-1.245478163352569112e+00,-1.256461070634460331e-01,-1.921053050427910525e-01,-4.703775201645281623e-01,4.820945095771183575e-01,4.545252050794987841e-01,4.392500471276714058e-01,4.230613782081961705e-01,2.172620219538909492e+00,-4.351797576895425346e-01
-4.255198512054010340e-01,4.871775192484698036e-01,-2.881485198972817963e-01,7.590869929534382887e-02,4.858625641825060071e-01,4.868127753674085234e-01,4.871187881719090118e-01,4.873233520303824062e-01,1.916382375335287103e-01,-7.779106344293336139e-01
4.436456052909696357e-01,7.437921380485021938e-01,9.540796876099425505e-01,9.576639460539818627e-01,7.330924824038448362e-01,7.407641210190458736e-01,7.433223173752380175e-01,7.450287876424890321e-01,-2.452616449152586586e+00,1.800197288162689979e+00
-4.766397886664255901e-02,-9.118477819290005115e-01,-9.236251438673090952e-01,8.053283623221476617e-01,-8.112406904089135562e-01,-8.157034964613523176e-01,-8.184404363847502806e-01,-8.216413643266351485e-01,1.486729057778839236e+00,-5.592339101063141804e-01
-1.761840180088388497e+00,-7.477510741019957607e-02,-1.677508464168624425e-01,-7.588995937491209709e-01,7.761798020504668827e-01,7.374898241890367467e-01,7.161753709695345416e-01,6.935858782594387373e-01,2.914196482489675777e+00,-5.540072530120354610e-01
-3.742158853587266298e-01,5.628734871377419902e-01,-1.831556109631927720e-01,1.781547653863357339e-01,5.604393553358294477e-01,5.621604647585300985e-01,5.627688970347454189e-01,5.631686660989856374e-01,-7.351571928645708742e-02,-5.778925828462350145e-01
6.562715583977924982e-01,9.683063069532003020e-01,1.342711741922907098e+00,1.307602945803877370e+00,9.538591094052668584e-01,9.640298071355548615e-01,9.676893544190292573e-01,9.700914341124267093e-01,-3.391148608199982206e+00,2.558654567031585447e+00
-2.364774149050984098e-01,-9.120440284894389960e-01,-9.337105022801679421e-01,7.168640867565068131e-01,-7.208879736653461823e-01,-7.295202276045871237e-01,-7.344882575544428027e-01,-7.400731636301742800e-01,1.787048962656350382e+00,-6.139274521702925425e-01
-2.415269187682730134e+00,-2.510395038061677409e-03,-1.289775595316391965e-01,-1.131350591279413953e+00,1.155637841110359831e+00,1.102664736313587968e+00,1.073886488143321660e+00,1.043289407701917915e+00,3.840898471417246718e+00,-6.996462573328904311e-01
-2.347918985533017366e-01,6.518474314948281556e-01,-5.222877839383413545e-02,3.029011481486019730e-01,6.480820854000213238e-01,6.506696679667508532e-01,6.516936786319488251e-01,6.523520808132547977e-01,-3.999841832948400344e-01,-3.268723569275062690e-01
-2.138522633266043416e-02,1.214787130334112897e+00,1.786510825915585965e+00,1.702232095129854184e+00,1.196239361352517072e+00,1.208947864269822148e+00,1.214030274059611392e+00,1.217296301875087305e+00,-4.455267228741286445e+00,3.427299684095338250e+00
9.986366214327474511e-01,-9.052546288763337889e-01,-9.389462398236751994e-01,6.022114982779731562e-01,-6.039078860859743436e-01,-6.177083150660963584e-01,-6.253262672985844262e-01,-6.337809914668137701e-01,2.143670431192863823e+00,-6.766160714076929761e-01
-5.220055874593166473e-02,9.269764684810163913e-02,-7.144220645657158031e-02,-1.564496794025738602e+00,1.596666205564514884e+00,1.527239744157777412e+00,1.490315281824398097e+00,1.450819847022818410e+00,4.866760857476044144e+00,-8.559178214518834427e-01
-6.725887759906623575e-03,7.455288321015616226e-01,9.225739645620184559e-02,4.382850110584706749e-01,7.403622795919825306e-01,7.437975145352626605e-01,7.453310809043213192e-01,7.462946289827344648e-01,1.300915397663473805e-01,-4.861199606823640718e-02
-8.890577060710364021e-02,1.446090419537620075e+00,2.228102519873094156e+00,2.087847419545795447e+00,1.423690963168969148e+00,1.438550377768443411e+00,1.445230591118161989e+00,1.449426493629358603e+00,-3.630280070604374743e-02,4.295361804278880591e+00
9.990047233305028307e-01,-8.919499980795841942e-01,-9.386498349902258065e-01,4.720982702846182044e-01,-4.712620260314273057e-01,-4.907903958180356296e-01,-5.011897548986197215e-01,-5.127134019592344272e-01,6.713082415221851562e-01,-7.412198737955888461e-01
-4.460451505560399099e-02,2.053737348721841882e-01,4.570820405455353064e-03,-2.006565342987418177e+00,2.046449012326486017e+00,1.960507274755556084e+00,1.915963929384679298e+00,1.867934979106059767e+00,7.411782814305822864e-01,-9.972556074147139737e-01
4.357920311989200157e-01,8.325121023429667977e-01,2.318341595944813371e-01,5.672941498184244091e-01,8.260544999766683549e-01,8.302064045522240532e-01,8.322825469261800890e-01,8.335592375752509664e-01,7.911727459586719302e-01,-2.724791346726142538e-01
-5.692839264835574120e-01,1.623272425809777042e+00,2.601028634195443168e+00,2.404285166656775274e+00,1.597874608908959715e+00,1.614172534105896561e+00,1.622364437161886608e+00,1.627401000156531552e+00,1.763786687586325341e-01,9.539472090390904713e-02
9.647178836343893726e-01,-8.745884703933494153e-01,-9.336428700788805823e-01,3.436202684194475943e-01,-3.403712856262819941e-01,-3.654879204122893910e-01,-3.784402576575126020e-01,-3.928449369716422446e-01,2.361820068416052021e-01,2.577319333147141123e-01
2.632857857841643945e-01,3.239989607747645328e-01,9.330535263896638787e-02,-2.394386607765012442e+00,2.440676524610770670e+00,2.340729226075288327e+00,2.290293977946348480e+00,2.235431556439325895e+00,9.717088348081804883e-01,-9.662164615394728262e-01
4.082315287072312282e-01,9.035201691659279222e-01,3.498972078386155538e-01,6.751227772512155001e-01,8.960201600354650298e-01,9.006983504615746483e-01,9.032728821680585662e-01,9.048276662064320686e-01,7.963403205409305130e-01,-2.671332140811582545e-01
-6.685390008922430516e-01,1.722568683501959796e+00,2.858638756983352458e+00,2.611104946095563761e+00,1.695368531490746733e+00,1.712305023454369080e+00,1.721664542190567859e+00,1.727316266310157555e+00,1.251694201618622770e-01,1.296827771671788809e-01
9.732079321338862332e-01,-8.566175834446991821e-01,-9.259625791943170148e-01,2.329129859399527713e-01,-2.276478312954578476e-01,-2.575486379779479140e-01,-2.725526699378210682e-01,-2.893312531139589083e-01,2.797222234599667234e-01,2.127161106360313525e-01
2.059443053729811957e-01,4.359516947515908458e-01,1.859614630829838910e-01,-2.680812505298583837e+00,2.731451358749792391e+00,2.621930394403641174e+00,2.567996116850973287e+00,2.508836989213995672e+00,1.054634738423332108e+00,-1.092005913961253460e+00
3.865018505386069170e-01,9.546571619285932897e-01,4.378428292749558803e-01,7.545577160923199189e-01,9.464157869988146787e-01,9.514309353383459955e-01,9.544034856276131240e-01,9.561735564722662062e-01,7.982488862441190491e-01,-2.624522665168886881e-01
-7.402400552894728980e-01,1.742162012130752391e+00,2.989010645767726793e+00,2.700116901354257415e+00,1.714358293084871310e+00,1.731249335478341811e+00,1.741297292700090260e+00,1.747280273906021808e+00,6.489746316502625900e-02,1.594637196261735612e-01
9.771772899422874747e-01,-8.409853659341606225e-01,-9.178834209845232461e-01,1.490559992753379415e-01,-1.423044079026874187e-01,-1.758155704844099887e-01,-1.922702423640037239e-01,-2.107738867961886919e-01,3.117765659254304045e-01,1.783489379583826639e-01
1.352195656444692973e-01,5.325666223398086707e-01,2.745866082189187263e-01,-2.850429172516775633e+00,2.903212331499625876e+00,2.789140729345872760e+00,2.734088086722048949e+00,2.673276007610313698e+00,1.089952264129714132e+00,-1.170770899047124392e+00
3.715132441215794334e-01,9.870310230536274432e-01,4.954378175860186806e-01,8.060166648559383695e-01,9.783282802106724185e-01,9.835262939789123360e-01,9.867780836731432359e-01,9.886944906120805898e-01,7.982691029460599053e-01,-2.589447002084858118e-01
-7.851796397060295529e-01,1.696064512578018046e+00,3.008247997016520792e+00,2.688216336181629806e+00,1.668633665491630280e+00,1.684990425328808827e+00,1.695257311026832525e+00,1.701307909119339490e+00,1.056572745061865048e-03,1.837408322955556561e-01
9.782860489028001316e-01,-8.293276420404103177e-01,-9.110979893168250632e-01,9.325769167113823199e-02,-8.554284869509561073e-02,-1.214575219353576790e-01,-1.388072295718420779e-01,-1.584118382231526345e-01,3.325282844250081471e-01,1.553155538292506910e-01
5.808244855569115461e-02,6.107474087587612122e-01,3.544103718366242717e-01,-2.914904513924471807e+00,2.967936349278638808e+00,2.853770614326262667e+00,2.799527060628793418e+00,2.739280704299703384e+00,1.084533978049088354e+00,-1.206583938365388908e+00
3.627728844269124120e-01,1.004373396099528026e+00,5.274123762305060747e-01,8.342696181798662236e-01,9.954328851256343258e-01,1.000701836100998943e+00,1.004124909269006105e+00,1.006127491611366942e+00,7.975932103274222529e-01,-2.567515964108227355e-01
-8.081656742902764146e-01,1.603731668446024106e+00,2.944469986553990282e+00,2.602377093537747932e+00,1.577361293556390542e+00,1.592876057268070022e+00,1.602988203687257140e+00,1.608904137544351798e+00,-6.229254069105028685e-02,2.027671228682412785e-01
9.780696001207849211e-01,-8.220662510310623450e-01,-9.064956137844184525e-01,6.178902372326708359e-02,-5.354871155469842492e-02,-9.083952374156517573e-02,-1.086426051544154836e-01,-1.288381447680748138e-01,3.439135044574591626e-01,1.422398391085730740e-01
-2.001364726117481341e-02,6.714953419480547137e-01,4.238231017573191317e-01,-2.898576290158502822e+00,2.950451869358617252e+00,2.839542175594176765e+00,2.787457384787570547e+00,2.729377332353106311e+00,1.049300232896536178e+00,-1.208937331731105846e+00
3.591886151123681592e-01,1.010894035019687109e+00,5.399346268869381626e-01,8.452049576540282549e-01,1.001878335669161402e+00,1.007141906118873775e+00,1.010651659502801891e+00,1.012694491993417323e+00,7.970499754377200485e-01,-2.557953512336227919e-01
-8.149430659906383712e-01,1.482901569234855277e+00,2.825426482510743131e+00,2.468480243441147692e+00,1.458022929890635755e+00,1.472522424759338033e+00,1.482221922748536480e+00,1.487867646714549075e+00,-1.227586970423509283e-01,2.173744246859004303e-01
9.776489207770964196e-01,-8.189105021262490514e-01,-9.043540785879613519e-01,4.926712531196755090e-02,-4.083303804466015263e-02,-7.872066455997639434e-02,-9.665714140520234587e-02,-1.170667862727431119e-01,3.483153319121479186e-01,1.370142058934323559e-01
-9.564842484169774894e-02,7.176697038974995113e-01,4.831998993876087667e-01,-2.826620875529809229e+00,2.876407695853509860e+00,2.770977933137137139e+00,2.721893206731901493e+00,2.667005092759572982e+00,9.947126246632904678e-01,-1.187895155806887315e+00
3.596151323246628562e-01,1.010184206055881218e+00,5.385973898049984943e-01,8.440474933972863525e-01,1.001204759858030924e+00,1.006412760980327281e+00,1.009948561094606845e+00,1.011999329766092304e+00,7.971405520844899728e-01,-2.559154283364599158e-01
-8.105384380610920481e-01,1.346956023743045794e+00,2.673122447230935173e+00,2.306701771872154971e+00,1.323808986801262133e+00,1.337209794971012000e+00,1.346337723577559542e+00,1.351632184632852285e+00,-1.792056180497263729e-01,2.284961832031478512e-01
9.777368149894201110e-01,-8.193070169193099606e-01,-9.046210943382584357e-01,5.063174856207341284e-02,-4.224077261306737052e-02,-8.017548364988319465e-02,-9.802665540016755608e-02,-1.183892505530472206e-01,3.478458244604074601e-01,1.376194714874354741e-01
-1.670310963288538231e-01,7.524178587369917404e-01,5.337615936059658672e-01,-2.719547364520377375e+00,2.766684375964191034e+00,2.668053634443334765e+00,2.622432838559666024e+00,2.571321073021076486e+00,9.289190544146133099e-01,-1.151767279404964039e+00
3.630948932508551441e-01,1.004933978004173278e+00,5.277439074623248016e-01,8.348044649675301354e-01,9.960641967537342545e-01,1.001184471160124989e+00,1.004705214117873391e+00,1.006742316997613740e+00,7.981441937818667398e-01,-2.569475615203302699e-01
-7.987726899125943136e-01,1.204990438568824374e+00,2.503135605959142751e+00,2.131131974418656760e+00,1.183684666464878354e+00,1.195960544295107564e+00,1.204430186527141622e+00,1.209331009523518574e+00,-2.312510579610884132e-01,2.369454869768509997e-01
9.787536191529846441e-01,-8.226988099888712380e-01,-9.071224435665676822e-01,6.187439795034187923e-02,-5.369011136226431447e-02,-9.130218692325012264e-02,-1.089243151183138247e-01,-1.290664788802723950e-01,3.441237709185451799e-01,1.424399051424077856e-01
-2.334055166639850687e-01,7.784572742681664659e-01,5.768854749695525586e-01,-2.592177420053711767e+00,2.636366180830401085e+00,2.545210491506292527e+00,2.503261825945236385e+00,2.456205430828666270e+00,8.576056789918869994e-01,-1.106620751726930862e+00
