5.615454361363656499e-01,-8.541300129279546516e-01,-9.842271259621029333e-01,-6.576476929193824095e-01,9.704682662983867836e-01,9.511410904734991512e-01,8.742781382962532266e-01,2.545581525766265618e-01,-4.011445999451945243e-01,-9.277978042451953122e-01
8.274459034610172070e-01,-5.200595360299550274e-01,-1.769094811489160812e-01,7.533256347674713860e-01,2.412288210554525969e-01,-3.087565805175377376e-01,4.854253154680310267e-01,9.670574682803370070e-01,-9.160147432955485503e-01,-3.730834148522205185e-01
8.274459034610172070e-01,-5.200595360299550274e-01,-1.769094811489160812e-01,7.533256347674713860e-01,-2.412288210554525969e-01,-3.087565805175377376e-01,4.854253154680310267e-01,9.670574682803370070e-01,-9.160147432955485503e-01,-3.730834148522205185e-01
-5.615454361363656499e-01,8.541300129279546516e-01,9.842271259621029333e-01,6.576476929193824095e-01,9.704682662983867836e-01,-9.511410904734991512e-01,-8.742781382962532266e-01,-2.545581525766265618e-01,4.011445999451945243e-01,9.277978042451953122e-01
-5.802703434850990660e-02,1.384789412364318406e-01,1.608701217574667885e-02,2.528717752193625559e-02,-2.144106814219336882e-02,7.320271594524835335e-02,4.596782105250662304e-02,5.500516814286474793e-02,9.318802955479295325e-02,-1.938732378185405517e-02
-9.983150120501630420e-01,9.903653784508202884e-01,9.998705956468854072e-01,-9.996802281994847661e-01,-9.997701138746455385e-01,-9.973170821650649831e-01,9.989429210058423658e-01,9.984860697463813217e-01,9.956485279192124338e-01,-9.998120481753448585e-01
-9.983150120501630420e-01,-9.903653784508202884e-01,-9.998705956468854072e-01,9.996802281994847661e-01,9.997701138746455385e-01,-9.973170821650649831e-01,9.989429210058423658e-01,9.984860697463813217e-01,-9.956485279192124338e-01,-9.998120481753448585e-01
5.802703434850990660e-02,1.384789412364318406e-01,1.608701217574667885e-02,2.528717752193625559e-02,-2.144106814219336882e-02,-7.320271594524835335e-02,-4.596782105250662304e-02,-5.500516814286474793e-02,9.318802955479295325e-02,1.938732378185405517e-02
7.174414903538135768e-02,-5.804609135353985816e-02,-9.862254902328748685e-02,1.098764783448004934e-01,9.710089534426666336e-02,1.438960654236968173e-01,8.635984046565600702e-02,-6.166382768651425261e-02,-4.243331539838669092e-02,9.461586309755740110e-02
-9.974230682509748203e-01,9.983139041797306490e-01,9.951249131763052480e-01,-9.939452497529953634e-01,-9.952745430901677182e-01,-9.895928063378286454e-01,-9.962640101673583271e-01,9.980969754262598581e-01,9.990993012430251508e-01,-9.955138564833260206e-01
9.974230682509748203e-01,-9.983139041797306490e-01,-9.951249131763052480e-01,9.939452497529953634e-01,9.952745430901677182e-01,-9.895928063378286454e-01,9.962640101673583271e-01,9.980969754262598581e-01,-9.990993012430251508e-01,-9.955138564833260206e-01
7.174414903538135768e-02,-5.804609135353985816e-02,-9.862254902328748685e-02,1.098764783448004934e-01,9.710089534426666336e-02,-1.438960654236968173e-01,8.635984046565600702e-02,6.166382768651425261e-02,-4.243331539838669092e-02,-9.461586309755740110e-02
1.778688124665553372e-01,-1.861879012660292987e-01,-1.944255244678278205e-01,-1.943712252933295914e-01,1.942928814667609916e-01,2.192469238965504552e-01,1.899447778511979268e-01,1.655501923555169064e-01,-1.571826376540909065e-01,-1.910934638452243262e-01
-9.840542086448986758e-01,9.825141553291493191e-01,9.809172826673053791e-01,9.809280436290777061e-01,-9.809435642336126193e-01,-9.756694042358303731e-01,-9.817947755855390701e-01,-9.862013657519702603e-01,9.875695511811322103e-01,9.815718456005316783e-01
9.840542086448986758e-01,-9.825141553291493191e-01,-9.809172826673053791e-01,9.809280436290777061e-01,9.809435642336126193e-01,-9.756694042358303731e-01,9.817947755855390701e-01,-9.862013657519702603e-01,-9.875695511811322103e-01,-9.815718456005316783e-01
1.778688124665553372e-01,-1.861879012660292987e-01,-1.944255244678278205e-01,1.943712252933295914e-01,1.942928814667609916e-01,-2.192469238965504552e-01,1.899447778511979268e-01,-1.655501923555169064e-01,-1.571826376540909065e-01,-1.910934638452243262e-01
2.478906531960502757e-01,-2.616476933945304229e-01,-2.565047780832261926e-01,-2.521659902118024155e-01,2.568979287199374406e-01,2.682352906298058892e-01,2.559783307356322535e-01,2.378147287448906244e-01,-2.359630094778812082e-01,-2.542535665003626266e-01
-9.687880181226617982e-01,9.651634496505353544e-01,9.665429627390988987e-01,9.676839945873348947e-01,-9.664385413565657057e-01,-9.633534288415354085e-01,-9.666825198553034015e-01,-9.713105346859953748e-01,9.717620378251773383e-01,9.671375930661808562e-01
9.687880181226617982e-01,-9.651634496505353544e-01,-9.665429627390988987e-01,9.676839945873348947e-01,9.664385413565657057e-01,-9.633534288415354085e-01,9.666825198553034015e-01,-9.713105346859953748e-01,-9.717620378251773383e-01,-9.671375930661808562e-01
2.478906531960502757e-01,-2.616476933945304229e-01,-2.565047780832261926e-01,2.521659902118024155e-01,2.568979287199374406e-01,-2.682352906298058892e-01,2.559783307356322535e-01,-2.378147287448906244e-01,-2.359630094778812082e-01,-2.542535665003626266e-01
2.777275968046790111e-01,-2.902589459264082183e-01,-2.811760109416065467e-01,-2.760164005401256060e-01,2.816871226177375398e-01,2.850845670136066823e-01,2.823296608233639704e-01,2.709808514841314797e-01,-2.722433544295764785e-01,-2.798660704495884999e-01
-9.606598679934005292e-01,9.569481408674614942e-01,9.596562149389568086e-01,9.611529257266364645e-01,-9.595063131378238630e-01,-9.585023680986211048e-01,-9.593174462185936058e-01,-9.625847381550027837e-01,9.622284323220405833e-01,9.600390526489566145e-01
-9.606598679934005292e-01,-9.569481408674614942e-01,-9.596562149389568086e-01,9.611529257266364645e-01,9.595063131378238630e-01,-9.585023680986211048e-01,9.593174462185936058e-01,-9.625847381550027837e-01,-9.622284323220405833e-01,-9.600390526489566145e-01
-2.777275968046790111e-01,-2.902589459264082183e-01,-2.811760109416065467e-01,2.760164005401256060e-01,2.816871226177375398e-01,-2.850845670136066823e-01,2.823296608233639704e-01,-2.709808514841314797e-01,-2.722433544295764785e-01,-2.798660704495884999e-01
-2.750710916196481559e-01,-2.845760071119085022e-01,-2.755748498988899176e-01,-2.710149903454776021e-01,2.760409313771622353e-01,2.752468769374469826e-01,2.772202046526496266e-01,2.711817785042476836e-01,-2.735331073343307828e-01,-2.749175536817804466e-01
9.614238891119646357e-01,9.586534807615539888e-01,9.612796170226458603e-01,9.625751269423290513e-01,-9.611458808133283016e-01,-9.613735781350462029e-01,-9.608064103305844483e-01,-9.625281517998697245e-01,9.618625885187684910e-01,9.614678042855232531e-01
-9.614238891119646357e-01,-9.586534807615539888e-01,-9.612796170226458603e-01,-9.625751269423290513e-01,-9.611458808133283016e-01,-9.613735781350462029e-01,-9.608064103305844483e-01,-9.625281517998697245e-01,-9.618625885187684910e-01,-9.614678042855232531e-01
-2.750710916196481559e-01,-2.845760071119085022e-01,-2.755748498988899176e-01,-2.710149903454776021e-01,-2.760409313771622353e-01,-2.752468769374469826e-01,-2.772202046526496266e-01,-2.711817785042476836e-01,-2.735331073343307828e-01,-2.749175536817804466e-01
-2.520009003956221738e-01,-2.585232338122162021e-01,-2.509794233699756405e-01,-2.474245479721844942e-01,2.513527649965331956e-01,-2.485761517221529160e-01,2.525900469303615226e-01,2.501640720349326830e-01,-2.526377498042582936e-01,-2.507294004514104002e-01
9.677269998299085074e-01,9.660050401417553667e-01,9.679924219976487887e-01,9.689071643149100854e-01,-9.678955457737149493e-01,9.686123563092747801e-01,-9.675733916306906712e-01,-9.682034585059592358e-01,9.675609372922415741e-01,9.680572130557553168e-01
-9.677269998299085074e-01,-9.660050401417553667e-01,-9.679924219976487887e-01,-9.689071643149100854e-01,-9.678955457737149493e-01,-9.686123563092747801e-01,-9.675733916306906712e-01,-9.682034585059592358e-01,-9.675609372922415741e-01,-9.680572130557553168e-01
-2.520009003956221738e-01,-2.585232338122162021e-01,-2.509794233699756405e-01,-2.474245479721844942e-01,-2.513527649965331956e-01,-2.485761517221529160e-01,-2.525900469303615226e-01,-2.501640720349326830e-01,-2.526377498042582936e-01,-2.507294004514104002e-01
-2.198602141417924649e-01,-2.239769951655464497e-01,-2.181018035586361759e-01,-2.155234414867325532e-01,2.183821816036720931e-01,-2.147814599753406772e-01,-2.195027127480742579e-01,2.193889549991894228e-01,-2.216227343115858561e-01,-2.180976571442738432e-01
9.755313865978506582e-01,9.745944313593283281e-01,9.759260234692330727e-01,9.764986667526561748e-01,-9.758633217607989296e-01,9.766621342362266089e-01,9.756118895832689430e-01,-9.756374769474387421e-01,9.751324851712491748e-01,9.759269501085512388e-01
-9.755313865978506582e-01,-9.745944313593283281e-01,-9.759260234692330727e-01,-9.764986667526561748e-01,-9.758633217607989296e-01,-9.766621342362266089e-01,-9.756118895832689430e-01,-9.756374769474387421e-01,-9.751324851712491748e-01,-9.759269501085512388e-01
-2.198602141417924649e-01,-2.239769951655464497e-01,-2.181018035586361759e-01,-2.155234414867325532e-01,-2.183821816036720931e-01,-2.147814599753406772e-01,-2.195027127480742579e-01,-2.193889549991894228e-01,-2.216227343115858561e-01,-2.180976571442738432e-01
1.865262186371724751e-01,-1.888097561549162140e-01,-1.843909627308938093e-01,1.826305156537456897e-01,1.845926960949769990e-01,-1.806585748289416815e-01,1.855703153808518635e-01,1.869736821912416636e-01,-1.888998392442811647e-01,-1.845469652902484992e-01
-9.824499833380414549e-01,9.820136842125577470e-01,9.828529762193193298e-01,-9.831816183961369360e-01,-9.828151080179768906e-01,9.835458704812782837e-01,-9.826309877311273366e-01,-9.823649231155643369e-01,9.819963598371862501e-01,9.828236960931293620e-01
-9.824499833380414549e-01,9.820136842125577470e-01,9.828529762193193298e-01,-9.831816183961369360e-01,9.828151080179768906e-01,-9.835458704812782837e-01,9.826309877311273366e-01,9.823649231155643369e-01,9.819963598371862501e-01,-9.828236960931293620e-01
-1.865262186371724751e-01,1.888097561549162140e-01,1.843909627308938093e-01,-1.826305156537456897e-01,1.845926960949769990e-01,-1.806585748289416815e-01,1.855703153808518635e-01,1.869736821912416636e-01,1.888998392442811647e-01,-1.845469652902484992e-01
1.559005172482990087e-01,-1.566942205095392393e-01,-1.534866511574167203e-01,1.524160963012501091e-01,1.536218439256188117e-01,-1.494639637501294083e-01,1.544850730721787635e-01,1.570610159559252539e-01,-1.587186008406334947e-01,-1.537741277110254157e-01
-9.877727616824187873e-01,9.876471643552205970e-01,9.881507212548508168e-01,-9.883164136997260041e-01,-9.881297126738436409e-01,9.887671735753063018e-01,-9.879951225577399132e-01,-9.875889009435515620e-01,9.873238606187898503e-01,9.881060255087575905e-01
-9.877727616824187873e-01,9.876471643552205970e-01,9.881507212548508168e-01,-9.883164136997260041e-01,9.881297126738436409e-01,-9.887671735753063018e-01,-9.879951225577399132e-01,9.875889009435515620e-01,9.873238606187898503e-01,-9.881060255087575905e-01
-1.559005172482990087e-01,1.566942205095392393e-01,1.534866511574167203e-01,-1.524160963012501091e-01,1.536218439256188117e-01,-1.494639637501294083e-01,-1.544850730721787635e-01,1.570610159559252539e-01,1.587186008406334947e-01,-1.537741277110254157e-01
-1.290723090626972325e-01,-1.284068064951137400e-01,-1.263288129599373366e-01,1.259311569491315674e-01,1.263987724799109924e-01,-1.219361189349972979e-01,-1.271820362896181333e-01,-1.309466910440943710e-01,-1.323799377254399612e-01,-1.267625064271663826e-01
9.916351844469936117e-01,9.917215799032137458e-01,9.919884228236405255e-01,-9.920389829585596342e-01,-9.919795110361765422e-01,9.925379503570985751e-01,9.918793926910802750e-01,9.913894109302371360e-01,9.911990476628843583e-01,9.919330960121769403e-01
-9.916351844469936117e-01,9.917215799032137458e-01,9.919884228236405255e-01,-9.920389829585596342e-01,-9.919795110361765422e-01,-9.925379503570985751e-01,-9.918793926910802750e-01,-9.913894109302371360e-01,9.911990476628843583e-01,9.919330960121769403e-01
-1.290723090626972325e-01,1.284068064951137400e-01,1.263288129599373366e-01,-1.259311569491315674e-01,-1.263987724799109924e-01,-1.219361189349972979e-01,-1.271820362896181333e-01,-1.309466910440943710e-01,1.323799377254399612e-01,1.267625064271663826e-01
-1.058530471153138336e-01,-1.033782799002328778e-01,-1.026308769913009539e-01,-1.030553610539308440e-01,1.026199184583419660e-01,-9.767643927540302362e-02,-1.033422447429934027e-01,-1.086379396798681229e-01,-1.098445828752776521e-01,-1.032684918020254083e-01
9.943817840328746938e-01,9.946421121412810651e-01,9.947195097553865883e-01,9.946756217772930730e-01,-9.947206403486374970e-01,9.952182239139709674e-01,9.946458568010420054e-01,9.940813840235180887e-01,9.939487751453573994e-01,9.946535168594815568e-01
-9.943817840328746938e-01,9.946421121412810651e-01,9.947195097553865883e-01,9.946756217772930730e-01,-9.947206403486374970e-01,-9.952182239139709674e-01,-9.946458568010420054e-01,-9.940813840235180887e-01,9.939487751453573994e-01,9.946535168594815568e-01
-1.058530471153138336e-01,1.033782799002328778e-01,1.026308769913009539e-01,1.030553610539308440e-01,-1.026199184583419660e-01,-9.767643927540302362e-02,-1.033422447429934027e-01,-1.086379396798681229e-01,1.098445828752776521e-01,1.032684918020254083e-01
-8.562678608493393129e-02,-8.041172798378776188e-02,-8.164553461219710428e-02,-8.330845781275758588e-02,8.151034782028986070e-02,-7.579499252592210301e-02,-8.216737955135382243e-02,-8.980009103727834563e-02,-9.069472152185349689e-02,-8.261300295026947904e-02
9.963272823248215948e-01,9.967617338173956343e-01,9.966614303151739573e-01,9.965238084746694813e-01,-9.966724954558620064e-01,9.971234222040895601e-01,9.966185437456318574e-01,9.959598102582738477e-01,9.958787413576379866e-01,9.965817034962757281e-01
-9.963272823248215948e-01,9.967617338173956343e-01,9.966614303151739573e-01,9.965238084746694813e-01,-9.966724954558620064e-01,-9.971234222040895601e-01,-9.966185437456318574e-01,-9.959598102582738477e-01,9.958787413576379866e-01,9.965817034962757281e-01
-8.562678608493393129e-02,8.041172798378776188e-02,8.164553461219710428e-02,8.330845781275758588e-02,-8.151034782028986070e-02,-7.579499252592210301e-02,-8.216737955135382243e-02,-8.980009103727834563e-02,9.069472152185349689e-02,8.261300295026947904e-02
-6.612261355989008937e-02,-5.581783268428069239e-02,-6.066133523968083446e-02,-6.462107638842960744e-02,-6.029382855662209634e-02,-5.301724692155779933e-02,-6.086649932755360676e-02,-7.291700524145958151e-02,-7.326607764898557251e-02,-6.227356626588843869e-02
9.978115052333329515e-01,9.984409694891479559e-01,9.981584054682599572e-01,9.979098739297056486e-01,9.981806721420649620e-01,9.985935967794199453e-01,9.981459158157235390e-01,9.973380120834748341e-01,9.973124294151419766e-01,9.980591179607188890e-01
-9.978115052333329515e-01,9.984409694891479559e-01,-9.981584054682599572e-01,9.979098739297056486e-01,-9.981806721420649620e-01,-9.985935967794199453e-01,-9.981459158157235390e-01,-9.973380120834748341e-01,9.973124294151419766e-01,9.980591179607188890e-01
-6.612261355989008937e-02,5.581783268428069239e-02,-6.066133523968083446e-02,6.462107638842960744e-02,-6.029382855662209634e-02,-5.301724692155779933e-02,-6.086649932755360676e-02,-7.291700524145958151e-02,7.326607764898557251e-02,6.227356626588843869e-02
-2.939643168230632320e-02,-4.687996780958202450e-03,-1.860085629849102251e-02,-2.903200707960005775e-02,-1.759217510795095529e-02,-3.622584025934495744e-03,-1.831033542020812921e-02,-4.435089070081473656e-02,-4.355579680889877514e-02,-2.225813019428754883e-02
9.995678315173752715e-01,9.999890112827147792e-01,9.998269891060967973e-01,9.995784824439400973e-01,9.998452457130411197e-01,9.999934384209602234e-01,9.998323517554328355e-01,9.990160151339138039e-01,9.990509959778538507e-01,9.997522571318626650e-01
-9.995678315173752715e-01,9.999890112827147792e-01,-9.998269891060967973e-01,9.995784824439400973e-01,-9.998452457130411197e-01,-9.999934384209602234e-01,-9.998323517554328355e-01,-9.990160151339138039e-01,9.990509959778538507e-01,9.997522571318626650e-01
-2.939643168230632320e-02,4.687996780958202450e-03,-1.860085629849102251e-02,2.903200707960005775e-02,-1.759217510795095529e-02,-3.622584025934495744e-03,-1.831033542020812921e-02,-4.435089070081473656e-02,4.355579680889877514e-02,2.225813019428754883e-02
-9.091440131394605828e-01,8.538702326964128231e-01,-9.146608045599460279e-01,9.379557843309557219e-01,-9.120145187241217588e-01,-9.266885760255543225e-01,-9.042449436374937477e-01,-9.255982478075022168e-01,9.061708543130759796e-01,9.182771144201139490e-01
-4.164818884089396822e-01,5.204859515058729569e-01,-4.042222317015133903e-01,3.467548797639359304e-01,-4.101579179248019957e-01,-3.758301252743457277e-01,-4.270141471965837598e-01,-3.785074420083201496e-01,4.229117907950898925e-01,3.959383047044943149e-01
-4.164818884089396822e-01,-5.204859515058729569e-01,-4.042222317015133903e-01,-3.467548797639359304e-01,-4.101579179248019957e-01,-3.758301252743457277e-01,-4.270141471965837598e-01,-3.785074420083201496e-01,-4.229117907950898925e-01,-3.959383047044943149e-01
9.091440131394605828e-01,8.538702326964128231e-01,9.146608045599460279e-01,9.379557843309557219e-01,9.120145187241217588e-01,9.266885760255543225e-01,9.042449436374937477e-01,9.255982478075022168e-01,9.061708543130759796e-01,9.182771144201139490e-01
-9.855960977237135934e-01,9.815924067218069204e-01,-9.852018491194383110e-01,9.868916569071065625e-01,-9.850155065860968229e-01,-9.851158650293704300e-01,-9.847166624665455448e-01,-9.871191696079848477e-01,9.864176362933608777e-01,9.855785460564808753e-01
-1.691163272773742177e-01,1.909878191563290917e-01,-1.713981227774665217e-01,1.613841923087453722e-01,-1.724657988846927947e-01,-1.718916300098269345e-01,-1.741639878411930797e-01,-1.599867025488137251e-01,1.642566492091540598e-01,1.692185851293921406e-01
-1.691163272773742177e-01,-1.909878191563290917e-01,-1.713981227774665217e-01,-1.613841923087453722e-01,-1.724657988846927947e-01,-1.718916300098269345e-01,-1.741639878411930797e-01,-1.599867025488137251e-01,-1.642566492091540598e-01,-1.692185851293921406e-01
9.855960977237135934e-01,9.815924067218069204e-01,9.852018491194383110e-01,9.868916569071065625e-01,9.850155065860968229e-01,9.851158650293704300e-01,9.847166624665455448e-01,9.871191696079848477e-01,9.864176362933608777e-01,9.855785460564808753e-01
-9.854233037027771980e-01,9.834492094271052309e-01,-9.852686663626905039e-01,9.861512255527424831e-01,-9.851719899705743133e-01,-9.852920376692572146e-01,-9.850079096056462147e-01,-9.861867973779741003e-01,9.857888414910488395e-01,9.854555087933294377e-01
-1.701202883829674439e-01,1.811840293105381750e-01,-1.710136108147111977e-01,1.658486066894258870e-01,-1.715696656679690790e-01,-1.708789059701714130e-01,-1.725091824057934098e-01,-1.656369544436701036e-01,1.679891662927571472e-01,1.699336346603582959e-01
-1.701202883829674439e-01,-1.811840293105381750e-01,-1.710136108147111977e-01,-1.658486066894258870e-01,-1.715696656679690790e-01,-1.708789059701714130e-01,-1.725091824057934098e-01,-1.656369544436701036e-01,-1.679891662927571472e-01,-1.699336346603582959e-01
9.854233037027771980e-01,9.834492094271052309e-01,9.852686663626905039e-01,9.861512255527424831e-01,9.851719899705743133e-01,9.852920376692572146e-01,9.850079096056462147e-01,9.861867973779741003e-01,9.857888414910488395e-01,9.854555087933294377e-01
-9.816885273450856042e-01,9.803274918988792441e-01,-9.816146776788452488e-01,9.822412380857888925e-01,-9.815457922037031935e-01,-9.816823599711126391e-01,-9.814206411676283937e-01,-9.822112235073759967e-01,9.819065290909391175e-01,9.817408677095847969e-01
-1.904931370917002653e-01,1.973778321576488137e-01,-1.908733207272740595e-01,1.876223606175357050e-01,-1.912272412790721743e-01,-1.905249173246034711e-01,-1.918685098970679404e-01,-1.877794249009813732e-01,1.893662275290519392e-01,1.902232074927546202e-01
-1.904931370917002653e-01,-1.973778321576488137e-01,-1.908733207272740595e-01,-1.876223606175357050e-01,-1.912272412790721743e-01,-1.905249173246034711e-01,-1.918685098970679404e-01,-1.877794249009813732e-01,-1.893662275290519392e-01,-1.902232074927546202e-01
9.816885273450856042e-01,9.803274918988792441e-01,9.816146776788452488e-01,9.822412380857888925e-01,9.815457922037031935e-01,9.816823599711126391e-01,9.814206411676283937e-01,9.822112235073759967e-01,9.819065290909391175e-01,9.817408677095847969e-01
-9.760335024606392462e-01,9.749887449649462523e-01,-9.759964252062386381e-01,9.764846164047387145e-01,-9.759422912738290323e-01,-9.760783352618355169e-01,-9.758394943847861214e-01,-9.764315686533489025e-01,9.761801873869295765e-01,9.760911130780431932e-01
-2.176203163181629763e-01,2.222542399858297713e-01,-2.177865422486955360e-01,2.155870912761020386e-01,-2.180289983079975180e-01,-2.174191422862387368e-01,-2.184886294497838943e-01,-2.158272265891409691e-01,2.169613830920580910e-01,2.173617697988006470e-01
-2.176203163181629763e-01,-2.222542399858297713e-01,-2.177865422486955360e-01,-2.155870912761020386e-01,-2.180289983079975180e-01,-2.174191422862387368e-01,-2.184886294497838943e-01,-2.158272265891409691e-01,-2.169613830920580910e-01,-2.173617697988006470e-01
9.760335024606392462e-01,9.749887449649462523e-01,9.759964252062386381e-01,9.764846164047387145e-01,9.759422912738290323e-01,9.760783352618355169e-01,9.758394943847861214e-01,9.764315686533489025e-01,9.761801873869295765e-01,9.760911130780431932e-01
-9.689321914889568177e-01,9.680983081394821665e-01,-9.689134928405686020e-01,9.693056240192281514e-01,-9.688694707803384709e-01,-9.689950790040297024e-01,-9.687842412457219332e-01,-9.692481478319016075e-01,9.690370400101383508e-01,9.689876288138442595e-01
-2.473265216195128513e-01,2.505706802031565372e-01,-2.473997643319200412e-01,2.458589173585016552e-01,-2.475721078591585356e-01,-2.470800211793224566e-01,-2.479054132405154043e-01,-2.460854077844274179e-01,2.469154006707352522e-01,2.471092373945645571e-01
-2.473265216195128513e-01,-2.505706802031565372e-01,-2.473997643319200412e-01,-2.458589173585016552e-01,-2.475721078591585356e-01,-2.470800211793224566e-01,-2.479054132405154043e-01,-2.460854077844274179e-01,-2.469154006707352522e-01,-2.471092373945645571e-01
9.689321914889568177e-01,9.680983081394821665e-01,9.689134928405686020e-01,9.693056240192281514e-01,9.688694707803384709e-01,9.689950790040297024e-01,9.687842412457219332e-01,9.692481478319016075e-01,9.690370400101383508e-01,9.689876288138442595e-01
-9.607042775934929724e-01,9.600288079712598899e-01,-9.606947041857036851e-01,9.610126084794144985e-01,-9.606584388523604634e-01,-9.607690264393327073e-01,-9.605885454545957103e-01,-9.609590403949684889e-01,9.607814106018092160e-01,9.607539300934848647e-01
-2.775739379220695247e-01,2.799012109035646234e-01,-2.776070700640443922e-01,2.765045503126329907e-01,-2.777325401564346707e-01,-2.773497392009169338e-01,-2.779741828685245442e-01,-2.766906624430641171e-01,2.773068355486347225e-01,2.774020292101755936e-01
-2.775739379220695247e-01,-2.799012109035646234e-01,-2.776070700640443922e-01,-2.765045503126329907e-01,-2.777325401564346707e-01,-2.773497392009169338e-01,-2.779741828685245442e-01,-2.766906624430641171e-01,-2.773068355486347225e-01,-2.774020292101755936e-01
9.607042775934929724e-01,9.600288079712598899e-01,9.606947041857036851e-01,9.610126084794144985e-01,9.606584388523604634e-01,9.607690264393327073e-01,9.605885454545957103e-01,9.609590403949684889e-01,9.607814106018092160e-01,9.607539300934848647e-01
-9.515906594409542230e-01,9.510397908092814712e-01,-9.515851912417802039e-01,9.518436894091657496e-01,-9.515551065917503548e-01,-9.516495478476487691e-01,-9.514988327218689701e-01,-9.517971367647020120e-01,9.516477136280094840e-01,9.516331301079670180e-01
-3.073682105630479167e-01,3.090684653882345145e-01,-3.073851392135678040e-01,3.065837421194208545e-01,-3.074782579617015288e-01,-3.071858363944626746e-01,-3.076523546617530025e-01,-3.067282354895210505e-01,3.071915186761866590e-01,3.072366932527965666e-01
-3.073682105630479167e-01,-3.090684653882345145e-01,-3.073851392135678040e-01,-3.065837421194208545e-01,-3.074782579617015288e-01,-3.071858363944626746e-01,3.076523546617530025e-01,-3.067282354895210505e-01,-3.071915186761866590e-01,-3.072366932527965666e-01
9.515906594409542230e-01,9.510397908092814712e-01,9.515851912417802039e-01,9.518436894091657496e-01,9.515551065917503548e-01,9.516495478476487691e-01,-9.514988327218689701e-01,9.517971367647020120e-01,9.516477136280094840e-01,9.516331301079670180e-01
-9.417459543487256557e-01,9.412943417290579040e-01,-9.417417765011064645e-01,9.419524584329161954e-01,-9.417166455904975031e-01,-9.417957423142935269e-01,-9.416723837792950746e-01,-9.419134064936225403e-01,9.417874332925659786e-01,9.417810661272181250e-01
-3.363250770724777183e-01,3.375869698742229863e-01,-3.363367752603633187e-01,3.357462822611523290e-01,-3.364071334228532217e-01,-3.361856328855666320e-01,-3.365310113903616229e-01,-3.358558242275693773e-01,3.362089090018297033e-01,3.362267441538234758e-01
-3.363250770724777183e-01,-3.375869698742229863e-01,3.363367752603633187e-01,-3.357462822611523290e-01,-3.364071334228532217e-01,-3.361856328855666320e-01,3.365310113903616229e-01,3.358558242275693773e-01,-3.362089090018297033e-01,-3.362267441538234758e-01
9.417459543487256557e-01,9.412943417290579040e-01,-9.417417765011064645e-01,9.419524584329161954e-01,9.417166455904975031e-01,9.417957423142935269e-01,-9.416723837792950746e-01,-9.419134064936225403e-01,9.417874332925659786e-01,9.417810661272181250e-01
-9.312407250090811717e-01,9.308681955337837488e-01,-9.312362227282288130e-01,9.314085507462174229e-01,-9.312150397498409893e-01,-9.312804550593163366e-01,-9.311812906489990160e-01,-9.313763185867143246e-01,9.312694842647085691e-01,9.312688918761998780e-01
-3.644045994283838241e-01,3.653551731448145823e-01,-3.644161048566058603e-01,3.639754271881978087e-01,-3.644702316290068245e-01,-3.643030524501719714e-01,-3.645564482288917718e-01,-3.640578981094339528e-01,3.643310962261435693e-01,3.643326104312851754e-01
-3.644045994283838241e-01,-3.653551731448145823e-01,3.644161048566058603e-01,-3.639754271881978087e-01,-3.644702316290068245e-01,-3.643030524501719714e-01,3.645564482288917718e-01,3.640578981094339528e-01,-3.643310962261435693e-01,-3.643326104312851754e-01
9.312407250090811717e-01,9.308681955337837488e-01,-9.312362227282288130e-01,9.314085507462174229e-01,9.312150397498409893e-01,9.312804550593163366e-01,-9.311812906489990160e-01,-9.313763185867143246e-01,9.312694842647085691e-01,9.312688918761998780e-01
-9.200776669559170839e-01,9.197679526167218400e-01,-9.200718916326755537e-01,9.202135943872093993e-01,-9.200538276323591003e-01,-9.201074540581856143e-01,-9.200292575640016679e-01,-9.201871050785976891e-01,9.200956301877243337e-01,9.200995280933614850e-01
-3.917359911585306942e-01,3.924626266783167727e-01,-3.917495554910945810e-01,3.914165820516196104e-01,-3.917919782984908839e-01,-3.916660222518207335e-01,-3.918496717189283718e-01,-3.914788521070707294e-01,3.916937978950582600e-01,3.916846415196459930e-01
3.917359911585306942e-01,-3.924626266783167727e-01,3.917495554910945810e-01,3.914165820516196104e-01,3.917919782984908839e-01,-3.916660222518207335e-01,3.918496717189283718e-01,3.914788521070707294e-01,-3.916937978950582600e-01,-3.916846415196459930e-01
-9.200776669559170839e-01,9.197679526167218400e-01,-9.200718916326755537e-01,-9.202135943872093993e-01,-9.200538276323591003e-01,9.201074540581856143e-01,-9.200292575640016679e-01,-9.201871050785976891e-01,9.200956301877243337e-01,9.200995280933614850e-01
-9.082132471099984006e-01,9.079532819254159115e-01,-9.082056280245810465e-01,9.083229457358721337e-01,-9.081900062376644378e-01,-9.082336458654790556e-01,-9.081734773626147783e-01,-9.083010942738781734e-01,9.082217743675460309e-01,9.082294766899264848e-01
-4.185077033626897203e-01,4.190713994546349519e-01,-4.185242373202254229e-01,4.182695617059745130e-01,-4.185581352333640481e-01,-4.184634327129427844e-01,-4.185939978249761939e-01,-4.183170115365565933e-01,4.184891976678324910e-01,4.184724813790536291e-01
4.185077033626897203e-01,-4.190713994546349519e-01,4.185242373202254229e-01,4.182695617059745130e-01,4.185581352333640481e-01,-4.184634327129427844e-01,4.185939978249761939e-01,4.183170115365565933e-01,-4.184891976678324910e-01,-4.184724813790536291e-01
-9.082132471099984006e-01,9.079532819254159115e-01,-9.082056280245810465e-01,-9.083229457358721337e-01,-9.081900062376644378e-01,9.082336458654790556e-01,-9.081734773626147783e-01,-9.083010942738781734e-01,9.082217743675460309e-01,9.082294766899264848e-01
-8.955787867566440408e-01,8.953581608121433666e-01,-8.955689764457948066e-01,8.956668877456809286e-01,-8.955552510655653276e-01,-8.955904850542039108e-01,-8.955458170628601833e-01,-8.956486916868463544e-01,8.955788805280948672e-01,8.955900094223574470e-01
-4.449029520148158889e-01,4.453467905656174897e-01,-4.449226993847710809e-01,4.447255627867210404e-01,-4.449503256419667374e-01,-4.448794028502283116e-01,-4.449693130331734414e-01,-4.447622073419014166e-01,4.449027632551233458e-01,4.448803603474330015e-01
4.449029520148158889e-01,-4.453467905656174897e-01,4.449226993847710809e-01,4.447255627867210404e-01,4.449503256419667374e-01,-4.448794028502283116e-01,4.449693130331734414e-01,4.447622073419014166e-01,-4.449027632551233458e-01,-4.448803603474330015e-01
-8.955787867566440408e-01,8.953581608121433666e-01,-8.955689764457948066e-01,-8.956668877456809286e-01,-8.955552510655653276e-01,8.955904850542039108e-01,-8.955458170628601833e-01,-8.956486916868463544e-01,8.955788805280948672e-01,8.955900094223574470e-01
-8.820989243206032171e-01,8.819094079822598076e-01,-8.820867183228178199e-01,8.821691591804793342e-01,-8.820744545229833866e-01,-8.821026140437081553e-01,-8.820713327784730495e-01,-8.821538025228712332e-01,8.820913595334951562e-01,8.821056891904631714e-01
-4.710642076324993988e-01,4.714189178558496618e-01,-4.710870634590613726e-01,4.709326646037692021e-01,-4.711100260851824317e-01,-4.710572983165178251e-01,-4.711158709812355849e-01,-4.709614301558452398e-01,4.710783729236041051e-01,4.710515397467860965e-01
4.710642076324993988e-01,4.714189178558496618e-01,4.710870634590613726e-01,4.709326646037692021e-01,4.711100260851824317e-01,-4.710572983165178251e-01,4.711158709812355849e-01,4.709614301558452398e-01,-4.710783729236041051e-01,-4.710515397467860965e-01
-8.820989243206032171e-01,-8.819094079822598076e-01,-8.820867183228178199e-01,-8.821691591804793342e-01,-8.820744545229833866e-01,8.821026140437081553e-01,-8.820713327784730495e-01,-8.821538025228712332e-01,8.820913595334951562e-01,8.821056891904631714e-01
-8.677077267526364102e-01,8.675428597030568900e-01,-8.676930260271761286e-01,8.677630888787460917e-01,-8.676818821518210711e-01,-8.677040675969310835e-01,-8.676844131761176637e-01,-8.677499192080522228e-01,8.676931453474256983e-01,8.677105118104924131e-01
-4.970747438099949456e-01,4.973624298016910417e-01,-4.971004049322453877e-01,4.969780896373776069e-01,-4.971198561569163954e-01,-4.970811312811426186e-01,-4.971154384357985845e-01,-4.970010842185544342e-01,4.971001966576669706e-01,4.970698821026811598e-01
4.970747438099949456e-01,4.973624298016910417e-01,4.971004049322453877e-01,4.969780896373776069e-01,4.971198561569163954e-01,-4.970811312811426186e-01,4.971154384357985845e-01,4.970010842185544342e-01,-4.971001966576669706e-01,-4.970698821026811598e-01
-8.677077267526364102e-01,-8.675428597030568900e-01,-8.676930260271761286e-01,-8.677630888787460917e-01,-8.676818821518210711e-01,8.677040675969310835e-01,-8.676844131761176637e-01,-8.677499192080522228e-01,8.676931453474256983e-01,8.677105118104924131e-01
-8.523635639722236812e-01,8.522183140117576272e-01,-8.523463629691375720e-01,8.524064673043787455e-01,-8.523360757993865278e-01,-8.523531955259967541e-01,-8.523436766927636743e-01,-8.523949761458448071e-01,8.523425534314503782e-01,8.523627954366442827e-01
-5.229496675709518483e-01,5.231863389490948313e-01,-5.229777027113902133e-01,5.228797323454689172e-01,-5.229944683176894760e-01,-5.229665668822641722e-01,-5.229820807655475301e-01,-5.228984649445096444e-01,5.229839114255382393e-01,5.229509202166389148e-01
5.229496675709518483e-01,5.231863389490948313e-01,5.229777027113902133e-01,5.228797323454689172e-01,5.229944683176894760e-01,-5.229665668822641722e-01,5.229820807655475301e-01,5.228984649445096444e-01,-5.229839114255382393e-01,-5.229509202166389148e-01
-8.523635639722236812e-01,-8.522183140117576272e-01,-8.523463629691375720e-01,-8.524064673043787455e-01,-8.523360757993865278e-01,8.523531955259967541e-01,-8.523436766927636743e-01,-8.523949761458448071e-01,8.523425534314503782e-01,8.523627954366442827e-01
-8.360638839106041553e-01,8.359343749740735241e-01,-8.360442749750208735e-01,8.360963070102285233e-01,-8.360346484087920471e-01,-8.360474628480516479e-01,-8.360467639415308794e-01,-8.360861070730318811e-01,8.360370491223112488e-01,8.360599626535686335e-01
-5.486321007927953408e-01,5.488294095041784670e-01,-5.486619818080087363e-01,5.485826878455584144e-01,-5.486766503688554897e-01,-5.486571241361363205e-01,-5.486581891331745453e-01,-5.485982332813903461e-01,5.486729923140539755e-01,5.486380763743192723e-01
5.486321007927953408e-01,5.488294095041784670e-01,5.486619818080087363e-01,5.485826878455584144e-01,5.486766503688554897e-01,-5.486571241361363205e-01,5.486581891331745453e-01,5.485982332813903461e-01,-5.486729923140539755e-01,-5.486380763743192723e-01
-8.360638839106041553e-01,-8.359343749740735241e-01,-8.360442749750208735e-01,-8.360963070102285233e-01,-8.360346484087920471e-01,8.360474628480516479e-01,-8.360467639415308794e-01,-8.360861070730318811e-01,8.360370491223112488e-01,8.360599626535686335e-01
-8.188607188581085161e-01,8.187440221045387823e-01,-8.188389076348496776e-01,8.188843310095563766e-01,-8.188298046561593990e-01,-8.188389694799870222e-01,-8.188458575989262522e-01,-8.188751358530069746e-01,8.188287518458384762e-01,8.188540499723876431e-01
-5.739922674663672231e-01,5.741587117409979735e-01,-5.740233822270361941e-01,5.739585807591269795e-01,-5.740363673207088402e-01,-5.740232940055247646e-01,-5.740134680415425183e-01,-5.739716995477384121e-01,5.740378690910439285e-01,5.740017812200746139e-01
5.739922674663672231e-01,5.741587117409979735e-01,5.740233822270361941e-01,5.739585807591269795e-01,5.740363673207088402e-01,-5.740232940055247646e-01,5.740134680415425183e-01,5.739716995477384121e-01,-5.740378690910439285e-01,-5.740017812200746139e-01
-8.188607188581085161e-01,-8.187440221045387823e-01,-8.188389076348496776e-01,-8.188843310095563766e-01,-8.188298046561593990e-01,8.188389694799870222e-01,-8.188458575989262522e-01,-8.188751358530069746e-01,8.188287518458384762e-01,8.188540499723876431e-01
-8.008773975144299895e-01,8.007713766175165171e-01,-8.008537261210615377e-01,8.008936675264356486e-01,-8.008450636940046552e-01,-8.008511696712665717e-01,-8.008644050367159650e-01,-8.008852753584008166e-01,8.008411471888375877e-01,8.008684211893842830e-01
-5.988283511579203244e-01,5.989701181111521944e-01,-5.988600081471558978e-01,5.988065909089971273e-01,-5.988715922106723211e-01,-5.988634268647268222e-01,-5.988457269991886989e-01,-5.988178151275213024e-01,5.988768295478350545e-01,5.988403559727943914e-01
5.988283511579203244e-01,5.989701181111521944e-01,5.988600081471558978e-01,5.988065909089971273e-01,5.988715922106723211e-01,-5.988634268647268222e-01,5.988457269991886989e-01,5.988178151275213024e-01,-5.988768295478350545e-01,-5.988403559727943914e-01
-8.008773975144299895e-01,-8.007713766175165171e-01,-8.008537261210615377e-01,-8.008936675264356486e-01,-8.008450636940046552e-01,8.008511696712665717e-01,-8.008644050367159650e-01,-8.008852753584008166e-01,8.008411471888375877e-01,8.008684211893842830e-01
-7.823267095321529974e-01,7.822299111001760341e-01,-7.823016856064413105e-01,7.823369996536720938e-01,-7.822934320817819254e-01,-7.822970411482988995e-01,-7.823152911240234264e-01,-7.823292813588017536e-01,7.822872527520292607e-01,7.823159325263825403e-01
-6.228683003272796892e-01,6.229898604152483976e-01,-6.228997292480714654e-01,6.228553756474213277e-01,-6.229100947341490446e-01,-6.229055621927105379e-01,-6.228826416537341926e-01,-6.228650700822937480e-01,6.229178550833830430e-01,6.228818360775791874e-01
6.228683003272796892e-01,6.229898604152483976e-01,6.228997292480714654e-01,6.228553756474213277e-01,6.229100947341490446e-01,-6.229055621927105379e-01,6.228826416537341926e-01,6.228650700822937480e-01,-6.229178550833830430e-01,-6.228818360775791874e-01
-7.823267095321529974e-01,-7.822299111001760341e-01,-7.823016856064413105e-01,-7.823369996536720938e-01,-7.822934320817819254e-01,7.822970411482988995e-01,-7.823152911240234264e-01,-7.823292813588017536e-01,7.822872527520292607e-01,7.823159325263825403e-01
-7.635308423027659108e-01,7.634424240350228263e-01,-7.635051734005836588e-01,7.635364905405546132e-01,-7.634973481541541540e-01,-7.634990262291188046e-01,-7.635207815022062583e-01,-7.635293815344494917e-01,7.634895581508468476e-01,7.635188702327150301e-01
-6.457713626760084313e-01,6.458758899227685646e-01,-6.458017112013134664e-01,6.457646843959597982e-01,-6.458109625591488268e-01,-6.458089786826961554e-01,-6.457832579234770165e-01,-6.457730898184139701e-01,6.458201720251735001e-01,6.457855176438679345e-01
6.457713626760084313e-01,-6.458758899227685646e-01,-6.458017112013134664e-01,6.457646843959597982e-01,6.458109625591488268e-01,-6.458089786826961554e-01,6.457832579234770165e-01,6.457730898184139701e-01,-6.458201720251735001e-01,-6.457855176438679345e-01
-7.635308423027659108e-01,7.634424240350228263e-01,7.635051734005836588e-01,-7.635364905405546132e-01,-7.634973481541541540e-01,7.634990262291188046e-01,-7.635207815022062583e-01,-7.635293815344494917e-01,7.634895581508468476e-01,7.635188702327150301e-01
-7.449440069338533199e-01,7.448636994557039648e-01,-7.449186418649961228e-01,-7.449464021487612886e-01,-7.449113172242890490e-01,-7.449116651647811338e-01,-7.449351538085243751e-01,-7.449398977601924265e-01,7.449026587609610672e-01,7.449315789193138304e-01
-6.671269943071821418e-01,6.672166583900336345e-01,-6.671553170004788091e-01,-6.671243196928261510e-01,-6.671634953076905905e-01,-6.671631068197889647e-01,-6.671368799731207666e-01,-6.671315827668736764e-01,6.671731626578301100e-01,6.671408717270873590e-01
-6.671269943071821418e-01,-6.672166583900336345e-01,-6.671553170004788091e-01,-6.671243196928261510e-01,-6.671634953076905905e-01,-6.671631068197889647e-01,-6.671368799731207666e-01,6.671315827668736764e-01,-6.671731626578301100e-01,-6.671408717270873590e-01
7.449440069338533199e-01,7.448636994557039648e-01,7.449186418649961228e-01,7.449464021487612886e-01,7.449113172242890490e-01,7.449116651647811338e-01,7.449351538085243751e-01,-7.449398977601924265e-01,7.449026587609610672e-01,7.449315789193138304e-01
-7.271801043423502531e-01,7.271082079772370754e-01,-7.271562866554073246e-01,-7.271807606837488169e-01,-7.271495927925301084e-01,-7.271492781112649517e-01,-7.271723683226947177e-01,-7.271749153030794277e-01,7.271409398118471312e-01,7.271681338333669808e-01
-6.864467174141402062e-01,6.865228720823007835e-01,-6.864719475532261583e-01,-6.864460221251227345e-01,-6.864790380642787904e-01,-6.864793713887302751e-01,-6.864549123926225738e-01,-6.864522143266486021e-01,6.864882035763932855e-01,6.864593980253299588e-01
-6.864467174141402062e-01,-6.865228720823007835e-01,-6.864719475532261583e-01,-6.864460221251227345e-01,-6.864790380642787904e-01,-6.864793713887302751e-01,-6.864549123926225738e-01,-6.864522143266486021e-01,-6.864882035763932855e-01,-6.864593980253299588e-01
7.271801043423502531e-01,7.271082079772370754e-01,7.271562866554073246e-01,7.271807606837488169e-01,7.271495927925301084e-01,7.271492781112649517e-01,7.271723683226947177e-01,7.271749153030794277e-01,7.271409398118471312e-01,7.271681338333669808e-01
-7.110505057180021016e-01,7.109879316833728202e-01,-7.110298506818822917e-01,-7.110511471083095225e-01,-7.110239852039490493e-01,-7.110237792541911350e-01,-7.110438529292193444e-01,-7.110460783319388911e-01,7.110163953580476148e-01,7.110401352562093491e-01
-7.031409377345152478e-01,7.032042100276415519e-01,-7.031618245036488357e-01,-7.031402891286752110e-01,-7.031677555638445876e-01,-7.031679638145406086e-01,-7.031476652962526108e-01,-7.031454148956459704e-01,7.031754301254051764e-01,7.031514246980031801e-01
-7.031409377345152478e-01,-7.032042100276415519e-01,-7.031618245036488357e-01,-7.031402891286752110e-01,-7.031677555638445876e-01,-7.031679638145406086e-01,-7.031476652962526108e-01,-7.031454148956459704e-01,-7.031754301254051764e-01,-7.031514246980031801e-01
7.110505057180021016e-01,7.109879316833728202e-01,7.110298506818822917e-01,7.110511471083095225e-01,7.110239852039490493e-01,7.110237792541911350e-01,7.110438529292193444e-01,7.110460783319388911e-01,7.110163953580476148e-01,7.110401352562093491e-01
-6.976217457288664825e-01,6.975701241898274452e-01,-6.976063623372086298e-01,-6.976244183750216488e-01,-6.976016080532913000e-01,-6.976024368826253541e-01,-6.976162016000175825e-01,-6.976203190375941388e-01,6.975963979477852739e-01,6.976144299724921227e-01
-7.164662587213781464e-01,7.165165188868910517e-01,-7.164812371769737620e-01,-7.164636563615160991e-01,-7.164858661840176612e-01,-7.164850591990197248e-01,-7.164716569866275142e-01,-7.164676478850146024e-01,7.164909389310343268e-01,7.164733819857895813e-01
7.164662587213781464e-01,-7.165165188868910517e-01,-7.164812371769737620e-01,7.164636563615160991e-01,7.164858661840176612e-01,-7.164850591990197248e-01,7.164716569866275142e-01,7.164676478850146024e-01,-7.164909389310343268e-01,-7.164733819857895813e-01
-6.976217457288664825e-01,6.975701241898274452e-01,6.976063623372086298e-01,-6.976244183750216488e-01,-6.976016080532913000e-01,6.976024368826253541e-01,-6.976162016000175825e-01,-6.976203190375941388e-01,6.975963979477852739e-01,6.976144299724921227e-01
-6.883108563559090509e-01,6.882727546540019503e-01,-6.883035526075026445e-01,6.883180993543153159e-01,-6.883003098699446154e-01,-6.883033327015227743e-01,-6.883065154674689046e-01,-6.883152631625559792e-01,6.882991758366315826e-01,6.883084985355301111e-01
-7.254158566109477624e-01,7.254520075104844423e-01,-7.254227867029616750e-01,7.254089840229877018e-01,-7.254258634987715837e-01,-7.254229953564863553e-01,-7.254199754383877652e-01,-7.254116751868977531e-01,7.254269394932983950e-01,7.254180938216003849e-01
7.254158566109477624e-01,7.254520075104844423e-01,7.254227867029616750e-01,7.254089840229877018e-01,7.254258634987715837e-01,-7.254229953564863553e-01,7.254199754383877652e-01,7.254116751868977531e-01,7.254269394932983950e-01,7.254180938216003849e-01
-6.883108563559090509e-01,-6.882727546540019503e-01,-6.883035526075026445e-01,-6.883180993543153159e-01,-6.883003098699446154e-01,6.883033327015227743e-01,-6.883065154674689046e-01,-6.883152631625559792e-01,-6.882991758366315826e-01,-6.883084985355301111e-01
-6.850491122928782373e-01,6.850284401426937064e-01,-6.850537486128258635e-01,6.850642352852769346e-01,-6.850525934481267454e-01,-6.850593317574263930e-01,-6.850461591209223711e-01,-6.850631066410157732e-01,6.850578150458878079e-01,6.850542964727019957e-01
-7.284968865731270560e-01,7.285163252773870779e-01,-7.284925267369013469e-01,7.284826652247797796e-01,-7.284936130193563342e-01,-7.284872764654631849e-01,-7.284996636057369246e-01,-7.284837265988582944e-01,7.284887027569846296e-01,7.284920115445957522e-01
7.284968865731270560e-01,7.285163252773870779e-01,7.284925267369013469e-01,7.284826652247797796e-01,7.284936130193563342e-01,7.284872764654631849e-01,7.284996636057369246e-01,7.284837265988582944e-01,7.284887027569846296e-01,7.284920115445957522e-01
-6.850491122928782373e-01,-6.850284401426937064e-01,-6.850537486128258635e-01,-6.850642352852769346e-01,-6.850525934481267454e-01,-6.850593317574263930e-01,-6.850461591209223711e-01,-6.850631066410157732e-01,-6.850578150458878079e-01,-6.850542964727019957e-01
-6.905645564443044782e-01,6.905672808113016981e-01,-6.905866468748924625e-01,6.905920960697723432e-01,-6.905884330311991004e-01,-6.906009842570840496e-01,-6.905633025691024773e-01,-6.905933624838277440e-01,6.906032159269485105e-01,6.905809402165371536e-01
-7.232707607686633677e-01,7.232681595873586833e-01,-7.232496686194143098e-01,7.232444654789680349e-01,-7.232479631243444729e-01,-7.232359784628712429e-01,-7.232719579417234979e-01,-7.232432562376784890e-01,7.232338474873506451e-01,7.232551175136223698e-01
-7.232707607686633677e-01,-7.232681595873586833e-01,-7.232496686194143098e-01,-7.232444654789680349e-01,-7.232479631243444729e-01,-7.232359784628712429e-01,-7.232719579417234979e-01,-7.232432562376784890e-01,-7.232338474873506451e-01,-7.232551175136223698e-01
6.905645564443044782e-01,6.905672808113016981e-01,6.905866468748924625e-01,6.905920960697723432e-01,6.905884330311991004e-01,6.906009842570840496e-01,6.905633025691024773e-01,6.905933624838277440e-01,6.906032159269485105e-01,6.905809402165371536e-01
-7.088498818089415954e-01,7.088851806538235545e-01,-7.088975369786528757e-01,7.088962938145253467e-01,-7.089035622673042214e-01,-7.089249263218044828e-01,-7.088508236162753828e-01,-7.089010460416608206e-01,7.089325732867725050e-01,7.088828091075480842e-01
-7.053593729861746819e-01,7.053238976877190813e-01,-7.053114787564424004e-01,7.053127282390627695e-01,-7.053054227813128074e-01,-7.052839490869079464e-01,-7.053584265169928758e-01,-7.053079518345436449e-01,7.052762625616963987e-01,7.053262812002621951e-01
-7.053593729861746819e-01,-7.053238976877190813e-01,-7.053114787564424004e-01,-7.053127282390627695e-01,-7.053054227813128074e-01,-7.052839490869079464e-01,-7.053584265169928758e-01,-7.053079518345436449e-01,-7.052762625616963987e-01,-7.053262812002621951e-01
7.088498818089415954e-01,7.088851806538235545e-01,7.088975369786528757e-01,7.088962938145253467e-01,7.089035622673042214e-01,7.089249263218044828e-01,7.088508236162753828e-01,7.089010460416608206e-01,7.089325732867725050e-01,7.088828091075480842e-01
-7.458042904767999692e-01,7.458858484079116113e-01,-7.458892041790748939e-01,7.458786055239735591e-01,-7.459014044857350534e-01,-7.459358000790116128e-01,-7.458081631647478504e-01,-7.458885521374023497e-01,7.459513272840554432e-01,7.458614245905281770e-01
-6.661651148974981895e-01,6.660737955698377011e-01,-6.660700376755482877e-01,6.660819062409762958e-01,-6.660563750811245853e-01,-6.660178542355188469e-01,-6.661607792093623415e-01,-6.660707678545649824e-01,6.660004634556615510e-01,6.661011449530677142e-01
-6.661651148974981895e-01,-6.660737955698377011e-01,-6.660700376755482877e-01,-6.660819062409762958e-01,-6.660563750811245853e-01,-6.660178542355188469e-01,-6.661607792093623415e-01,-6.660707678545649824e-01,-6.660004634556615510e-01,-6.661011449530677142e-01
7.458042904767999692e-01,7.458858484079116113e-01,7.458892041790748939e-01,7.458786055239735591e-01,7.459014044857350534e-01,7.459358000790116128e-01,7.458081631647478504e-01,7.458885521374023497e-01,7.459513272840554432e-01,7.458614245905281770e-01
8.092854561377390565e-01,8.094293295036760760e-01,8.094207830536344073e-01,8.093973827123758236e-01,-8.094414560994372954e-01,-8.094934570759499959e-01,-8.092930746642839068e-01,-8.094147147479809901e-01,8.095197718548305943e-01,8.093753612072865922e-01
5.874155688130267006e-01,5.872173026565459253e-01,5.872290830339054191e-01,5.872613360833113250e-01,-5.872005868079687163e-01,-5.871288980719882034e-01,-5.874050725865669342e-01,-5.872374473323757060e-01,5.870926153309230511e-01,5.872916861922823362e-01
-5.874155688130267006e-01,-5.872173026565459253e-01,-5.872290830339054191e-01,-5.872613360833113250e-01,-5.872005868079687163e-01,-5.871288980719882034e-01,-5.874050725865669342e-01,-5.872374473323757060e-01,-5.870926153309230511e-01,-5.872916861922823362e-01
8.092854561377390565e-01,8.094293295036760760e-01,8.094207830536344073e-01,8.093973827123758236e-01,8.094414560994372954e-01,8.094934570759499959e-01,8.092930746642839068e-01,8.094147147479809901e-01,8.095197718548305943e-01,8.093753612072865922e-01
9.031952764979558346e-01,9.033923856376336881e-01,9.033716248826308970e-01,9.033363215426819526e-01,-9.033995469748075102e-01,-9.034652682299574300e-01,-9.032059940926531194e-01,-9.033603940903243146e-01,9.035008596618265830e-01,9.033116672490139054e-01
4.292298830600928539e-01,4.288148756420945285e-01,4.288586099834244547e-01,4.289329670026962305e-01,-4.287997883928030829e-01,-4.286612988154760440e-01,-4.292073301274132446e-01,-4.288822663493720433e-01,4.285862767172324284e-01,4.289848852952826141e-01
-4.292298830600928539e-01,-4.288148756420945285e-01,-4.288586099834244547e-01,-4.289329670026962305e-01,-4.287997883928030829e-01,-4.286612988154760440e-01,-4.292073301274132446e-01,-4.288822663493720433e-01,-4.285862767172324284e-01,-4.289848852952826141e-01
9.031952764979558346e-01,9.033923856376336881e-01,9.033716248826308970e-01,9.033363215426819526e-01,9.033995469748075102e-01,9.034652682299574300e-01,9.032059940926531194e-01,9.033603940903243146e-01,9.035008596618265830e-01,9.033116672490139054e-01
9.924242585363654001e-01,9.925189113895577231e-01,9.925067317293082558e-01,9.924890610796049950e-01,-9.925199602557231993e-01,-9.925500928066227635e-01,-9.924294791424828066e-01,-9.925006739556662128e-01,9.925671363958209481e-01,9.924785949153425157e-01
1.228580118207414917e-01,1.220909928458570742e-01,1.221899646943518242e-01,1.223334117783204666e-01,-1.220824659563272269e-01,-1.218372408977029114e-01,-1.228158333806363828e-01,-1.222391598365617643e-01,1.216983144788771343e-01,1.224182937099991542e-01
-1.228580118207414917e-01,-1.220909928458570742e-01,-1.221899646943518242e-01,-1.223334117783204666e-01,-1.220824659563272269e-01,-1.218372408977029114e-01,-1.228158333806363828e-01,-1.222391598365617643e-01,-1.216983144788771343e-01,-1.224182937099991542e-01
9.924242585363654001e-01,9.925189113895577231e-01,9.925067317293082558e-01,9.924890610796049950e-01,9.925199602557231993e-01,9.925500928066227635e-01,9.924294791424828066e-01,9.925006739556662128e-01,9.925671363958209481e-01,9.924785949153425157e-01
-9.460523602789907560e-01,-9.457541738024978217e-01,-9.457961555293329381e-01,-9.458520420923354211e-01,-9.457551983722728428e-01,-9.456614285540423381e-01,-9.460355084756468802e-01,-9.458163850854611754e-01,9.456065866613083681e-01,9.458836279201748853e-01
3.240137830564479571e-01,3.248831216532415134e-01,3.247608846304210761e-01,3.245980814326527297e-01,3.248801390541174450e-01,3.251529832942150477e-01,3.240629826179227124e-01,3.247019644287217899e-01,-3.253124394528273955e-01,-3.245060283454967442e-01
3.240137830564479571e-01,3.248831216532415134e-01,3.247608846304210761e-01,3.245980814326527297e-01,3.248801390541174450e-01,3.251529832942150477e-01,3.240629826179227124e-01,3.247019644287217899e-01,3.253124394528273955e-01,3.245060283454967442e-01
9.460523602789907560e-01,9.457541738024978217e-01,9.457961555293329381e-01,9.458520420923354211e-01,9.457551983722728428e-01,9.456614285540423381e-01,9.460355084756468802e-01,9.458163850854611754e-01,9.456065866613083681e-01,9.458836279201748853e-01
-7.325997862154518536e-01,-7.321377708453945532e-01,-7.322052921802623127e-01,-7.322923727419111684e-01,-7.321424215683443038e-01,-7.319988969590657257e-01,-7.325737018625301245e-01,-7.322370802339622786e-01,-7.319123962440721165e-01,-7.323396970943480966e-01
6.806596456651989868e-01,6.811565785497020187e-01,6.810839963640435979e-01,6.809903676440819398e-01,6.811515797089813251e-01,6.813058159525068325e-01,6.806877193981311081e-01,6.810498207403345994e-01,6.813987409911029802e-01,6.809394745935637427e-01
6.806596456651989868e-01,6.811565785497020187e-01,6.810839963640435979e-01,6.809903676440819398e-01,6.811515797089813251e-01,6.813058159525068325e-01,6.806877193981311081e-01,6.810498207403345994e-01,6.813987409911029802e-01,6.809394745935637427e-01
7.325997862154518536e-01,7.321377708453945532e-01,7.322052921802623127e-01,7.322923727419111684e-01,7.321424215683443038e-01,7.319988969590657257e-01,7.325737018625301245e-01,7.322370802339622786e-01,7.319123962440721165e-01,7.323396970943480966e-01
-5.230059550755182807e-01,-5.226634618070912230e-01,-5.227141893824412966e-01,-5.227809246961477863e-01,-5.226667990311053558e-01,-5.225616164121000828e-01,-5.229877654848849033e-01,-5.227371608707287454e-01,-5.224959928767242134e-01,-5.228137423734535716e-01
8.523290274040565828e-01,8.525390933510482716e-01,8.525079918794059575e-01,8.524670696125690172e-01,8.525370474006265242e-01,8.526015230180937765e-01,8.523401886295911556e-01,8.524939065147679740e-01,8.526417403738607570e-01,8.524469430911604251e-01
8.523290274040565828e-01,8.525390933510482716e-01,8.525079918794059575e-01,8.524670696125690172e-01,8.525370474006265242e-01,8.526015230180937765e-01,8.523401886295911556e-01,8.524939065147679740e-01,8.526417403738607570e-01,8.524469430911604251e-01
5.230059550755182807e-01,5.226634618070912230e-01,5.227141893824412966e-01,5.227809246961477863e-01,5.226667990311053558e-01,5.225616164121000828e-01,5.229877654848849033e-01,5.227371608707287454e-01,5.224959928767242134e-01,5.228137423734535716e-01
-3.807532190134023109e-01,3.805347586878420341e-01,-3.805665817613289037e-01,-3.806109042054308111e-01,-3.805354429145312301e-01,-3.804687578777300461e-01,-3.807427398114049955e-01,-3.805803353916795140e-01,3.804257486552197753e-01,3.806304013723276758e-01
9.246766928018312903e-01,-9.247666178179150265e-01,9.247535222136209487e-01,9.247352808236117827e-01,9.247663362632970729e-01,9.247937739188002437e-01,9.246810077431594221e-01,9.247478620214034661e-01,-9.248114671435013756e-01,-9.247272557630928924e-01
9.246766928018312903e-01,9.247666178179150265e-01,9.247535222136209487e-01,9.247352808236117827e-01,9.247663362632970729e-01,9.247937739188002437e-01,9.246810077431594221e-01,9.247478620214034661e-01,9.248114671435013756e-01,9.247272557630928924e-01
3.807532190134023109e-01,3.805347586878420341e-01,3.805665817613289037e-01,3.806109042054308111e-01,3.805354429145312301e-01,3.804687578777300461e-01,3.807427398114049955e-01,3.805803353916795140e-01,3.804257486552197753e-01,3.806304013723276758e-01
2.886843227107881438e-01,2.885418189074490103e-01,2.885613117922287696e-01,2.885911442669279459e-01,-2.885402935149755099e-01,-2.884965550211008867e-01,-2.886783021084552425e-01,-2.885693791143104092e-01,2.884676947589988050e-01,2.886034239977512406e-01
-9.574243373870404694e-01,-9.574672938234396469e-01,-9.574614192419180769e-01,-9.574524277741975897e-01,9.574677535135540651e-01,9.574809333563549796e-01,9.574261527093248514e-01,9.574589878619247374e-01,-9.574896287064571521e-01,-9.574487263852692331e-01
9.574243373870404694e-01,9.574672938234396469e-01,9.574614192419180769e-01,9.574524277741975897e-01,9.574677535135540651e-01,9.574809333563549796e-01,9.574261527093248514e-01,9.574589878619247374e-01,9.574896287064571521e-01,9.574487263852692331e-01
2.886843227107881438e-01,2.885418189074490103e-01,2.885613117922287696e-01,2.885911442669279459e-01,2.885402935149755099e-01,2.884965550211008867e-01,2.886783021084552425e-01,2.885693791143104092e-01,2.884676947589988050e-01,2.886034239977512406e-01
2.248278098257641133e-01,2.247244618587917742e-01,2.247368947174983589e-01,2.247587690810425309e-01,-2.247211514100294905e-01,2.246887497705346848e-01,-2.248239678375958117e-01,-2.247419187909547866e-01,2.246673303756192841e-01,2.247680045887735234e-01
-9.743985098146189516e-01,-9.744223500322005682e-01,-9.744194826422223343e-01,-9.744144373525952529e-01,9.744231134927735516e-01,-9.744305853813057805e-01,9.743993962876615900e-01,9.744183238928545432e-01,-9.744355241173692228e-01,-9.744123070411114806e-01
9.743985098146189516e-01,9.744223500322005682e-01,9.744194826422223343e-01,9.744144373525952529e-01,9.744231134927735516e-01,9.744305853813057805e-01,9.743993962876615900e-01,9.744183238928545432e-01,9.744355241173692228e-01,9.744123070411114806e-01
2.248278098257641133e-01,2.247244618587917742e-01,2.247368947174983589e-01,2.247587690810425309e-01,2.247211514100294905e-01,2.246887497705346848e-01,2.248239678375958117e-01,2.247419187909547866e-01,2.246673303756192841e-01,2.247680045887735234e-01
1.733168186584515269e-01,1.732261607213456400e-01,1.732352870067067063e-01,1.732542874764882168e-01,1.732211501447880608e-01,1.731918589672290787e-01,1.733137317221337403e-01,1.732390214745069545e-01,1.731728661214621823e-01,1.732631488982385726e-01
-9.848661230695843205e-01,-9.848820727588367685e-01,-9.848804675369006167e-01,-9.848771252653878427e-01,-9.848829540318568831e-01,-9.848881053132256813e-01,-9.848666663038952995e-01,-9.848798106563843024e-01,-9.848914450025839651e-01,-9.848755663706287855e-01
9.848661230695843205e-01,9.848820727588367685e-01,9.848804675369006167e-01,9.848771252653878427e-01,9.848829540318568831e-01,9.848881053132256813e-01,9.848666663038952995e-01,9.848798106563843024e-01,9.848914450025839651e-01,9.848755663706287855e-01
1.733168186584515269e-01,1.732261607213456400e-01,1.732352870067067063e-01,1.732542874764882168e-01,1.732211501447880608e-01,1.731918589672290787e-01,1.733137317221337403e-01,1.732390214745069545e-01,1.731728661214621823e-01,1.732631488982385726e-01
1.216228349594181829e-01,1.215222060696992123e-01,1.215310524072624049e-01,1.215518945105195231e-01,1.215151699999642149e-01,1.214819964169735478e-01,1.216195230183143711e-01,1.215347909031575524e-01,1.214609195974447747e-01,1.215624113104258053e-01
-9.925763880006587270e-01,-9.925887131294378607e-01,-9.925876300361510252e-01,-9.925850779358429410e-01,-9.925895745270951753e-01,-9.925936351531507995e-01,-9.925767938153691183e-01,-9.925871722927541718e-01,-9.925962144852976676e-01,-9.925837899927617558e-01
9.925763880006587270e-01,9.925887131294378607e-01,9.925876300361510252e-01,9.925850779358429410e-01,9.925895745270951753e-01,9.925936351531507995e-01,9.925767938153691183e-01,9.925871722927541718e-01,9.925962144852976676e-01,9.925837899927617558e-01
1.216228349594181829e-01,1.215222060696992123e-01,1.215310524072624049e-01,1.215518945105195231e-01,1.215151699999642149e-01,1.214819964169735478e-01,1.216195230183143711e-01,1.215347909031575524e-01,1.214609195974447747e-01,1.215624113104258053e-01
5.769837551913483548e-02,5.756472787919846706e-02,5.757606210306782935e-02,5.760375093726553819e-02,5.755485270622499872e-02,5.751062990627138494e-02,5.769403461388067367e-02,5.758090627526343819e-02,5.748268843320690491e-02,5.761790437743177784e-02
-9.983340610549421568e-01,-9.983417761990097672e-01,-9.983411225992364635e-01,-9.983395253509488310e-01,-9.983423455558541049e-01,-9.983448940360158952e-01,-9.983343119266072652e-01,-9.983408432156420931e-01,-9.983465032394769345e-01,-9.983387086030237612e-01
9.983340610549421568e-01,9.983417761990097672e-01,9.983411225992364635e-01,9.983395253509488310e-01,9.983423455558541049e-01,9.983448940360158952e-01,9.983343119266072652e-01,9.983408432156420931e-01,9.983465032394769345e-01,9.983387086030237612e-01
5.769837551913483548e-02,5.756472787919846706e-02,5.757606210306782935e-02,5.760375093726553819e-02,5.755485270622499872e-02,5.751062990627138494e-02,5.769403461388067367e-02,5.758090627526343819e-02,5.748268843320690491e-02,5.761790437743177784e-02
-3.124379843199540790e-02,-3.143390843969234849e-02,-3.141766086323803664e-02,-3.137807465658801198e-02,-3.144791214232804666e-02,-3.151066293473591545e-02,-3.124989279338525813e-02,-3.141077090310822467e-02,-3.155046781589187360e-02,-3.135812659076396558e-02
-9.995117933569073188e-01,-9.995058325993925186e-01,-9.995063434445438100e-01,-9.995075869801317570e-01,-9.995053920924528157e-01,-9.995034157627542548e-01,-9.995116028343051795e-01,-9.995065599941165280e-01,-9.995021600680000784e-01,-9.995082130211426774e-01
9.995117933569073188e-01,9.995058325993925186e-01,9.995063434445438100e-01,9.995075869801317570e-01,9.995053920924528157e-01,9.995034157627542548e-01,9.995116028343051795e-01,9.995065599941165280e-01,9.995021600680000784e-01,9.995082130211426774e-01
-3.124379843199540790e-02,-3.143390843969234849e-02,-3.141766086323803664e-02,-3.137807465658801198e-02,-3.144791214232804666e-02,-3.151066293473591545e-02,-3.124989279338525813e-02,-3.141077090310822467e-02,-3.155046781589187360e-02,-3.135812659076396558e-02
-1.564895741964313358e-01,-1.567506340544032595e-01,-1.567284509870741360e-01,-1.566741505566730808e-01,-1.567699945868677169e-01,-1.568562511293867812e-01,-1.564978601465784047e-01,-1.567191198850797496e-01,-1.569111461611960301e-01,-1.566467312020169422e-01
-9.876796105862566399e-01,-9.876382124662564932e-01,-9.876417329432735093e-01,-9.876503483254308602e-01,-9.876351395111625520e-01,-9.876214439154480385e-01,-9.876782977111232542e-01,-9.876432136467329093e-01,-9.876127237993543861e-01,-9.876546975556401708e-01
9.876796105862566399e-01,9.876382124662564932e-01,9.876417329432735093e-01,9.876503483254308602e-01,9.876351395111625520e-01,9.876214439154480385e-01,9.876782977111232542e-01,9.876432136467329093e-01,9.876127237993543861e-01,9.876546975556401708e-01
-1.564895741964313358e-01,-1.567506340544032595e-01,-1.567284509870741360e-01,-1.566741505566730808e-01,-1.567699945868677169e-01,-1.568562511293867812e-01,-1.564978601465784047e-01,-1.567191198850797496e-01,-1.569111461611960301e-01,-1.566467312020169422e-01
-3.187090700677565613e-01,-3.190234915411979122e-01,-3.189978526821742877e-01,-3.189332520291651152e-01,-3.190477213145151980e-01,-3.191524964111870366e-01,-3.187190331300377988e-01,-3.189870815818959815e-01,-3.192190104495192804e-01,-3.188994287198606559e-01
-9.478525880412765892e-01,-9.477468078790153294e-01,-9.477554378552316416e-01,-9.477771788506520467e-01,-9.477386514878536339e-01,-9.477033734426122402e-01,-9.478492379701816128e-01,-9.477590631504743124e-01,-9.476809713018562453e-01,-9.477885599447518628e-01
9.478525880412765892e-01,9.477468078790153294e-01,9.477554378552316416e-01,9.477771788506520467e-01,9.477386514878536339e-01,9.477033734426122402e-01,9.478492379701816128e-01,9.477590631504743124e-01,9.476809713018562453e-01,9.477885599447518628e-01
-3.187090700677565613e-01,-3.190234915411979122e-01,-3.189978526821742877e-01,-3.189332520291651152e-01,-3.190477213145151980e-01,-3.191524964111870366e-01,-3.187190331300377988e-01,-3.189870815818959815e-01,-3.192190104495192804e-01,-3.188994287198606559e-01
-4.956414225371991722e-01,-4.959470387447980078e-01,-4.959241950335319116e-01,-4.958628242168349742e-01,-4.959724057848868828e-01,-4.960759167304477635e-01,-4.956511166639447352e-01,-4.959145504236183166e-01,-4.961410666790113111e-01,-4.958284306544740172e-01
-8.685272478542636065e-01,-8.683527709175954401e-01,-8.683658173721160445e-01,-8.684008634033618668e-01,-8.683382824106924414e-01,-8.682791514484532458e-01,-8.685217156466409349e-01,-8.683713253431049051e-01,-8.682419259368974185e-01,-8.684205014592421001e-01
8.685272478542636065e-01,8.683527709175954401e-01,8.683658173721160445e-01,8.684008634033618668e-01,8.683382824106924414e-01,8.682791514484532458e-01,8.685217156466409349e-01,8.683713253431049051e-01,8.682419259368974185e-01,8.684205014592421001e-01
-4.956414225371991722e-01,-4.959470387447980078e-01,-4.959241950335319116e-01,-4.958628242168349742e-01,-4.959724057848868828e-01,-4.960759167304477635e-01,-4.956511166639447352e-01,-4.959145504236183166e-01,-4.961410666790113111e-01,-4.958284306544740172e-01
-6.495223203247946220e-01,-6.497562431137019479e-01,-6.497412280625584069e-01,-6.496955967215457539e-01,6.497780136581989829e-01,-6.498590482276914715e-01,6.495296383780854166e-01,6.497348189173534072e-01,-6.499094353166213756e-01,-6.496676554228612011e-01
-7.603425250503189625e-01,-7.601426343356672000e-01,-7.601554686745064515e-01,-7.601944695935604068e-01,7.601240247264950955e-01,-7.600547463417349769e-01,7.603362735450899246e-01,7.601609468306260720e-01,-7.600116616779181156e-01,-7.602183485666222929e-01
7.603425250503189625e-01,7.601426343356672000e-01,7.601554686745064515e-01,7.601944695935604068e-01,7.601240247264950955e-01,7.600547463417349769e-01,7.603362735450899246e-01,7.601609468306260720e-01,7.600116616779181156e-01,7.602183485666222929e-01
-6.495223203247946220e-01,-6.497562431137019479e-01,-6.497412280625584069e-01,-6.496955967215457539e-01,-6.497780136581989829e-01,-6.498590482276914715e-01,-6.495296383780854166e-01,-6.497348189173534072e-01,-6.499094353166213756e-01,-6.496676554228612011e-01
-7.580019497219080415e-01,-7.581507924474659710e-01,-7.581435565140236532e-01,-7.581154500885267655e-01,7.581670446089537885e-01,7.582201077523804678e-01,7.580063834180243987e-01,7.581403903043583137e-01,-7.582526559928004506e-01,-7.580963342739667210e-01
-6.522522857129638973e-01,-6.520792711866246760e-01,-6.520876840703767607e-01,-6.521203603147739392e-01,6.520603748648775566e-01,6.519986719311384737e-01,6.522471331462692534e-01,6.520913652159147089e-01,-6.519608191293889687e-01,-6.521425825387988651e-01
6.522522857129638973e-01,6.520792711866246760e-01,6.520876840703767607e-01,6.521203603147739392e-01,6.520603748648775566e-01,6.519986719311384737e-01,6.522471331462692534e-01,6.520913652159147089e-01,6.519608191293889687e-01,6.521425825387988651e-01
-7.580019497219080415e-01,-7.581507924474659710e-01,-7.581435565140236532e-01,-7.581154500885267655e-01,-7.581670446089537885e-01,-7.582201077523804678e-01,-7.580063834180243987e-01,-7.581403903043583137e-01,-7.582526559928004506e-01,-7.580963342739667210e-01
8.245346434031507465e-01,-8.246197070254190908e-01,8.246175953010684845e-01,-8.246021618831917976e-01,8.246311936033412504e-01,8.246627182910377662e-01,8.245369100578052723e-01,8.246165817496593498e-01,-8.246817622745139520e-01,-8.245901679283765828e-01
5.658114719834150819e-01,-5.656874921591531491e-01,5.656905704710687433e-01,-5.657130673915587993e-01,5.656707474638660305e-01,5.656247882305338592e-01,5.658081688631991790e-01,5.656920479408450442e-01,-5.655970217140486866e-01,-5.657305497812997741e-01
5.658114719834150819e-01,5.656874921591531491e-01,5.656905704710687433e-01,5.657130673915587993e-01,5.656707474638660305e-01,5.656247882305338592e-01,5.658081688631991790e-01,5.656920479408450442e-01,5.655970217140486866e-01,5.657305497812997741e-01
-8.245346434031507465e-01,-8.246197070254190908e-01,-8.246175953010684845e-01,-8.246021618831917976e-01,-8.246311936033412504e-01,-8.246627182910377662e-01,-8.245369100578052723e-01,-8.246165817496593498e-01,-8.246817622745139520e-01,-8.245901679283765828e-01
8.624802886140581215e-01,-8.625257335380184243e-01,8.625264324406829441e-01,-8.625186761898799848e-01,8.625338994608877652e-01,8.625517740883973383e-01,8.624812230837914928e-01,8.625266131335609376e-01,-8.625623676202579526e-01,-8.625113493608138615e-01
5.060906556657720490e-01,-5.060132004055853949e-01,5.060120090878754695e-01,-5.060252298291626483e-01,5.059992809093654120e-01,5.059688103203185960e-01,5.060890631379888482e-01,5.060117010863963705e-01,-5.059507505334239763e-01,-5.060377181829314175e-01
5.060906556657720490e-01,5.060132004055853949e-01,5.060120090878754695e-01,5.060252298291626483e-01,5.059992809093654120e-01,5.059688103203185960e-01,5.060890631379888482e-01,5.060117010863963705e-01,5.059507505334239763e-01,5.060377181829314175e-01
-8.624802886140581215e-01,-8.625257335380184243e-01,-8.625264324406829441e-01,-8.625186761898799848e-01,-8.625338994608877652e-01,-8.625517740883973383e-01,-8.624812230837914928e-01,-8.625266131335609376e-01,-8.625623676202579526e-01,-8.625113493608138615e-01
8.830842913082902479e-01,-8.831063366332274622e-01,8.831085061853728435e-01,-8.831051968300526189e-01,8.831123508387445087e-01,8.831220339972634115e-01,8.830844480254326223e-01,8.831093230240247838e-01,-8.831276115547737060e-01,-8.831007469466354287e-01
4.692143800487520999e-01,-4.691728873221904239e-01,4.691688036336594814e-01,-4.691750327241999696e-01,4.691615668360594738e-01,4.691433395760151170e-01,4.692140850993467005e-01,4.691672661088458485e-01,-4.691328401525103331e-01,-4.691834084260593785e-01
4.692143800487520999e-01,4.691728873221904239e-01,4.691688036336594814e-01,4.691750327241999696e-01,4.691615668360594738e-01,4.691433395760151170e-01,4.692140850993467005e-01,4.691672661088458485e-01,4.691328401525103331e-01,4.691834084260593785e-01
-8.830842913082902479e-01,-8.831063366332274622e-01,-8.831085061853728435e-01,-8.831051968300526189e-01,-8.831123508387445087e-01,-8.831220339972634115e-01,-8.830844480254326223e-01,-8.831093230240247838e-01,-8.831276115547737060e-01,-8.831007469466354287e-01
8.933265271063164370e-01,-8.933344525759503441e-01,8.933374272521309445e-01,-8.933367603438515658e-01,8.933390869818897961e-01,8.933437699945007138e-01,8.933262145557019362e-01,8.933386010513978404e-01,-8.933463171600621866e-01,-8.933341033118452623e-01
4.494081841357225882e-01,-4.493924296656844342e-01,4.493865163426064568e-01,-4.493878420900503379e-01,4.493832169433604751e-01,4.493739073555703123e-01,4.494088054183851266e-01,4.493841829343035443e-01,-4.493688436201974667e-01,-4.493931239572110936e-01
4.494081841357225882e-01,4.493924296656844342e-01,4.493865163426064568e-01,4.493878420900503379e-01,4.493832169433604751e-01,4.493739073555703123e-01,4.494088054183851266e-01,4.493841829343035443e-01,4.493688436201974667e-01,4.493931239572110936e-01
-8.933265271063164370e-01,-8.933344525759503441e-01,-8.933374272521309445e-01,-8.933367603438515658e-01,-8.933390869818897961e-01,-8.933437699945007138e-01,-8.933262145557019362e-01,-8.933386010513978404e-01,-8.933463171600621866e-01,-8.933341033118452623e-01
8.971418081228906827e-01,-8.971406989450368963e-01,8.971441712239343058e-01,-8.971451773878265090e-01,8.971444379275277381e-01,8.971459047654206653e-01,8.971411882450065489e-01,8.971455715727915114e-01,-8.971465218662983965e-01,-8.971436880655683233e-01
4.417426582502422816e-01,-4.417449108890910137e-01,4.417378589604017969e-01,-4.417358154935651648e-01,4.417373173003389386e-01,4.417343382199697688e-01,4.417439171673308573e-01,4.417350149210828580e-01,-4.417330849089792233e-01,-4.417388402258849989e-01
-4.417426582502422816e-01,-4.417449108890910137e-01,-4.417378589604017969e-01,-4.417358154935651648e-01,-4.417373173003389386e-01,-4.417343382199697688e-01,-4.417439171673308573e-01,-4.417350149210828580e-01,-4.417330849089792233e-01,-4.417388402258849989e-01
8.971418081228906827e-01,8.971406989450368963e-01,8.971441712239343058e-01,8.971451773878265090e-01,8.971444379275277381e-01,8.971459047654206653e-01,8.971411882450065489e-01,8.971455715727915114e-01,8.971465218662983965e-01,8.971436880655683233e-01
8.967087106010663833e-01,-8.967013548911453302e-01,8.967051930393031833e-01,-8.967073513450911637e-01,8.967045047242565570e-01,8.967037549114715844e-01,8.967078667169788853e-01,8.967067630520978438e-01,-8.967030535980280437e-01,-8.967066680836225379e-01
4.426211566703214251e-01,-4.426360583327842435e-01,4.426282828472962172e-01,-4.426239103840542977e-01,4.426296772779989563e-01,4.426311962883632822e-01,4.426228662957719662e-01,4.426251021989478507e-01,-4.426326170403304672e-01,-4.426252945939350703e-01
-4.426211566703214251e-01,-4.426360583327842435e-01,-4.426282828472962172e-01,-4.426239103840542977e-01,-4.426296772779989563e-01,-4.426311962883632822e-01,-4.426228662957719662e-01,-4.426251021989478507e-01,-4.426326170403304672e-01,-4.426252945939350703e-01
8.967087106010663833e-01,8.967013548911453302e-01,8.967051930393031833e-01,8.967073513450911637e-01,8.967045047242565570e-01,8.967037549114715844e-01,8.967078667169788853e-01,8.967067630520978438e-01,8.967030535980280437e-01,8.967066680836225379e-01
