8.427001201907373673e-01,-8.579759291736929194e-01,-9.994406933581999608e-01,-7.909036159163932433e-01,-1.701593721021849026e-01,8.650965299675908993e-01,9.543720429271522754e-01,7.057086574566650006e-01,-5.685154648368271335e-01,-6.362963083799882957e-01
5.383832347227364146e-01,-5.136898918204819697e-01,3.344099968123808581e-02,6.119407408649749636e-01,9.854165556178718921e-01,-5.016054164759718992e-01,2.986201662297001125e-01,7.085021459323264104e-01,8.226725753550839793e-01,7.714447536551132245e-01
5.383832347227364146e-01,-5.136898918204819697e-01,3.344099968123808581e-02,-6.119407408649749636e-01,9.854165556178718921e-01,5.016054164759718992e-01,2.986201662297001125e-01,7.085021459323264104e-01,-8.226725753550839793e-01,-7.714447536551132245e-01
-8.427001201907373673e-01,8.579759291736929194e-01,9.994406933581999608e-01,-7.909036159163932433e-01,1.701593721021849026e-01,8.650965299675908993e-01,-9.543720429271522754e-01,-7.057086574566650006e-01,-5.685154648368271335e-01,-6.362963083799882957e-01
-3.905307455617634815e-02,5.609744091658484116e-02,1.171519226082818298e-02,-1.617017133174439292e-02,6.556684049371052508e-03,1.540680535835826093e-01,3.481449779025665853e-02,1.119975185783051302e-01,-7.518620214225950338e-02,-9.200437669177160410e-03
-9.992371377044136915e-01,9.984252987192435702e-01,-9.999313747804355890e-01,9.998692542323230903e-01,9.999785047161144913e-01,-9.880602384799048732e-01,9.993937916275105193e-01,9.937084863441099092e-01,9.971695116716230434e-01,9.999576750776481004e-01
9.992371377044136915e-01,-9.984252987192435702e-01,-9.999313747804355890e-01,-9.998692542323230903e-01,9.999785047161144913e-01,9.880602384799048732e-01,-9.993937916275105193e-01,9.937084863441099092e-01,-9.971695116716230434e-01,-9.999576750776481004e-01
-3.905307455617634815e-02,5.609744091658484116e-02,-1.171519226082818298e-02,-1.617017133174439292e-02,-6.556684049371052508e-03,1.540680535835826093e-01,3.481449779025665853e-02,-1.119975185783051302e-01,-7.518620214225950338e-02,-9.200437669177160410e-03
8.696384290145896256e-02,-8.253421482029016376e-02,1.230277298803178765e-01,-1.082147711653612537e-01,-9.422895752388145418e-02,1.729746596689150095e-01,9.487204152507500154e-02,5.183027934073798637e-02,-1.255536989824738436e-01,-1.033671172452144266e-01
-9.962114685285502480e-01,9.965882316102262495e-01,-9.924032334089282203e-01,9.941275387502490624e-01,9.955505529926453878e-01,-9.849262749629653646e-01,-9.954894754525857037e-01,-9.986559077797823036e-01,9.920868251679476613e-01,9.946432722702216456e-01
9.962114685285502480e-01,-9.965882316102262495e-01,-9.924032334089282203e-01,-9.941275387502490624e-01,9.955505529926453878e-01,9.849262749629653646e-01,9.954894754525857037e-01,9.986559077797823036e-01,-9.920868251679476613e-01,-9.946432722702216456e-01
8.696384290145896256e-02,-8.253421482029016376e-02,-1.230277298803178765e-01,-1.082147711653612537e-01,9.422895752388145418e-02,1.729746596689150095e-01,9.487204152507500154e-02,5.183027934073798637e-02,-1.255536989824738436e-01,-1.033671172452144266e-01
1.885584864600537702e-01,-1.887267803470580319e-01,2.129132262528944386e-01,-1.953822799776718244e-01,-1.865720343500409106e-01,2.290531211940951550e-01,1.957568607266689520e-01,1.731410694820364748e-01,-1.959181666503499453e-01,-1.920737280665814062e-01
-9.820619619880885942e-01,9.820296341658094619e-01,-9.770711120929652660e-01,9.807271611772186981e-01,9.824412837409101096e-01,-9.734139241202806048e-01,-9.806524621283728704e-01,-9.848970352572987697e-01,9.806202486061388335e-01,9.813804985766758637e-01
9.820619619880885942e-01,-9.820296341658094619e-01,-9.770711120929652660e-01,-9.807271611772186981e-01,9.824412837409101096e-01,9.734139241202806048e-01,9.806524621283728704e-01,-9.848970352572987697e-01,-9.806202486061388335e-01,-9.813804985766758637e-01
1.885584864600537702e-01,-1.887267803470580319e-01,-2.129132262528944386e-01,-1.953822799776718244e-01,1.865720343500409106e-01,2.290531211940951550e-01,1.957568607266689520e-01,-1.731410694820364748e-01,-1.959181666503499453e-01,-1.920737280665814062e-01
2.542031561184687760e-01,-2.559954247957194062e-01,2.684842875776241589e-01,-2.539875918097905250e-01,-2.492023865161688556e-01,2.688253626074839642e-01,2.593662747749770348e-01,2.499977207050913808e-01,-2.477122252001269787e-01,-2.520683151326368887e-01
-9.671508441910235954e-01,9.666779931723176178e-01,-9.632840636717373561e-01,9.672074768149092616e-01,9.684514291148761389e-01,-9.631889349545885715e-01,-9.657790303735894755e-01,-9.682464250604072564e-01,9.688336562518879980e-01,9.677094421912982858e-01
9.671508441910235954e-01,-9.666779931723176178e-01,-9.632840636717373561e-01,-9.672074768149092616e-01,9.684514291148761389e-01,9.631889349545885715e-01,9.657790303735894755e-01,-9.682464250604072564e-01,-9.688336562518879980e-01,-9.677094421912982858e-01
2.542031561184687760e-01,-2.559954247957194062e-01,-2.684842875776241589e-01,-2.539875918097905250e-01,2.492023865161688556e-01,2.688253626074839642e-01,2.593662747749770348e-01,-2.499977207050913808e-01,-2.477122252001269787e-01,-2.520683151326368887e-01
2.808179935106515090e-01,-2.828439051549848093e-01,2.879092625070451827e-01,-2.777857899141138454e-01,-2.757472028983551371e-01,2.816968203292929407e-01,2.839854114983288436e-01,2.820252210163068374e-01,-2.699524768796352503e-01,-2.768862930894423480e-01
-9.597610403223562070e-01,9.591659529594854794e-01,-9.576576927914532966e-01,9.606430424053420403e-01,9.612301910019958040e-01,-9.595034660783492431e-01,-9.588286009794059206e-01,-9.594069911725174871e-01,9.628736470724236218e-01,9.609026905463359247e-01
9.597610403223562070e-01,-9.591659529594854794e-01,-9.576576927914532966e-01,-9.606430424053420403e-01,-9.612301910019958040e-01,-9.595034660783492431e-01,-9.588286009794059206e-01,-9.594069911725174871e-01,-9.628736470724236218e-01,-9.609026905463359247e-01
2.808179935106515090e-01,-2.828439051549848093e-01,-2.879092625070451827e-01,-2.777857899141138454e-01,-2.757472028983551371e-01,-2.816968203292929407e-01,-2.839854114983288436e-01,-2.820252210163068374e-01,-2.699524768796352503e-01,-2.768862930894423480e-01
2.761351328742915889e-01,-2.778720339178091248e-01,2.787004363117007721e-01,-2.724316112482765839e-01,-2.720426889225827649e-01,-2.706099272261262567e-01,2.777956720908449362e-01,2.794589003214388856e-01,-2.653437030957701004e-01,-2.721651375784654991e-01
-9.611188211623457045e-01,9.606180993331221440e-01,-9.603780853391373773e-01,9.621751489165931703e-01,9.622851840300623572e-01,9.626890813168447192e-01,-9.606401847557677343e-01,-9.601576552999682157e-01,9.641538877313224898e-01,9.622505587875204158e-01
-9.611188211623457045e-01,-9.606180993331221440e-01,-9.603780853391373773e-01,-9.621751489165931703e-01,-9.622851840300623572e-01,-9.626890813168447192e-01,-9.606401847557677343e-01,-9.601576552999682157e-01,-9.641538877313224898e-01,-9.622505587875204158e-01
-2.761351328742915889e-01,-2.778720339178091248e-01,-2.787004363117007721e-01,-2.724316112482765839e-01,-2.720426889225827649e-01,-2.706099272261262567e-01,-2.777956720908449362e-01,-2.794589003214388856e-01,-2.653437030957701004e-01,-2.721651375784654991e-01
2.518987381426432970e-01,-2.532213842217159172e-01,-2.518265289341904967e-01,-2.484469561495598888e-01,-2.489531392085518047e-01,-2.439688545682835996e-01,-2.525425608048793569e-01,2.557247986711371768e-01,-2.428217319290234821e-01,-2.485266391678485343e-01
-9.677535976281068653e-01,9.674083577129352074e-01,9.677723902472922246e-01,9.686455027408212848e-01,9.685155313562129331e-01,9.697830674953235031e-01,9.675857868851287513e-01,-9.667496197799128055e-01,9.700709285938781123e-01,9.686250614267286618e-01
-9.677535976281068653e-01,-9.674083577129352074e-01,-9.677723902472922246e-01,-9.686455027408212848e-01,-9.685155313562129331e-01,-9.697830674953235031e-01,-9.675857868851287513e-01,-9.667496197799128055e-01,-9.700709285938781123e-01,-9.686250614267286618e-01
-2.518987381426432970e-01,-2.532213842217159172e-01,-2.518265289341904967e-01,-2.484469561495598888e-01,-2.489531392085518047e-01,-2.439688545682835996e-01,-2.525425608048793569e-01,-2.557247986711371768e-01,-2.428217319290234821e-01,-2.485266391678485343e-01
2.191163496234068975e-01,-2.200551103535994535e-01,-2.175674043973637173e-01,-2.162056913538810687e-01,2.171579403134056008e-01,-2.106797517172723511e-01,-2.191096540047490770e-01,2.227762675862446640e-01,-2.120454328439484171e-01,-2.164567404920927085e-01
-9.756987369714652525e-01,9.754874414400552807e-01,9.760452984077092609e-01,9.763478371083691432e-01,-9.761364807027955726e-01,9.775551351286271284e-01,9.757002406076977774e-01,-9.748695987671078811e-01,9.772598090630877365e-01,9.762922100967202921e-01
-9.756987369714652525e-01,-9.754874414400552807e-01,-9.760452984077092609e-01,-9.763478371083691432e-01,-9.761364807027955726e-01,-9.775551351286271284e-01,-9.757002406076977774e-01,-9.748695987671078811e-01,-9.772598090630877365e-01,-9.762922100967202921e-01
-2.191163496234068975e-01,-2.200551103535994535e-01,-2.175674043973637173e-01,-2.162056913538810687e-01,-2.171579403134056008e-01,-2.106797517172723511e-01,-2.191096540047490770e-01,-2.227762675862446640e-01,-2.120454328439484171e-01,-2.164567404920927085e-01
1.854072333813322204e-01,-1.860320947982498363e-01,-1.829779409394950984e-01,1.830413755136424403e-01,1.842183547660302401e-01,1.771390526031431101e-01,1.849725715609664145e-01,1.887202310238482728e-01,-1.801199083976954829e-01,-1.833783238707119290e-01
-9.826617718268481072e-01,9.825436680906223241e-01,9.831170190417530819e-01,-9.831052104683778436e-01,-9.828853431439990018e-01,-9.841858340998721477e-01,-9.827436836582175150e-01,-9.820308927942672517e-01,9.836446607382188789e-01,9.830424153282342203e-01
-9.826617718268481072e-01,9.825436680906223241e-01,9.831170190417530819e-01,9.831052104683778436e-01,9.828853431439990018e-01,-9.841858340998721477e-01,9.827436836582175150e-01,-9.820308927942672517e-01,9.836446607382188789e-01,9.830424153282342203e-01
-1.854072333813322204e-01,1.860320947982498363e-01,1.829779409394950984e-01,1.830413755136424403e-01,1.842183547660302401e-01,-1.771390526031431101e-01,1.849725715609664145e-01,-1.887202310238482728e-01,1.801199083976954829e-01,1.833783238707119290e-01
1.544964462335468025e-01,-1.548593946022115420e-01,-1.513886074184005170e-01,-1.525996332775962361e-01,1.539284542702388792e-01,1.464650173814079082e-01,1.537296536921720636e-01,1.574857358805367979e-01,-1.507250816222269751e-01,-1.529961705530196725e-01
-9.879933441583523823e-01,9.879365201790226703e-01,9.884743241702927952e-01,9.882880915621432560e-01,-9.880819960741996644e-01,-9.892158504004390229e-01,-9.881129457585730025e-01,-9.875212620466283786e-01,9.885757177727829692e-01,9.882267815618597240e-01
-9.879933441583523823e-01,9.879365201790226703e-01,-9.884743241702927952e-01,9.882880915621432560e-01,9.880819960741996644e-01,-9.892158504004390229e-01,-9.881129457585730025e-01,-9.875212620466283786e-01,9.885757177727829692e-01,9.882267815618597240e-01
-1.544964462335468025e-01,1.548593946022115420e-01,-1.513886074184005170e-01,1.525996332775962361e-01,1.539284542702388792e-01,-1.464650173814079082e-01,-1.537296536921720636e-01,-1.574857358805367979e-01,1.507250816222269751e-01,1.529961705530196725e-01
1.273582002605651853e-01,-1.274659020933979758e-01,-1.235095858314672335e-01,-1.258886839196871887e-01,1.273828474252232390e-01,-1.194151996455269094e-01,-1.262539721713938634e-01,-1.300862358067841618e-01,-1.250363579384156099e-01,-1.263546482079315469e-01
-9.918567884661523282e-01,9.918429531954725542e-01,9.923433791826997696e-01,9.920443736350554875e-01,-9.918536233647797795e-01,9.928444037680924650e-01,9.919979508602549956e-01,9.915026834323859006e-01,9.921521603027914082e-01,9.919851323866953896e-01
-9.918567884661523282e-01,9.918429531954725542e-01,-9.923433791826997696e-01,9.920443736350554875e-01,9.918536233647797795e-01,-9.928444037680924650e-01,-9.919979508602549956e-01,-9.915026834323859006e-01,9.921521603027914082e-01,9.919851323866953896e-01
-1.273582002605651853e-01,1.274659020933979758e-01,-1.235095858314672335e-01,1.258886839196871887e-01,1.273828474252232390e-01,-1.194151996455269094e-01,-1.262539721713938634e-01,-1.300862358067841618e-01,1.250363579384156099e-01,1.263546482079315469e-01
1.037157547286444714e-01,-1.035105722562931208e-01,-9.885402615066131438e-02,-1.027312759560487787e-01,-1.044581933192311879e-01,-9.570776851810554320e-02,-1.021781037612550097e-01,-1.061953720700420239e-01,-1.031361724253155171e-01,-1.033042465821826794e-01
-9.946069787715487998e-01,9.946283534221084244e-01,9.951019452869159787e-01,9.947091459016761394e-01,9.945292785275263725e-01,9.954094750630437805e-01,9.947661208101904462e-01,9.943452835664811085e-01,9.946672458352366908e-01,9.946498040205346003e-01
-9.946069787715487998e-01,9.946283534221084244e-01,-9.951019452869159787e-01,9.947091459016761394e-01,9.945292785275263725e-01,-9.954094750630437805e-01,-9.947661208101904462e-01,-9.943452835664811085e-01,9.946672458352366908e-01,9.946498040205346003e-01
-1.037157547286444714e-01,1.035105722562931208e-01,-9.885402615066131438e-02,1.027312759560487787e-01,1.044581933192311879e-01,-9.570776851810554320e-02,-1.021781037612550097e-01,-1.061953720700420239e-01,1.031361724253155171e-01,1.033042465821826794e-01
-8.283119618628280445e-02,-8.215370765724090696e-02,-7.638423890272613703e-02,-8.255648372647250710e-02,-8.465112665346251342e-02,-7.466168011392347592e-02,-8.063559048538632146e-02,-8.497551442295381285e-02,-8.488011266618930573e-02,-8.331572263437052317e-02
9.965635920192696950e-01,9.966196708464915011e-01,9.970784563148735735e-01,9.965863871209162950e-01,9.964106516674235969e-01,9.972089217022507279e-01,9.967436488621701507e-01,9.963830397736376243e-01,9.963911714150096577e-01,9.965232011157154624e-01
-9.965635920192696950e-01,9.966196708464915011e-01,-9.970784563148735735e-01,9.965863871209162950e-01,9.964106516674235969e-01,-9.972089217022507279e-01,-9.967436488621701507e-01,-9.963830397736376243e-01,9.963911714150096577e-01,9.965232011157154624e-01
-8.283119618628280445e-02,8.215370765724090696e-02,-7.638423890272613703e-02,8.255648372647250710e-02,8.465112665346251342e-02,-7.466168011392347592e-02,-8.063559048538632146e-02,-8.497551442295381285e-02,8.488011266618930573e-02,8.331572263437052317e-02
-6.206467859180886393e-02,-6.051218859151746843e-02,-5.254475221512799887e-02,-6.306713351456476324e-02,-6.589262378770274764e-02,-5.340451799494209950e-02,-5.862689032023211261e-02,-6.366728188973752589e-02,-6.901161057489127448e-02,-6.421701469888126124e-02
9.980721294933024845e-01,9.981674584115957094e-01,9.986185703333634311e-01,9.980092868657366445e-01,9.978267194911007998e-01,9.985729605080081450e-01,9.982799646048092779e-01,9.979711805542144099e-01,9.976158567333718308e-01,9.979359573756042545e-01
-9.980721294933024845e-01,9.981674584115957094e-01,-9.986185703333634311e-01,9.980092868657366445e-01,9.978267194911007998e-01,-9.985729605080081450e-01,-9.982799646048092779e-01,-9.979711805542144099e-01,9.976158567333718308e-01,9.979359573756042545e-01
-6.206467859180886393e-02,6.051218859151746843e-02,-5.254475221512799887e-02,6.306713351456476324e-02,6.589262378770274764e-02,-5.340451799494209950e-02,-5.862689032023211261e-02,-6.366728188973752589e-02,6.901161057489127448e-02,6.421701469888126124e-02
-2.107589664988276240e-02,-1.708938531467480218e-02,-9.603479761421198930e-04,-2.511478989168635517e-02,-3.068937361966494679e-02,-7.174636653525784565e-03,-1.364545047162273386e-02,-2.230434219476690183e-02,-4.160455574204251911e-02,-2.764389751259973757e-02
9.997778786212483393e-01,9.998539657917884238e-01,9.999995388657760831e-01,9.996845739175413970e-01,9.995289702388984177e-01,9.999742619632215890e-01,9.999068965065830428e-01,9.997512272156802160e-01,9.991341556275150637e-01,9.996178344398989335e-01
-9.997778786212483393e-01,9.998539657917884238e-01,-9.999995388657760831e-01,9.996845739175413970e-01,-9.995289702388984177e-01,-9.999742619632215890e-01,-9.999068965065830428e-01,-9.997512272156802160e-01,9.991341556275150637e-01,9.996178344398989335e-01
-2.107589664988276240e-02,1.708938531467480218e-02,-9.603479761421198930e-04,2.511478989168635517e-02,-3.068937361966494679e-02,-7.174636653525784565e-03,-1.364545047162273386e-02,-2.230434219476690183e-02,4.160455574204251911e-02,2.764389751259973757e-02
-9.089741694299883212e-01,-8.987749079192134394e-01,-9.078271011844811778e-01,9.313104080805628682e-01,-9.296397221466047300e-01,-9.476053566785075377e-01,-9.045519455974957435e-01,-8.763254100367833255e-01,9.619386897115863588e-01,9.325583589744862456e-01
-4.168524430887541321e-01,-4.384103841092378828e-01,-4.193446725010129272e-01,3.642264732289725582e-01,-3.684697911731482090e-01,-3.194434034288365365e-01,-4.263634338399400758e-01,-4.817196028021523690e-01,2.732653604757773746e-01,3.610192614069411277e-01
-4.168524430887541321e-01,-4.384103841092378828e-01,-4.193446725010129272e-01,-3.642264732289725582e-01,-3.684697911731482090e-01,-3.194434034288365365e-01,-4.263634338399400758e-01,-4.817196028021523690e-01,-2.732653604757773746e-01,-3.610192614069411277e-01
9.089741694299883212e-01,8.987749079192134394e-01,9.078271011844811778e-01,9.313104080805628682e-01,9.296397221466047300e-01,9.476053566785075377e-01,9.045519455974957435e-01,8.763254100367833255e-01,9.619386897115863588e-01,9.325583589744862456e-01
-9.850856770938587470e-01,9.843903068974270143e-01,-9.838529225437815384e-01,9.863603575145221125e-01,-9.865599721010285261e-01,-9.867463074341141782e-01,-9.844411773843287916e-01,-9.839126764203881548e-01,9.888438067137356180e-01,9.865625162809050774e-01
-1.720645483082837157e-01,1.759992150164017277e-01,-1.789788445656635973e-01,1.646002585776342453e-01,-1.633995760337756953e-01,-1.622705295644917833e-01,-1.757144509428759938e-01,-1.786500634740125770e-01,1.489561208003492010e-01,1.633842142604025605e-01
-1.720645483082837157e-01,-1.759992150164017277e-01,-1.789788445656635973e-01,-1.646002585776342453e-01,-1.633995760337756953e-01,-1.622705295644917833e-01,-1.757144509428759938e-01,-1.786500634740125770e-01,-1.489561208003492010e-01,-1.633842142604025605e-01
9.850856770938587470e-01,9.843903068974270143e-01,9.838529225437815384e-01,9.863603575145221125e-01,9.865599721010285261e-01,9.867463074341141782e-01,9.844411773843287916e-01,9.839126764203881548e-01,9.888438067137356180e-01,9.865625162809050774e-01
-9.851922588406333281e-01,9.848383466502198536e-01,-9.846204708134260741e-01,9.858724508180849444e-01,-9.859586314825801168e-01,-9.861921580480108585e-01,-9.848822881306485977e-01,-9.845646172877950963e-01,9.872350052893384964e-01,9.859781202044398674e-01
-1.714532388743083557e-01,1.734745830583299953e-01,-1.747069788392755785e-01,1.674977931733506453e-01,-1.669897511974847426e-01,-1.656050343576765116e-01,-1.732249362145593663e-01,-1.750214683544212002e-01,1.592703498186644195e-01,1.668746430052177321e-01
-1.714532388743083557e-01,-1.734745830583299953e-01,-1.747069788392755785e-01,-1.674977931733506453e-01,-1.669897511974847426e-01,-1.656050343576765116e-01,-1.732249362145593663e-01,-1.750214683544212002e-01,-1.592703498186644195e-01,-1.668746430052177321e-01
9.851922588406333281e-01,9.848383466502198536e-01,9.846204708134260741e-01,9.858724508180849444e-01,9.859586314825801168e-01,9.861921580480108585e-01,9.848822881306485977e-01,9.845646172877950963e-01,9.872350052893384964e-01,9.859781202044398674e-01
-9.815480095921355064e-01,9.812990323356808320e-01,-9.811905117479148286e-01,9.820438111595819475e-01,-9.820926961440759051e-01,-9.823515205042093745e-01,-9.813436326114084451e-01,-9.810796021747155704e-01,9.830379543828151601e-01,9.821184707129958502e-01
-1.912158593467522261e-01,1.924895039659475227e-01,-1.930419116561609694e-01,1.886529961679994649e-01,-1.883983444206973612e-01,-1.870440861483398942e-01,-1.922619950303358916e-01,-1.936047886719281519e-01,1.834022361991538563e-01,1.882639356976431588e-01
-1.912158593467522261e-01,-1.924895039659475227e-01,-1.930419116561609694e-01,-1.886529961679994649e-01,-1.883983444206973612e-01,-1.870440861483398942e-01,-1.922619950303358916e-01,-1.936047886719281519e-01,-1.834022361991538563e-01,-1.882639356976431588e-01
9.815480095921355064e-01,9.812990323356808320e-01,9.811905117479148286e-01,9.820438111595819475e-01,9.820926961440759051e-01,9.823515205042093745e-01,9.813436326114084451e-01,9.810796021747155704e-01,9.830379543828151601e-01,9.821184707129958502e-01
-9.759372522937939110e-01,9.757435326575513157e-01,-9.756845231950012076e-01,9.763311639672067610e-01,-9.763633375720804919e-01,-9.766178051876183153e-01,-9.757860475340399686e-01,-9.755577786160619658e-01,9.771200316515181727e-01,9.763900219931218594e-01
-2.180515525861715376e-01,2.189167843655716594e-01,-2.191796322602604929e-01,2.162809706526194198e-01,-2.161356820266090162e-01,-2.149829355798250630e-01,-2.187272032416091305e-01,-2.197430785751735283e-01,2.126886074648473013e-01,2.160151035281355214e-01
-2.180515525861715376e-01,-2.189167843655716594e-01,-2.191796322602604929e-01,-2.162809706526194198e-01,-2.161356820266090162e-01,-2.149829355798250630e-01,-2.187272032416091305e-01,-2.197430785751735283e-01,-2.126886074648473013e-01,-2.160151035281355214e-01
9.759372522937939110e-01,9.757435326575513157e-01,9.756845231950012076e-01,9.763311639672067610e-01,9.763633375720804919e-01,9.766178051876183153e-01,9.757860475340399686e-01,9.755577786160619658e-01,9.771200316515181727e-01,9.763900219931218594e-01
-9.688622011872521922e-01,9.687060004000239699e-01,-9.686720408454306819e-01,9.691825115000358704e-01,-9.692058653591428818e-01,-9.694394508900401330e-01,-9.687446414635745295e-01,-9.685488184364294817e-01,9.698246694696328607e-01,9.692310187355649420e-01
-2.476005555538851599e-01,2.482109683091962282e-01,-2.483434663613043047e-01,2.463437829588611960e-01,-2.462518843652469203e-01,-2.453306973413995340e-01,-2.480601129476695255e-01,-2.488236047994566991e-01,2.438034259154646111e-01,2.461528637266262032e-01
-2.476005555538851599e-01,-2.482109683091962282e-01,-2.483434663613043047e-01,-2.463437829588611960e-01,-2.462518843652469203e-01,-2.453306973413995340e-01,-2.480601129476695255e-01,-2.488236047994566991e-01,-2.438034259154646111e-01,-2.461528637266262032e-01
9.688622011872521922e-01,9.687060004000239699e-01,9.686720408454306819e-01,9.691825115000358704e-01,9.692058653591428818e-01,9.694394508900401330e-01,9.687446414635745295e-01,9.685488184364294817e-01,9.698246694696328607e-01,9.692310187355649420e-01
-9.606516221490547514e-01,9.605238844855732427e-01,-9.605032184845897492e-01,9.609127682812408366e-01,-9.609306889583604239e-01,-9.611363952019650325e-01,-9.605580153346132688e-01,-9.603924491709808775e-01,9.614386587111319882e-01,9.609534413726777968e-01
-2.777561175966966611e-01,2.781975329379201556e-01,-2.782688758750151425e-01,2.768513170531833323e-01,-2.767891092836035627e-01,-2.760739571531010683e-01,-2.780796633636282156e-01,-2.786509349981888262e-01,2.750194639216277936e-01,2.767101073578765447e-01
-2.777561175966966611e-01,-2.781975329379201556e-01,-2.782688758750151425e-01,-2.768513170531833323e-01,-2.767891092836035627e-01,-2.760739571531010683e-01,-2.780796633636282156e-01,-2.786509349981888262e-01,-2.750194639216277936e-01,-2.767101073578765447e-01
9.606516221490547514e-01,9.605238844855732427e-01,9.605032184845897492e-01,9.609127682812408366e-01,9.609306889583604239e-01,9.611363952019650325e-01,9.605580153346132688e-01,9.603924491709808775e-01,9.614386587111319882e-01,9.609534413726777968e-01
-9.515502123106260868e-01,-9.514448653728904137e-01,-9.514315047647784462e-01,9.517623484653811028e-01,-9.517762919048219361e-01,-9.519532441588706151e-01,-9.514746445088984039e-01,-9.513362482003859810e-01,9.521931607186676638e-01,9.517966399178096060e-01
-3.074934039155999832e-01,-3.078192134282113357e-01,-3.078605069524656956e-01,3.068361648236110351e-01,-3.067929108827437412e-01,-3.062434014560995732e-01,-3.077271532651377206e-01,-3.081547385000165673e-01,3.054966197531384098e-01,3.067297772326117444e-01
3.074934039155999832e-01,3.078192134282113357e-01,-3.078605069524656956e-01,-3.068361648236110351e-01,-3.067929108827437412e-01,-3.062434014560995732e-01,-3.077271532651377206e-01,-3.081547385000165673e-01,-3.054966197531384098e-01,-3.067297772326117444e-01
-9.515502123106260868e-01,-9.514448653728904137e-01,9.514315047647784462e-01,9.517623484653811028e-01,9.517762919048219361e-01,9.519532441588706151e-01,9.514746445088984039e-01,9.513362482003859810e-01,9.521931607186676638e-01,9.517966399178096060e-01
-9.417144653230113960e-01,-9.416267972689494892e-01,-9.416176306263018825e-01,9.418859123539181644e-01,-9.418964790401541665e-01,-9.420471149973659308e-01,-9.416528074272232374e-01,-9.415378409259962389e-01,9.422387162225671631e-01,9.419148377160425634e-01
-3.364132366619879688e-01,-3.366585431338712242e-01,-3.366841809377290606e-01,3.359329220383543979e-01,-3.359032937792663653e-01,-3.354806002217408101e-01,-3.365857844063365745e-01,-3.369072485186591082e-01,3.349420870109464654e-01,3.358518103127643983e-01
3.364132366619879688e-01,3.366585431338712242e-01,-3.366841809377290606e-01,-3.359329220383543979e-01,3.359032937792663653e-01,3.354806002217408101e-01,-3.365857844063365745e-01,-3.369072485186591082e-01,-3.349420870109464654e-01,-3.358518103127643983e-01
-9.417144653230113960e-01,-9.416267972689494892e-01,9.416176306263018825e-01,9.418859123539181644e-01,-9.418964790401541665e-01,-9.420471149973659308e-01,9.416528074272232374e-01,9.415378409259962389e-01,9.422387162225671631e-01,9.419148377160425634e-01
-9.312159884993005399e-01,-9.311421622420662514e-01,-9.311355480318119771e-01,9.313537923504102700e-01,-9.313612213031612352e-01,-9.314893498721280585e-01,-9.311651426200716619e-01,-9.310697706030058862e-01,9.316428785754352626e-01,9.313781537209703254e-01
-3.644678075815070417e-01,-3.646563775599842572e-01,-3.646732663515345196e-01,3.641155221554127630e-01,-3.640965194185244447e-01,-3.637685955037902596e-01,-3.645976922161487943e-01,-3.648411740322987096e-01,3.633752148945723071e-01,3.640532032152944963e-01
3.644678075815070417e-01,3.646563775599842572e-01,-3.646732663515345196e-01,-3.641155221554127630e-01,3.640965194185244447e-01,3.637685955037902596e-01,3.645976922161487943e-01,-3.648411740322987096e-01,-3.633752148945723071e-01,-3.640532032152944963e-01
-9.312159884993005399e-01,-9.311421622420662514e-01,9.311355480318119771e-01,9.313537923504102700e-01,-9.313612213031612352e-01,-9.314893498721280585e-01,-9.311651426200716619e-01,9.310697706030058862e-01,9.316428785754352626e-01,9.313781537209703254e-01
-9.200581167099458613e-01,-9.199949952838349931e-01,-9.199900457266430021e-01,9.201681757828283903e-01,-9.201725677072666310e-01,-9.202822396907424096e-01,-9.200156854156783526e-01,-9.199363681625035705e-01,9.204054462071308285e-01,9.201886415752509318e-01
-3.917819060091310979e-01,-3.919301068464838833e-01,-3.919417249590673169e-01,3.915233432076584696e-01,-3.915130210338038652e-01,-3.912551588283417758e-01,-3.918815364228320774e-01,-3.920676963637566570e-01,3.909652345058985956e-01,3.914752404889665360e-01
3.917819060091310979e-01,3.919301068464838833e-01,-3.919417249590673169e-01,-3.915233432076584696e-01,3.915130210338038652e-01,3.912551588283417758e-01,3.918815364228320774e-01,3.920676963637566570e-01,-3.909652345058985956e-01,-3.914752404889665360e-01
-9.200581167099458613e-01,-9.199949952838349931e-01,9.199900457266430021e-01,9.201681757828283903e-01,-9.201725677072666310e-01,-9.202822396907424096e-01,-9.200156854156783526e-01,-9.199363681625035705e-01,9.204054462071308285e-01,9.201886415752509318e-01
-9.081977380714223447e-01,-9.081427823500349827e-01,-9.081389984155125994e-01,9.082848941005123855e-01,-9.082863061519946823e-01,-9.083812601591598757e-01,-9.081618470592891512e-01,-9.080955221959433610e-01,9.084801062485656775e-01,9.083020291212936526e-01
-4.185413582454572956e-01,-4.186605867114038260e-01,-4.186687945821490064e-01,4.183521855432585368e-01,-4.183491198231030772e-01,-4.181429016396869258e-01,-4.186192297850880872e-01,-4.187630864434891409e-01,4.179280997379752338e-01,4.183149816754598849e-01
4.185413582454572956e-01,4.186605867114038260e-01,-4.186687945821490064e-01,-4.183521855432585368e-01,4.183491198231030772e-01,4.181429016396869258e-01,4.186192297850880872e-01,4.187630864434891409e-01,-4.179280997379752338e-01,-4.183149816754598849e-01
-9.081977380714223447e-01,-9.081427823500349827e-01,9.081389984155125994e-01,9.082848941005123855e-01,-9.082863061519946823e-01,-9.083812601591598757e-01,-9.081618470592891512e-01,-9.080955221959433610e-01,9.084801062485656775e-01,9.083020291212936526e-01
-8.955664660780411346e-01,-8.955176465845458011e-01,-8.955147329792354505e-01,8.956346310205076655e-01,-8.956331150012557529e-01,-8.957165636005691711e-01,-8.955356483862212391e-01,-8.954797700178601660e-01,8.957956696124227403e-01,8.956489116287402741e-01
-4.449277523783930488e-01,-4.450260044712855967e-01,-4.450318674175238742e-01,4.447905211633438327e-01,-4.447935738217756452e-01,-4.446255027453861475e-01,-4.449897779381793428e-01,-4.451022146527247592e-01,4.444661047859906344e-01,4.447617644292874983e-01
4.449277523783930488e-01,4.450260044712855967e-01,-4.450318674175238742e-01,-4.447905211633438327e-01,4.447935738217756452e-01,4.446255027453861475e-01,4.449897779381793428e-01,4.451022146527247592e-01,-4.444661047859906344e-01,-4.447617644292874983e-01
-8.955664660780411346e-01,-8.955176465845458011e-01,8.955147329792354505e-01,8.956346310205076655e-01,-8.956331150012557529e-01,-8.957165636005691711e-01,-8.955356483862212391e-01,-8.954797700178601660e-01,8.957956696124227403e-01,8.956489116287402741e-01
-8.820891484268997829e-01,-8.820448645038325708e-01,-8.820426356109596355e-01,8.821414566365323173e-01,-8.821370757834146037e-01,-8.822116655297080889e-01,-8.820622591232932797e-01,-8.820147622771519202e-01,8.822746301778918721e-01,8.821532827684412936e-01
-4.710825131837382829e-01,-4.711654242433497286e-01,-4.711695968167640136e-01,4.709845543997989159e-01,-4.709927595285156032e-01,-4.708530314262600047e-01,-4.711328592131018289e-01,-4.712217727622304841e-01,4.707350390022653763e-01,4.709624037021027387e-01
4.710825131837382829e-01,4.711654242433497286e-01,-4.711695968167640136e-01,4.709845543997989159e-01,4.709927595285156032e-01,4.708530314262600047e-01,4.711328592131018289e-01,4.712217727622304841e-01,-4.707350390022653763e-01,-4.709624037021027387e-01
-8.820891484268997829e-01,-8.820448645038325708e-01,8.820426356109596355e-01,-8.821414566365323173e-01,-8.821370757834146037e-01,-8.822116655297080889e-01,-8.820622591232932797e-01,-8.820147622771519202e-01,8.822746301778918721e-01,8.821532827684412936e-01
-8.677000044082016084e-01,-8.676590145647076202e-01,-8.676573457583243165e-01,8.677389693451400543e-01,-8.677318097284544285e-01,-8.677996560630840683e-01,-8.676761550353140340e-01,-8.676353905428250135e-01,8.678493010656611606e-01,8.677486765577803185e-01
-4.970882239100085642e-01,-4.971597675240832515e-01,-4.971626799666476471e-01,4.970202018830162660e-01,-4.970327015251425062e-01,-4.969142349911027656e-01,-4.971298522349404947e-01,-4.972009946466314223e-01,4.968275260488729805e-01,4.970032538447016202e-01
4.970882239100085642e-01,4.971597675240832515e-01,4.971626799666476471e-01,4.970202018830162660e-01,4.970327015251425062e-01,4.969142349911027656e-01,4.971298522349404947e-01,4.972009946466314223e-01,-4.968275260488729805e-01,4.970032538447016202e-01
-8.677000044082016084e-01,-8.676590145647076202e-01,-8.676573457583243165e-01,-8.677389693451400543e-01,-8.677318097284544285e-01,-8.677996560630840683e-01,-8.676761550353140340e-01,-8.676353905428250135e-01,8.678493010656611606e-01,-8.677486765577803185e-01
-8.523575153649836089e-01,-8.523188820079918848e-01,-8.523176835113607241e-01,8.523851773289387035e-01,-8.523753604657468008e-01,-8.524381051563786338e-01,-8.523360237247934457e-01,-8.523006881590117212e-01,8.524766685412555889e-01,8.523930491645163032e-01
-5.229595261593689148e-01,-5.230224884004960328e-01,-5.230244414688743904e-01,5.229144380010116722e-01,-5.229304398014025246e-01,-5.228281523382253271e-01,-5.229945531848380069e-01,-5.230521359899747980e-01,5.227652719842839080e-01,5.229016061708153806e-01
5.229595261593689148e-01,5.230224884004960328e-01,5.230244414688743904e-01,5.229144380010116722e-01,5.229304398014025246e-01,5.228281523382253271e-01,5.229945531848380069e-01,5.230521359899747980e-01,-5.227652719842839080e-01,5.229016061708153806e-01
-8.523575153649836089e-01,-8.523188820079918848e-01,-8.523176835113607241e-01,-8.523851773289387035e-01,-8.523753604657468008e-01,-8.524381051563786338e-01,-8.523360237247934457e-01,-8.523006881590117212e-01,8.524766685412555889e-01,-8.523930491645163032e-01
-8.360592103202417746e-01,-8.360222596996728095e-01,-8.360214617119636760e-01,8.360772694512387249e-01,-8.360649683905732044e-01,-8.361238347588486608e-01,-8.360395629434346221e-01,-8.360086349623349067e-01,8.361531260608163763e-01,8.360835497335659117e-01
-5.486392228401955062e-01,-5.486955269424498294e-01,-5.486967427978698408e-01,5.486117019413280227e-01,-5.486304481434381985e-01,-5.485407304368175030e-01,-5.486691618756704969e-01,-5.487162857692611251e-01,5.484960800030610484e-01,5.486021307513486711e-01
5.486392228401955062e-01,5.486955269424498294e-01,5.486967427978698408e-01,5.486117019413280227e-01,5.486304481434381985e-01,5.485407304368175030e-01,5.486691618756704969e-01,5.487162857692611251e-01,-5.484960800030610484e-01,-5.486021307513486711e-01
-8.360592103202417746e-01,-8.360222596996728095e-01,-8.360214617119636760e-01,-8.360772694512387249e-01,-8.360649683905732044e-01,-8.361238347588486608e-01,-8.360395629434346221e-01,-8.360086349623349067e-01,8.361531260608163763e-01,8.360835497335659117e-01
-8.188571796675856440e-01,-8.188214761081901161e-01,-8.188210196561226395e-01,8.188671133041490746e-01,-8.188525725462459937e-01,-8.189084085205490249e-01,-8.188390048022506917e-01,-8.188116919178204389e-01,8.189299347496562520e-01,8.188720179774832131e-01
-5.739973164631061442e-01,-5.740482473311845357e-01,-5.740488984131121297e-01,5.739831450042151006e-01,-5.740038888669614092e-01,-5.739242271017503949e-01,-5.740232436186356590e-01,-5.740622032312147072e-01,5.738935110026281983e-01,5.739761477391588373e-01
5.739973164631061442e-01,5.740482473311845357e-01,5.740488984131121297e-01,5.739831450042151006e-01,5.740038888669614092e-01,5.739242271017503949e-01,5.740232436186356590e-01,5.740622032312147072e-01,-5.738935110026281983e-01,-5.739761477391588373e-01
-8.188571796675856440e-01,-8.188214761081901161e-01,-8.188210196561226395e-01,-8.188671133041490746e-01,-8.188525725462459937e-01,-8.189084085205490249e-01,-8.188390048022506917e-01,-8.188116919178204389e-01,8.189299347496562520e-01,8.188720179774832131e-01
-8.008747924763949255e-01,-8.008401251160180978e-01,-8.008399558937010498e-01,8.008779583057875628e-01,-8.008615171839126301e-01,-8.009148234869777339e-01,-8.008578416822567103e-01,-8.008335378952846639e-01,8.009298925058899732e-01,8.008816865767962589e-01
-5.988318351389574357e-01,-5.988781963005169739e-01,-5.988784225902408220e-01,5.988276011507428498e-01,-5.988495890404215150e-01,-5.987782941279878868e-01,-5.988545043798512157e-01,-5.988870048532708434e-01,5.987581375568129527e-01,5.988226148918442959e-01
5.988318351389574357e-01,5.988781963005169739e-01,-5.988784225902408220e-01,5.988276011507428498e-01,5.988495890404215150e-01,5.987782941279878868e-01,5.988545043798512157e-01,5.988870048532708434e-01,-5.987581375568129527e-01,-5.988226148918442959e-01
-8.008747924763949255e-01,-8.008401251160180978e-01,8.008399558937010498e-01,-8.008779583057875628e-01,-8.008615171839126301e-01,-8.009148234869777339e-01,-8.008578416822567103e-01,-8.008335378952846639e-01,8.009298925058899732e-01,8.008816865767962589e-01
-7.823248648585051646e-01,-7.822912450415826502e-01,-7.822913088619019018e-01,7.823225922938477073e-01,-7.823047113824257437e-01,-7.823556551921801994e-01,-7.823090015983378276e-01,-7.822872548729579156e-01,7.823654617532868061e-01,7.823253369949537683e-01
-6.228706172425553245e-01,-6.229128413600819592e-01,-6.229127612106951650e-01,6.228734715707789915e-01,-6.228959291477665916e-01,-6.228319426529235203e-01,-6.228905409606183552e-01,-6.229178524198288880e-01,6.228196241734572647e-01,6.228700242391923547e-01
6.228706172425553245e-01,6.229128413600819592e-01,-6.229127612106951650e-01,6.228734715707789915e-01,6.228959291477665916e-01,6.228319426529235203e-01,6.228905409606183552e-01,6.229178524198288880e-01,-6.228196241734572647e-01,-6.228700242391923547e-01
-7.823248648585051646e-01,-7.822912450415826502e-01,7.822913088619019018e-01,-7.823225922938477073e-01,-7.823047113824257437e-01,-7.823556551921801994e-01,-7.823090015983378276e-01,-7.822872548729579156e-01,7.823654617532868061e-01,7.823253369949537683e-01
-7.635295995202407981e-01,-7.634972676799449687e-01,-7.634975067957753270e-01,7.635232724949765348e-01,-7.635045631826654633e-01,-7.635529780456086213e-01,-7.635147936058592766e-01,-7.634952818336515623e-01,7.635586770215612162e-01,7.635252297632062479e-01
-6.457728320829706492e-01,-6.458110576981926920e-01,-6.458107750081557574e-01,6.457803127678652944e-01,-6.458024326365202628e-01,-6.457451894653821745e-01,-6.457903374509424976e-01,-6.458134054181229322e-01,6.457384507252785788e-01,6.457779986303676667e-01
6.457728320829706492e-01,6.458110576981926920e-01,-6.458107750081557574e-01,-6.457803127678652944e-01,6.458024326365202628e-01,6.457451894653821745e-01,6.457903374509424976e-01,6.458134054181229322e-01,-6.457384507252785788e-01,-6.457779986303676667e-01
-7.635295995202407981e-01,-7.634972676799449687e-01,7.634975067957753270e-01,7.635232724949765348e-01,-7.635045631826654633e-01,-7.635529780456086213e-01,-7.635147936058592766e-01,-7.634952818336515623e-01,7.635586770215612162e-01,7.635252297632062479e-01
-7.449432136121588721e-01,-7.449126560977962219e-01,-7.449130058948622013e-01,7.449343494517467468e-01,-7.449156082912709032e-01,-7.449609794961618014e-01,-7.449295410882970092e-01,-7.449120555199448823e-01,7.449637509989803785e-01,7.449357280838988515e-01
-6.671278801648072854e-01,-6.671620004056932896e-01,-6.671616098432830988e-01,6.671377781290031006e-01,-6.671587041507033300e-01,-6.671080414956179760e-01,-6.671431471685662640e-01,-6.671626709739165717e-01,6.671049465395449962e-01,6.671362387279764494e-01
6.671278801648072854e-01,-6.671620004056932896e-01,-6.671616098432830988e-01,-6.671377781290031006e-01,6.671587041507033300e-01,-6.671080414956179760e-01,6.671431471685662640e-01,-6.671626709739165717e-01,-6.671049465395449962e-01,-6.671362387279764494e-01
-7.449432136121588721e-01,7.449126560977962219e-01,7.449130058948622013e-01,7.449343494517467468e-01,-7.449156082912709032e-01,7.449609794961618014e-01,-7.449295410882970092e-01,7.449120555199448823e-01,7.449637509989803785e-01,7.449357280838988515e-01
-7.271796057580631745e-01,-7.271515850392904490e-01,-7.271519705926516863e-01,7.271699378945418735e-01,-7.271521901955821932e-01,-7.271936210843653603e-01,-7.271672549473006120e-01,-7.271516908747652774e-01,7.271947336026334252e-01,7.271709692005635661e-01
-6.864472455837723475e-01,-6.864769277804225744e-01,-6.864765193822899292e-01,6.864574869738461205e-01,-6.864762867672618007e-01,-6.864323983133433504e-01,-6.864603290303143979e-01,-6.864768156740399530e-01,6.864312197304220931e-01,6.864563945014374724e-01
6.864472455837723475e-01,-6.864769277804225744e-01,-6.864765193822899292e-01,-6.864574869738461205e-01,6.864762867672618007e-01,-6.864323983133433504e-01,-6.864603290303143979e-01,-6.864768156740399530e-01,-6.864312197304220931e-01,-6.864563945014374724e-01
-7.271796057580631745e-01,7.271515850392904490e-01,7.271519705926516863e-01,7.271699378945418735e-01,-7.271521901955821932e-01,7.271936210843653603e-01,7.271672549473006120e-01,7.271516908747652774e-01,7.271947336026334252e-01,7.271709692005635661e-01
-7.110501362258756508e-01,-7.110257429415549613e-01,-7.110260746955714417e-01,7.110417143396471351e-01,-7.110262764685525427e-01,-7.110624245125296561e-01,-7.110394224571686683e-01,-7.110257782597074749e-01,7.110633054845110212e-01,7.110426641112945756e-01
-7.031413113828283157e-01,-7.031659781832521050e-01,-7.031656427208368143e-01,7.031498278951191505e-01,-7.031654386922507882e-01,-7.031288846622382183e-01,-7.031521454932609938e-01,-7.031659424703228245e-01,7.031279937489623988e-01,7.031488674622982105e-01
7.031413113828283157e-01,-7.031659781832521050e-01,-7.031656427208368143e-01,-7.031498278951191505e-01,7.031654386922507882e-01,-7.031288846622382183e-01,-7.031521454932609938e-01,-7.031659424703228245e-01,-7.031279937489623988e-01,-7.031488674622982105e-01
-7.110501362258756508e-01,7.110257429415549613e-01,7.110260746955714417e-01,7.110417143396471351e-01,-7.110262764685525427e-01,7.110624245125296561e-01,7.110394224571686683e-01,7.110257782597074749e-01,7.110633054845110212e-01,7.110426641112945756e-01
-6.976213179740392567e-01,-6.976020616041891387e-01,-6.976022289328089876e-01,6.976166492342272818e-01,-6.976052274899600114e-01,-6.976341878319007872e-01,-6.976127123832732702e-01,-6.976011001876065709e-01,6.976365171411161858e-01,6.976178347915155120e-01
-7.164666752251387383e-01,-7.164854245869800575e-01,-7.164852616683591302e-01,7.164712211325792168e-01,-7.164823421262250802e-01,-7.164541436603769631e-01,-7.164750543607589783e-01,-7.164863606636491244e-01,7.164518755305293585e-01,7.164700667723653549e-01
7.164666752251387383e-01,7.164854245869800575e-01,-7.164852616683591302e-01,7.164712211325792168e-01,7.164823421262250802e-01,7.164541436603769631e-01,7.164750543607589783e-01,7.164863606636491244e-01,-7.164518755305293585e-01,-7.164700667723653549e-01
-6.976213179740392567e-01,-6.976020616041891387e-01,6.976022289328089876e-01,-6.976166492342272818e-01,-6.976052274899600114e-01,-6.976341878319007872e-01,-6.976127123832732702e-01,-6.976011001876065709e-01,6.976365171411161858e-01,6.976178347915155120e-01
-6.883101452797349973e-01,-6.882981138849462166e-01,-6.882979743730686106e-01,6.883124171978747263e-01,-6.883072751220420393e-01,-6.883263708385324309e-01,-6.883043276792442100e-01,-6.882950024593648131e-01,6.883322231227497756e-01,6.883142347400061922e-01
-7.254165313149336658e-01,-7.254279470922150308e-01,-7.254280794633818363e-01,7.254143756028129664e-01,-7.254192546480067172e-01,-7.254011353783885729e-01,-7.254220512901600193e-01,-7.254308992519292731e-01,7.253955821556216099e-01,7.254126510161507113e-01
7.254165313149336658e-01,7.254279470922150308e-01,7.254280794633818363e-01,7.254143756028129664e-01,7.254192546480067172e-01,7.254011353783885729e-01,7.254220512901600193e-01,7.254308992519292731e-01,7.253955821556216099e-01,7.254126510161507113e-01
-6.883101452797349973e-01,-6.882981138849462166e-01,-6.882979743730686106e-01,-6.883124171978747263e-01,-6.883072751220420393e-01,-6.883263708385324309e-01,-6.883043276792442100e-01,-6.882950024593648131e-01,-6.883322231227497756e-01,-6.883142347400061922e-01
-6.850478288406605110e-01,-6.850459702388124184e-01,-6.850453309417596781e-01,6.850612810488396764e-01,-6.850655297112623332e-01,-6.850709381263064834e-01,-6.850457818927144782e-01,-6.850392019976788704e-01,6.850830166261111520e-01,6.850642522740233442e-01
-7.284980934777365302e-01,-7.284998412213717911e-01,-7.285004423848314703e-01,7.284854433739377244e-01,-7.284814479459498227e-01,-7.284763618229092019e-01,-7.285000183328752543e-01,-7.285062056883134796e-01,7.284650028178891734e-01,7.284826492485825256e-01
7.284980934777365302e-01,7.284998412213717911e-01,7.285004423848314703e-01,7.284854433739377244e-01,7.284814479459498227e-01,7.284763618229092019e-01,7.285000183328752543e-01,7.285062056883134796e-01,7.284650028178891734e-01,7.284826492485825256e-01
-6.850478288406605110e-01,-6.850459702388124184e-01,-6.850453309417596781e-01,-6.850612810488396764e-01,-6.850655297112623332e-01,-6.850709381263064834e-01,-6.850457818927144782e-01,-6.850392019976788704e-01,-6.850830166261111520e-01,-6.850642522740233442e-01
-6.905623028388635509e-01,-6.905749090268622492e-01,-6.905734935626574034e-01,6.905928493983687355e-01,-6.906109462053366954e-01,-6.905970493544437705e-01,-6.905654741054702006e-01,-6.905624161659527083e-01,6.906190761182269267e-01,6.905977016747945063e-01
-7.232729124596647408e-01,-7.232608761868299929e-01,-7.232622276800210193e-01,7.232437461602014839e-01,-7.232264659021886422e-01,-7.232397357881658051e-01,-7.232698846028963180e-01,-7.232728042578688843e-01,7.232187025385935497e-01,7.232391129090652848e-01
-7.232729124596647408e-01,-7.232608761868299929e-01,-7.232622276800210193e-01,-7.232437461602014839e-01,-7.232264659021886422e-01,-7.232397357881658051e-01,-7.232698846028963180e-01,-7.232728042578688843e-01,-7.232187025385935497e-01,-7.232391129090652848e-01
6.905623028388635509e-01,6.905749090268622492e-01,6.905734935626574034e-01,6.905928493983687355e-01,6.906109462053366954e-01,6.905970493544437705e-01,6.905654741054702006e-01,6.905624161659527083e-01,6.906190761182269267e-01,6.905977016747945063e-01
-7.088460789560571129e-01,7.088795554427334000e-01,-7.088769494724883602e-01,7.089022724886285820e-01,-7.089408162529854396e-01,-7.088991582930658231e-01,-7.088566355832938148e-01,-7.088583959420732272e-01,7.089364813740036686e-01,7.089100682424395172e-01
-7.053631946370770844e-01,7.053295512562283154e-01,-7.053321703329427095e-01,7.053067191374673417e-01,-7.052679767652512144e-01,-7.053098491949355564e-01,-7.053525857254181464e-01,-7.053508166171150728e-01,7.052723341922941813e-01,7.052988835554042657e-01
-7.053631946370770844e-01,-7.053295512562283154e-01,-7.053321703329427095e-01,-7.053067191374673417e-01,-7.052679767652512144e-01,-7.053098491949355564e-01,-7.053525857254181464e-01,-7.053508166171150728e-01,-7.052723341922941813e-01,-7.052988835554042657e-01
7.088460789560571129e-01,7.088795554427334000e-01,7.088769494724883602e-01,7.089022724886285820e-01,7.089408162529854396e-01,7.088991582930658231e-01,7.088566355832938148e-01,7.088583959420732272e-01,7.089364813740036686e-01,7.089100682424395172e-01
-7.457980917225451867e-01,7.458617910476051938e-01,-7.458573755988782139e-01,7.458921021755453573e-01,-7.459607062817127376e-01,-7.458788300798263604e-01,-7.458191862331794431e-01,-7.458278570448932943e-01,7.459390528226357286e-01,7.459043864837502369e-01
-6.661720546397982279e-01,6.661007346154622644e-01,-6.661056787513178756e-01,6.660667923805734247e-01,-6.659899583955364299e-01,-6.660816547832177914e-01,-6.661484379974768055e-01,-6.661387300373866616e-01,6.660142111652490593e-01,6.660530355942386738e-01
-6.661720546397982279e-01,-6.661007346154622644e-01,-6.661056787513178756e-01,-6.660667923805734247e-01,-6.659899583955364299e-01,-6.660816547832177914e-01,-6.661484379974768055e-01,-6.661387300373866616e-01,-6.660142111652490593e-01,-6.660530355942386738e-01
7.457980917225451867e-01,7.458617910476051938e-01,7.458573755988782139e-01,7.458921021755453573e-01,7.459607062817127376e-01,7.458788300798263604e-01,7.458191862331794431e-01,7.458278570448932943e-01,7.459390528226357286e-01,7.459043864837502369e-01
-8.092758597238660645e-01,8.093804971951287230e-01,8.093735266248838212e-01,8.094211552080162742e-01,8.095308510521828094e-01,8.093942813043024653e-01,8.093110590789881487e-01,-8.093294013878356008e-01,8.094858597313450144e-01,8.094397167368387880e-01
-5.874287896147050159e-01,5.872846079714385548e-01,5.872942145116010204e-01,5.872285700659671814e-01,5.870773383420012648e-01,5.872656105987236197e-01,5.873802938918248895e-01,-5.873550204511814865e-01,5.871393726322612361e-01,5.872029844687324251e-01
-5.874287896147050159e-01,-5.872846079714385548e-01,-5.872942145116010204e-01,-5.872285700659671814e-01,-5.870773383420012648e-01,-5.872656105987236197e-01,-5.873802938918248895e-01,-5.873550204511814865e-01,-5.871393726322612361e-01,-5.872029844687324251e-01
8.092758597238660645e-01,8.093804971951287230e-01,8.093735266248838212e-01,8.094211552080162742e-01,8.095308510521828094e-01,8.093942813043024653e-01,8.093110590789881487e-01,8.093294013878356008e-01,8.094858597313450144e-01,8.094397167368387880e-01
9.031827998191452878e-01,9.033214391526637188e-01,9.033122874655442613e-01,9.033690270747184448e-01,9.035126414050295152e-01,9.033300779084331156e-01,9.032296495734377650e-01,-9.032571651677617774e-01,9.034466570998045398e-01,9.033927303854252244e-01
4.292561357870727790e-01,4.289643080340841963e-01,4.289835793055089552e-01,4.288640821076959986e-01,4.285614387941434344e-01,4.289461159002888602e-01,4.291575469818103561e-01,-4.290996312898657239e-01,4.287005222473936894e-01,4.288141493546668848e-01
-4.292561357870727790e-01,-4.289643080340841963e-01,-4.289835793055089552e-01,-4.288640821076959986e-01,-4.285614387941434344e-01,-4.289461159002888602e-01,-4.291575469818103561e-01,-4.290996312898657239e-01,-4.287005222473936894e-01,-4.288141493546668848e-01
9.031827998191452878e-01,9.033214391526637188e-01,9.033122874655442613e-01,9.033690270747184448e-01,9.035126414050295152e-01,9.033300779084331156e-01,9.032296495734377650e-01,9.032571651677617774e-01,9.034466570998045398e-01,9.033927303854252244e-01
-9.924184141636701595e-01,9.924838853394587490e-01,-9.924796162080797846e-01,9.925047573583256622e-01,9.925717522882565591e-01,9.924854975894109588e-01,9.924406557452901678e-01,-9.924544898472915655e-01,9.925391864692236776e-01,9.925156720066641292e-01
-1.229052123746846442e-01,1.223753951637826520e-01,-1.224100135261107364e-01,1.222060007572911972e-01,1.216606615115152917e-01,1.223623188514303406e-01,1.227254856330123600e-01,-1.226135619821580175e-01,1.219260567844778348e-01,1.221173240009783417e-01
-1.229052123746846442e-01,-1.223753951637826520e-01,-1.224100135261107364e-01,-1.222060007572911972e-01,-1.216606615115152917e-01,-1.223623188514303406e-01,-1.227254856330123600e-01,-1.226135619821580175e-01,-1.219260567844778348e-01,-1.221173240009783417e-01
9.924184141636701595e-01,9.924838853394587490e-01,9.924796162080797846e-01,9.925047573583256622e-01,9.925717522882565591e-01,9.924854975894109588e-01,9.924406557452901678e-01,9.924544898472915655e-01,9.925391864692236776e-01,9.925156720066641292e-01
-9.460701538119239418e-01,-9.458663971196218379e-01,-9.458792470626573579e-01,9.458029447525637678e-01,-9.455948270698977254e-01,-9.458652022491416123e-01,-9.460003674786301442e-01,-9.459567555338037614e-01,9.456992582092527133e-01,9.457698192960396488e-01
3.239618250138160405e-01,3.245562490539130041e-01,3.245187975698484717e-01,-3.247411118065880453e-01,3.253466198051706004e-01,3.245597312886957519e-01,3.241655514244178304e-01,3.242927946469973399e-01,-3.250429402747720409e-01,-3.248375731172988834e-01
3.239618250138160405e-01,3.245562490539130041e-01,3.245187975698484717e-01,3.247411118065880453e-01,3.253466198051706004e-01,3.245597312886957519e-01,3.241655514244178304e-01,3.242927946469973399e-01,3.250429402747720409e-01,3.248375731172988834e-01
9.460701538119239418e-01,9.458663971196218379e-01,9.458792470626573579e-01,9.458029447525637678e-01,9.455948270698977254e-01,9.458652022491416123e-01,9.460003674786301442e-01,9.459567555338037614e-01,9.456992582092527133e-01,9.457698192960396488e-01
-7.326273758383081702e-01,-7.323129094700047137e-01,-7.323324984280361605e-01,-7.322163850744061175e-01,-7.318967307121565513e-01,-7.323142699230431596e-01,-7.325193934788384320e-01,-7.324504740115810320e-01,-7.320593672732742530e-01,-7.321659720093992574e-01
6.806299495116816534e-01,6.809682831260033264e-01,6.809472165639202101e-01,6.810720706566735227e-01,6.814155674570818721e-01,6.809668200926386472e-01,6.807461628076905136e-01,6.808203163245131195e-01,6.812408405163722369e-01,6.811262654101158942e-01
6.806299495116816534e-01,6.809682831260033264e-01,6.809472165639202101e-01,6.810720706566735227e-01,6.814155674570818721e-01,6.809668200926386472e-01,6.807461628076905136e-01,6.808203163245131195e-01,6.812408405163722369e-01,6.811262654101158942e-01
7.326273758383081702e-01,7.323129094700047137e-01,7.323324984280361605e-01,7.322163850744061175e-01,7.318967307121565513e-01,7.323142699230431596e-01,7.325193934788384320e-01,7.324504740115810320e-01,7.320593672732742530e-01,7.321659720093992574e-01
-5.230273369916478288e-01,-5.227939727173122053e-01,-5.228091205896717719e-01,-5.227235769681578548e-01,-5.224842396932263267e-01,-5.227963627197871332e-01,-5.229482119385239214e-01,-5.228939101451370863e-01,-5.226061877248111553e-01,-5.226852247716045063e-01
8.523159066680765505e-01,8.524590676920800192e-01,8.524497776574606611e-01,8.525022358220618601e-01,8.526489425737835415e-01,8.524576019527075887e-01,8.523644570430540801e-01,8.523977702534945022e-01,8.525742035457908319e-01,8.525257508166291798e-01
8.523159066680765505e-01,8.524590676920800192e-01,8.524497776574606611e-01,8.525022358220618601e-01,8.526489425737835415e-01,8.524576019527075887e-01,8.523644570430540801e-01,8.523977702534945022e-01,8.525742035457908319e-01,8.525257508166291798e-01
5.230273369916478288e-01,5.227939727173122053e-01,5.228091205896717719e-01,5.227235769681578548e-01,5.224842396932263267e-01,5.227963627197871332e-01,5.229482119385239214e-01,5.228939101451370863e-01,5.226061877248111553e-01,5.226852247716045063e-01
-3.807677926141572189e-01,-3.806180940702994508e-01,-3.806284430564604304e-01,3.805733535719578731e-01,-3.804173565541904556e-01,-3.806195111225353922e-01,-3.807180528928389984e-01,-3.806808114973775914e-01,3.804959514755298922e-01,3.805476097950126757e-01
9.246706917101579215e-01,9.247323215213647529e-01,9.247280618302954336e-01,-9.247507353611531533e-01,9.248149192310436417e-01,9.247317382640449779e-01,9.246911723388979709e-01,9.247065046584771464e-01,-9.247825857523114257e-01,-9.247613295760710450e-01
9.246706917101579215e-01,9.247323215213647529e-01,9.247280618302954336e-01,9.247507353611531533e-01,9.248149192310436417e-01,9.247317382640449779e-01,9.246911723388979709e-01,9.247065046584771464e-01,9.247825857523114257e-01,9.247613295760710450e-01
3.807677926141572189e-01,3.806180940702994508e-01,3.806284430564604304e-01,3.805733535719578731e-01,3.804173565541904556e-01,3.806195111225353922e-01,3.807180528928389984e-01,3.806808114973775914e-01,3.804959514755298922e-01,3.805476097950126757e-01
-2.886945457750527688e-01,2.885958405863035536e-01,-2.886031088018681245e-01,2.885659873656594709e-01,2.884611992617923115e-01,-2.885956709177510127e-01,-2.886624767063051267e-01,-2.886366326953703210e-01,2.885126184762043522e-01,2.885481193283230827e-01
9.574212548506200182e-01,-9.574510122174840765e-01,9.574488213945940851e-01,-9.574600100973836847e-01,-9.574915856133925374e-01,9.574510633591323261e-01,9.574309241620420075e-01,9.574387156712840241e-01,-9.574760931636905337e-01,-9.574653951094461712e-01
9.574212548506200182e-01,9.574510122174840765e-01,9.574488213945940851e-01,9.574600100973836847e-01,9.574915856133925374e-01,9.574510633591323261e-01,9.574309241620420075e-01,9.574387156712840241e-01,9.574760931636905337e-01,9.574653951094461712e-01
2.886945457750527688e-01,2.885958405863035536e-01,2.886031088018681245e-01,2.885659873656594709e-01,2.884611992617923115e-01,2.885956709177510127e-01,2.886624767063051267e-01,2.886366326953703210e-01,2.885126184762043522e-01,2.885481193283230827e-01
2.248357306966039248e-01,2.247630138232634689e-01,2.247686443190492489e-01,2.247401343958356223e-01,2.246615732771346519e-01,2.247611706627114514e-01,2.248125701405910282e-01,-2.247931550045516036e-01,2.246985229095529446e-01,2.247263492452567235e-01
-9.743966821588240235e-01,-9.744134582491580376e-01,-9.744121594740989822e-01,-9.744187354478267560e-01,-9.744368514648051871e-01,-9.744138833998248206e-01,-9.744020260173835712e-01,9.744065052446537756e-01,-9.744283317937061373e-01,-9.744219147550504667e-01
9.743966821588240235e-01,9.744134582491580376e-01,9.744121594740989822e-01,9.744187354478267560e-01,9.744368514648051871e-01,9.744138833998248206e-01,9.744020260173835712e-01,9.744065052446537756e-01,9.744283317937061373e-01,9.744219147550504667e-01
2.248357306966039248e-01,2.247630138232634689e-01,2.247686443190492489e-01,2.247401343958356223e-01,2.246615732771346519e-01,2.247611706627114514e-01,2.248125701405910282e-01,2.247931550045516036e-01,2.246985229095529446e-01,2.247263492452567235e-01
1.733240885291818523e-01,1.732592429561237157e-01,1.732644158274889434e-01,1.732377522819141813e-01,1.731668265333075607e-01,1.732557181552028258e-01,1.733036973192393637e-01,1.732866084280725028e-01,1.731986451138398386e-01,1.732250731127103482e-01
-9.848648436894924529e-01,-9.848762535112067784e-01,-9.848753434866561740e-01,-9.848800339047950603e-01,-9.848925069206198035e-01,-9.848768735870108149e-01,-9.848684320737879361e-01,-9.848714389906410016e-01,-9.848869119501640901e-01,-9.848822640524582672e-01
9.848648436894924529e-01,9.848762535112067784e-01,9.848753434866561740e-01,9.848800339047950603e-01,9.848925069206198035e-01,9.848768735870108149e-01,9.848684320737879361e-01,9.848714389906410016e-01,9.848869119501640901e-01,9.848822640524582672e-01
1.733240885291818523e-01,1.732592429561237157e-01,1.732644158274889434e-01,1.732377522819141813e-01,1.731668265333075607e-01,1.732557181552028258e-01,1.733036973192393637e-01,1.732866084280725028e-01,1.731986451138398386e-01,1.732250731127103482e-01
1.216310682801764326e-01,1.215583647959905533e-01,1.215642420667274043e-01,1.215334645640698957e-01,1.214534654040296258e-01,1.215530406856393519e-01,1.216083368021900757e-01,1.215895421702787305e-01,1.214882976847895812e-01,1.215190456557205811e-01
-9.925753791168825391e-01,-9.925842855637624362e-01,-9.925835657770796239e-01,-9.925873346920430773e-01,-9.925971266034132601e-01,-9.925849375746516046e-01,-9.925781643881780303e-01,-9.925804668815630949e-01,-9.925928639304495427e-01,-9.925891000524449392e-01
9.925753791168825391e-01,9.925842855637624362e-01,9.925835657770796239e-01,9.925873346920430773e-01,9.925971266034132601e-01,9.925849375746516046e-01,9.925781643881780303e-01,9.925804668815630949e-01,9.925928639304495427e-01,9.925891000524449392e-01
1.216310682801764326e-01,1.215583647959905533e-01,1.215642420667274043e-01,1.215334645640698957e-01,1.214534654040296258e-01,1.215530406856393519e-01,1.216083368021900757e-01,1.215895421702787305e-01,1.214882976847895812e-01,1.215190456557205811e-01
5.770938330804347566e-02,5.761257213114458209e-02,5.762045169896839319e-02,5.757921270049878859e-02,5.747241972379418112e-02,5.760505721727851580e-02,5.767919892083399336e-02,5.765424629293327413e-02,5.751858101886538760e-02,5.755990960494020842e-02
-9.983334248026584090e-01,-9.983390163328457190e-01,-9.983385615841988692e-01,-9.983409408938365148e-01,-9.983470944371460876e-01,-9.983394499783097009e-01,-9.983351691750876888e-01,-9.983366105098989696e-01,-9.983444359726637574e-01,-9.983420540106838770e-01
9.983334248026584090e-01,9.983390163328457190e-01,9.983385615841988692e-01,9.983409408938365148e-01,9.983470944371460876e-01,9.983394499783097009e-01,9.983351691750876888e-01,9.983366105098989696e-01,9.983444359726637574e-01,9.983420540106838770e-01
5.770938330804347566e-02,5.761257213114458209e-02,5.762045169896839319e-02,5.757921270049878859e-02,5.747241972379418112e-02,5.760505721727851580e-02,5.767919892083399336e-02,5.765424629293327413e-02,5.751858101886538760e-02,5.755990960494020842e-02
-3.122808069888138513e-02,-3.136576907916120011e-02,-3.135451874256735272e-02,-3.141305369024308819e-02,-3.156512180855822886e-02,-3.137628148380813137e-02,-3.127093361673991684e-02,-3.130664539459915990e-02,-3.149930944439343489e-02,-3.144057258837569535e-02
-9.995122845547541601e-01,-9.995079732198601796e-01,-9.995083262056509987e-01,-9.995064882520042771e-01,-9.995016973898597223e-01,-9.995076432725508164e-01,-9.995109447678586223e-01,-9.995098268422060173e-01,-9.995037736319591914e-01,-9.995056229933452219e-01
9.995122845547541601e-01,9.995079732198601796e-01,9.995083262056509987e-01,9.995064882520042771e-01,9.995016973898597223e-01,9.995076432725508164e-01,9.995109447678586223e-01,9.995098268422060173e-01,9.995037736319591914e-01,9.995056229933452219e-01
-3.122808069888138513e-02,-3.136576907916120011e-02,-3.135451874256735272e-02,-3.141305369024308819e-02,-3.156512180855822886e-02,-3.137628148380813137e-02,-3.127093361673991684e-02,-3.130664539459915990e-02,-3.149930944439343489e-02,-3.144057258837569535e-02
-1.564679240150941009e-01,-1.566570914252029822e-01,-1.566416415065912393e-01,-1.567221892993413135e-01,-1.569311255996871934e-01,-1.566716561189615275e-01,-1.565267934689866247e-01,-1.565759306943513007e-01,-1.568408504838702255e-01,-1.567600158903607044e-01
-9.876830406331814638e-01,-9.876530543192764133e-01,-9.876555047920911878e-01,-9.876427265875152850e-01,-9.876095492744161319e-01,-9.876507440228766699e-01,-9.876737127849041231e-01,-9.876659242513117221e-01,-9.876238897573793585e-01,-9.876367234049440169e-01
9.876830406331814638e-01,9.876530543192764133e-01,9.876555047920911878e-01,9.876427265875152850e-01,9.876095492744161319e-01,9.876507440228766699e-01,9.876737127849041231e-01,9.876659242513117221e-01,9.876238897573793585e-01,9.876367234049440169e-01
-1.564679240150941009e-01,-1.566570914252029822e-01,-1.566416415065912393e-01,-1.567221892993413135e-01,-1.569311255996871934e-01,-1.566716561189615275e-01,-1.565267934689866247e-01,-1.565759306943513007e-01,-1.568408504838702255e-01,-1.567600158903607044e-01
-3.186829493556128101e-01,-3.189113147024519868e-01,-3.188927699072898192e-01,-3.189909331813366444e-01,-3.192428092643088688e-01,-3.189301414356166542e-01,-3.187541881357074947e-01,-3.188129159295869375e-01,-3.191349297833317444e-01,-3.190365459272696547e-01
-9.478613705547915824e-01,-9.477845606226942277e-01,-9.477908003883853683e-01,-9.477577668096948127e-01,-9.476729545223036011e-01,-9.477782255801499023e-01,-9.478374161985514412e-01,-9.478176642353075554e-01,-9.477092890713838536e-01,-9.477424135084370205e-01
9.478613705547915824e-01,9.477845606226942277e-01,9.477908003883853683e-01,9.477577668096948127e-01,9.476729545223036011e-01,9.477782255801499023e-01,9.478374161985514412e-01,9.478176642353075554e-01,9.477092890713838536e-01,9.477424135084370205e-01
-3.186829493556128101e-01,-3.189113147024519868e-01,-3.188927699072898192e-01,-3.189909331813366444e-01,-3.192428092643088688e-01,-3.189301414356166542e-01,-3.187541881357074947e-01,-3.188129159295869375e-01,-3.191349297833317444e-01,-3.190365459272696547e-01
-4.956159759691105560e-01,-4.958389699858793964e-01,-4.958210168545928442e-01,-4.959185893218497898e-01,-4.961639932452991952e-01,-4.958597505691566543e-01,-4.956858217741527128e-01,-4.957419792184500906e-01,-4.960606753966932403e-01,-4.959630896906668251e-01
-8.685417689231680338e-01,-8.684144838977192471e-01,-8.684247343582963685e-01,-8.683690187731402110e-01,-8.682288245657814318e-01,-8.684026184699661366e-01,-8.685019090894866567e-01,-8.684698555739132075e-01,-8.682878591371506749e-01,-8.683436034568848827e-01
8.685417689231680338e-01,8.684144838977192471e-01,8.684247343582963685e-01,8.683690187731402110e-01,8.682288245657814318e-01,8.684026184699661366e-01,8.685019090894866567e-01,8.684698555739132075e-01,8.682878591371506749e-01,8.683436034568848827e-01
-4.956159759691105560e-01,-4.958389699858793964e-01,-4.958210168545928442e-01,-4.959185893218497898e-01,-4.961639932452991952e-01,-4.958597505691566543e-01,-4.956858217741527128e-01,-4.957419792184500906e-01,-4.960606753966932403e-01,-4.959630896906668251e-01
-6.495026720697513190e-01,-6.496746447964667492e-01,-6.496608792530731424e-01,-6.497380795353877581e-01,-6.499271339223315902e-01,-6.496934305015242828e-01,-6.495566934128074177e-01,6.495988717328037287e-01,-6.498496477422611717e-01,-6.497724950142000910e-01
-7.603593091257928593e-01,-7.602123755297494068e-01,-7.602241392958551947e-01,-7.601581598599504996e-01,-7.599965266970000188e-01,-7.601963209350339756e-01,-7.603131605086288491e-01,7.602771243720728434e-01,-7.600627838075344478e-01,-7.601287422029383567e-01
7.603593091257928593e-01,7.602123755297494068e-01,7.602241392958551947e-01,7.601581598599504996e-01,7.599965266970000188e-01,7.601963209350339756e-01,7.603131605086288491e-01,7.602771243720728434e-01,7.600627838075344478e-01,7.601287422029383567e-01
-6.495026720697513190e-01,-6.496746447964667492e-01,-6.496608792530731424e-01,-6.497380795353877581e-01,-6.499271339223315902e-01,-6.496934305015242828e-01,-6.495566934128074177e-01,-6.495988717328037287e-01,-6.498496477422611717e-01,-6.497724950142000910e-01
7.579891700408774025e-01,-7.580998787868948874e-01,-7.580910009596117938e-01,-7.581424474201946540e-01,-7.582644020369710969e-01,-7.581144527293059987e-01,-7.580239145113577548e-01,7.580503223606865904e-01,-7.582163626380737931e-01,-7.581648111811735147e-01
6.522671370694231863e-01,-6.521384621254103786e-01,-6.521487823066556277e-01,-6.520889735455718261e-01,-6.519471578306900161e-01,-6.521215197821222942e-01,-6.522267589028204471e-01,6.521960662016133004e-01,-6.520030271615990802e-01,-6.520629717186948726e-01
6.522671370694231863e-01,6.521384621254103786e-01,6.521487823066556277e-01,6.520889735455718261e-01,6.519471578306900161e-01,6.521215197821222942e-01,6.522267589028204471e-01,6.521960662016133004e-01,6.520030271615990802e-01,6.520629717186948726e-01
-7.579891700408774025e-01,-7.580998787868948874e-01,-7.580910009596117938e-01,-7.581424474201946540e-01,-7.582644020369710969e-01,-7.581144527293059987e-01,-7.580239145113577548e-01,-7.580503223606865904e-01,-7.582163626380737931e-01,-7.581648111811735147e-01
8.245270290716771866e-01,-8.245914609929998473e-01,8.245862336589853125e-01,-8.246176462340349955e-01,8.246890763879901609e-01,8.246020283213734148e-01,8.245471238087447308e-01,8.245620304463634476e-01,-8.246625969892924513e-01,-8.246309000089769858e-01
5.658225678869956976e-01,-5.657286650483868140e-01,5.657362841997050085e-01,-5.656904962251354529e-01,5.655863570546268981e-01,5.657132620756534225e-01,5.657932843527982980e-01,5.657715598597814477e-01,-5.656249650845301957e-01,-5.656711754636121192e-01
5.658225678869956976e-01,5.657286650483868140e-01,5.657362841997050085e-01,5.656904962251354529e-01,5.655863570546268981e-01,5.657132620756534225e-01,5.657932843527982980e-01,5.657715598597814477e-01,5.656249650845301957e-01,5.656711754636121192e-01
-8.245270290716771866e-01,-8.245914609929998473e-01,-8.245862336589853125e-01,-8.246176462340349955e-01,-8.246890763879901609e-01,-8.246020283213734148e-01,-8.245471238087447308e-01,-8.245620304463634476e-01,-8.246625969892924513e-01,-8.246309000089769858e-01
8.624759072666700055e-01,-8.625113978230091183e-01,8.625084452288802606e-01,-8.625270366946731215e-01,8.625668863371512840e-01,8.625190405202598498e-01,8.624868202831256214e-01,8.624947084463909786e-01,-8.625535647998489042e-01,-8.625345730267098832e-01
5.060981222890817977e-01,-5.060376355819782290e-01,5.060426680714380510e-01,-5.060109791009539393e-01,5.059430467894900918e-01,5.060246088284742205e-01,5.060795242231238555e-01,5.060660805685112118e-01,-5.059657575874800806e-01,-5.059981327372972126e-01
5.060981222890817977e-01,5.060376355819782290e-01,5.060426680714380510e-01,5.060109791009539393e-01,5.059430467894900918e-01,5.060246088284742205e-01,5.060795242231238555e-01,5.060660805685112118e-01,5.059657575874800806e-01,5.059981327372972126e-01
-8.624759072666700055e-01,-8.625113978230091183e-01,-8.625084452288802606e-01,-8.625270366946731215e-01,-8.625668863371512840e-01,-8.625190405202598498e-01,-8.624868202831256214e-01,-8.624947084463909786e-01,-8.625535647998489042e-01,-8.625345730267098832e-01
8.830818342962934997e-01,-8.831001309031869528e-01,8.830985284774029997e-01,-8.831093590413415795e-01,8.831304390800416293e-01,8.831058273203061804e-01,8.830872886901716123e-01,8.830910887521919994e-01,-8.831247791543307413e-01,-8.831134856883218198e-01
4.692190042356486623e-01,-4.691845679461058016e-01,4.691875840226865657e-01,-4.691671983137685187e-01,4.691275173876427451e-01,4.691738459813351025e-01,4.692087387867381887e-01,4.692015867049769695e-01,-4.691381720171731717e-01,-4.691594306794036329e-01
4.692190042356486623e-01,4.691845679461058016e-01,4.691875840226865657e-01,4.691671983137685187e-01,4.691275173876427451e-01,4.691738459813351025e-01,4.692087387867381887e-01,4.692015867049769695e-01,4.691381720171731717e-01,4.691594306794036329e-01
-8.830818342962934997e-01,-8.831001309031869528e-01,-8.830985284774029997e-01,-8.831093590413415795e-01,-8.831304390800416293e-01,-8.831058273203061804e-01,-8.830872886901716123e-01,-8.830910887521919994e-01,-8.831247791543307413e-01,-8.831134856883218198e-01
8.933252347389979420e-01,-8.933331141571250189e-01,8.933323283100312873e-01,-8.933383951644203735e-01,8.933481033077498301e-01,8.933375397049343469e-01,8.933273783840643967e-01,8.933287445681983296e-01,-8.933470180631301050e-01,-8.933404522726288155e-01
4.494107530739716028e-01,-4.493950902606002051e-01,4.493966524087359971e-01,-4.493845922203586474e-01,4.493652927368178007e-01,4.493862927971152277e-01,4.494064919751988851e-01,4.494037762727486340e-01,-4.493674502205446397e-01,-4.493805028406718249e-01
4.494107530739716028e-01,4.493950902606002051e-01,4.493966524087359971e-01,4.493845922203586474e-01,4.493652927368178007e-01,4.493862927971152277e-01,4.494064919751988851e-01,4.494037762727486340e-01,4.493674502205446397e-01,4.493805028406718249e-01
-8.933252347389979420e-01,-8.933331141571250189e-01,-8.933323283100312873e-01,-8.933383951644203735e-01,-8.933481033077498301e-01,-8.933375397049343469e-01,-8.933273783840643967e-01,-8.933287445681983296e-01,-8.933470180631301050e-01,-8.933404522726288155e-01
8.971412558430301720e-01,-8.971424642387647586e-01,8.971421985659150389e-01,-8.971452012990485114e-01,8.971476381908219944e-01,8.971460529123522765e-01,8.971412731926781126e-01,8.971411049876808486e-01,-8.971494648417807083e-01,-8.971459362170898233e-01
4.417437798819475736e-01,-4.417413257321494147e-01,4.417418652927478928e-01,-4.417357669309673884e-01,4.417308176804398134e-01,4.417340373389702091e-01,4.417437446463962081e-01,4.417440862552468039e-01,-4.417271077646317545e-01,-4.417342743428013252e-01
-4.417437798819475736e-01,-4.417413257321494147e-01,-4.417418652927478928e-01,-4.417357669309673884e-01,-4.417308176804398134e-01,-4.417340373389702091e-01,-4.417437446463962081e-01,-4.417440862552468039e-01,-4.417271077646317545e-01,-4.417342743428013252e-01
8.971412558430301720e-01,8.971424642387647586e-01,8.971421985659150389e-01,8.971452012990485114e-01,8.971476381908219944e-01,8.971460529123522765e-01,8.971412731926781126e-01,8.971411049876808486e-01,8.971494648417807083e-01,8.971459362170898233e-01
8.967086594796235266e-01,-8.967052722825719080e-01,8.967053611693075466e-01,-8.967062683356631370e-01,8.967037155341071042e-01,8.967083026340356700e-01,8.967072037890154723e-01,8.967059921426097091e-01,-8.967075596092305423e-01,-8.967060998678456629e-01
4.426212602375268479e-01,-4.426281223110873353e-01,4.426279422384242213e-01,-4.426261044352556850e-01,4.426312760609297792e-01,4.426219831720816233e-01,4.426242093163060276e-01,4.426266639681098458e-01,-4.426234884635678601e-01,-4.426264457302533373e-01
-4.426212602375268479e-01,-4.426281223110873353e-01,-4.426279422384242213e-01,-4.426261044352556850e-01,-4.426312760609297792e-01,-4.426219831720816233e-01,-4.426242093163060276e-01,-4.426266639681098458e-01,-4.426234884635678601e-01,-4.426264457302533373e-01
8.967086594796235266e-01,8.967052722825719080e-01,8.967053611693075466e-01,8.967062683356631370e-01,8.967037155341071042e-01,8.967083026340356700e-01,8.967072037890154723e-01,8.967059921426097091e-01,8.967075596092305423e-01,8.967060998678456629e-01
