6.839273234607687879e-01,-8.996936513317934647e-01,-9.939681614012580990e-01,-7.720736304388664539e-01,9.778897860544450982e-01,8.920881974185160823e-01,8.935750371764991096e-01,6.477704614799125737e-01,-2.327393722443580060e-01,-9.299947591800024060e-01
7.295501464764357902e-01,-4.365218594220284243e-01,-1.096690207880169493e-01,6.355330905475721215e-01,2.091209370923709510e-01,-4.518613150365748954e-01,4.489138591478528673e-01,7.618355657450633922e-01,9.725391429692186174e-01,-3.675727790488974023e-01
7.295501464764357902e-01,-4.365218594220284243e-01,1.096690207880169493e-01,6.355330905475721215e-01,-2.091209370923709510e-01,4.518613150365748954e-01,4.489138591478528673e-01,7.618355657450633922e-01,-9.725391429692186174e-01,-3.675727790488974023e-01
-6.839273234607687879e-01,8.996936513317934647e-01,-9.939681614012580990e-01,7.720736304388664539e-01,9.778897860544450982e-01,8.920881974185160823e-01,-8.935750371764991096e-01,-6.477704614799125737e-01,-2.327393722443580060e-01,9.299947591800024060e-01
-7.310353336334941832e-02,1.058488202646011289e-01,-1.394113309406904734e-02,2.741941225767505555e-02,1.664656714449644706e-02,6.206835222491579457e-02,5.343978184214006472e-02,1.046261079117264542e-01,1.920871722017016480e-03,-2.962888928186655987e-02
-9.973243571726267964e-01,9.943822339767501850e-01,-9.999028176818252067e-01,-9.996240172342016894e-01,9.998614363012027217e-01,-9.980719010432483884e-01,9.985710739434946470e-01,9.945116276561294377e-01,-9.999981551242120847e-01,-9.995609680854505852e-01
-9.973243571726267964e-01,-9.943822339767501850e-01,-9.999028176818252067e-01,9.996240172342016894e-01,9.998614363012027217e-01,9.980719010432483884e-01,9.985710739434946470e-01,9.945116276561294377e-01,-9.999981551242120847e-01,-9.995609680854505852e-01
7.310353336334941832e-02,1.058488202646011289e-01,1.394113309406904734e-02,2.741941225767505555e-02,-1.664656714449644706e-02,6.206835222491579457e-02,-5.343978184214006472e-02,-1.046261079117264542e-01,-1.920871722017016480e-03,2.962888928186655987e-02
6.838014916572182633e-02,-7.458985545299541553e-02,1.031123719419887730e-01,1.128857979853217508e-01,-9.761170426640101982e-02,1.331305862883161162e-01,8.563518396169755853e-02,-5.136075830691336219e-02,-9.482961525574039319e-02,9.304360981675360853e-02
-9.976593382513260222e-01,9.972142966602018932e-01,-9.946697133986222017e-01,-9.936079692782345818e-01,9.952245752543537050e-01,-9.910985051923593137e-01,-9.963265605552459325e-01,9.986801652712138377e-01,9.954935178445153410e-01,-9.956620343632006653e-01
9.976593382513260222e-01,-9.972142966602018932e-01,-9.946697133986222017e-01,9.936079692782345818e-01,9.952245752543537050e-01,9.910985051923593137e-01,9.963265605552459325e-01,9.986801652712138377e-01,-9.954935178445153410e-01,-9.956620343632006653e-01
6.838014916572182633e-02,-7.458985545299541553e-02,-1.031123719419887730e-01,1.128857979853217508e-01,9.761170426640101982e-02,1.331305862883161162e-01,8.563518396169755853e-02,5.136075830691336219e-02,-9.482961525574039319e-02,-9.304360981675360853e-02
1.788248945600080242e-01,-1.936599578560339319e-01,1.986495269412167364e-01,1.971952098825016098e-01,1.934464477074600286e-01,2.100238579381429882e-01,1.912510385945720981e-01,1.704489467748043496e-01,-1.845306840167032503e-01,-1.923728493896341152e-01
-9.838809161100759981e-01,9.810687135584330587e-01,-9.800705920728521869e-01,-9.803642431256845979e-01,-9.811108356701424560e-01,-9.776962611653881030e-01,-9.815411556508966129e-01,-9.853665087384286814e-01,9.828267531240322263e-01,9.813219078455921451e-01
9.838809161100759981e-01,-9.810687135584330587e-01,-9.800705920728521869e-01,9.803642431256845979e-01,9.811108356701424560e-01,9.776962611653881030e-01,9.815411556508966129e-01,9.853665087384286814e-01,-9.828267531240322263e-01,-9.813219078455921451e-01
1.788248945600080242e-01,-1.936599578560339319e-01,-1.986495269412167364e-01,1.971952098825016098e-01,1.934464477074600286e-01,2.100238579381429882e-01,1.912510385945720981e-01,1.704489467748043496e-01,-1.845306840167032503e-01,-1.923728493896341152e-01
2.502063521807489921e-01,-2.640226967103877498e-01,2.596149104708819211e-01,-2.542873221782284143e-01,2.557556483960324312e-01,2.615408294078703788e-01,2.576795552266279987e-01,2.472412390933606541e-01,-2.466179746226377645e-01,-2.562796112721747455e-01
-9.681925331918250777e-01,9.645164672631434399e-01,-9.657122233156189006e-01,9.671287183097324602e-01,-9.667414588779800200e-01,-9.651924132278719703e-01,-9.662304315318406278e-01,-9.689539564352785961e-01,9.691127770249589046e-01,9.666026902746459593e-01
9.681925331918250777e-01,-9.645164672631434399e-01,-9.657122233156189006e-01,9.671287183097324602e-01,9.667414588779800200e-01,9.651924132278719703e-01,9.662304315318406278e-01,9.689539564352785961e-01,-9.691127770249589046e-01,-9.666026902746459593e-01
2.502063521807489921e-01,-2.640226967103877498e-01,-2.596149104708819211e-01,2.542873221782284143e-01,2.557556483960324312e-01,2.615408294078703788e-01,2.576795552266279987e-01,2.472412390933606541e-01,-2.466179746226377645e-01,-2.562796112721747455e-01
2.800462863462552798e-01,-2.901564384544514930e-01,2.831406674727356965e-01,-2.773869494478439224e-01,2.806875688668211688e-01,2.808081919241363078e-01,2.837963368043527890e-01,2.799296819777697953e-01,-2.734926173169661689e-01,-2.817438844218466132e-01
-9.599864986048872728e-01,9.569792271640111814e-01,-9.590783922198925504e-01,9.607582840007259373e-01,-9.597991918540216272e-01,-9.597639081296490682e-01,-9.588845807585136827e-01,-9.600205066288035605e-01,9.618741020908689876e-01,9.594896474641554374e-01
9.599864986048872728e-01,-9.569792271640111814e-01,-9.590783922198925504e-01,-9.607582840007259373e-01,9.597991918540216272e-01,9.597639081296490682e-01,9.588845807585136827e-01,9.600205066288035605e-01,-9.618741020908689876e-01,-9.594896474641554374e-01
2.800462863462552798e-01,-2.901564384544514930e-01,-2.831406674727356965e-01,-2.773869494478439224e-01,2.806875688668211688e-01,2.808081919241363078e-01,2.837963368043527890e-01,2.799296819777697953e-01,-2.734926173169661689e-01,-2.817438844218466132e-01
2.769378860781088747e-01,-2.834379905879759187e-01,-2.766524259860497770e-01,-2.717892602949888992e-01,2.753027792116554684e-01,2.728354503931615382e-01,2.783016715128662777e-01,2.780838616831719512e-01,-2.703381275491131830e-01,-2.763737158880832934e-01
-9.608878224093529985e-01,9.589905659032575969e-01,9.609700490629419223e-01,9.623567934962079518e-01,-9.613575712284883057e-01,-9.620607137851334700e-01,-9.604937166026359385e-01,-9.605567999193875828e-01,9.627654422512470500e-01,9.610502427897370525e-01
-9.608878224093529985e-01,-9.589905659032575969e-01,-9.609700490629419223e-01,-9.623567934962079518e-01,9.613575712284883057e-01,-9.620607137851334700e-01,-9.604937166026359385e-01,-9.605567999193875828e-01,-9.627654422512470500e-01,-9.610502427897370525e-01
-2.769378860781088747e-01,-2.834379905879759187e-01,-2.766524259860497770e-01,-2.717892602949888992e-01,2.753027792116554684e-01,-2.728354503931615382e-01,-2.783016715128662777e-01,-2.780838616831719512e-01,-2.703381275491131830e-01,-2.763737158880832934e-01
2.533510173599243243e-01,-2.570598845034890445e-01,-2.514468657016994957e-01,-2.477819004323630059e-01,2.508636237064452157e-01,2.474612036370056334e-01,2.533137065598515814e-01,2.549290119478453964e-01,-2.477660006274084170e-01,-2.517493294261485826e-01
-9.673744166571138781e-01,9.663954758684734081e-01,9.678711038814992174e-01,9.688158389591525754e-01,-9.680224389449199052e-01,-9.688978030187312962e-01,-9.673841874193050971e-01,-9.669597710697666049e-01,9.688199053142431127e-01,9.677924752411978249e-01
-9.673744166571138781e-01,-9.663954758684734081e-01,-9.678711038814992174e-01,-9.688158389591525754e-01,-9.680224389449199052e-01,-9.688978030187312962e-01,-9.673841874193050971e-01,-9.669597710697666049e-01,-9.688199053142431127e-01,-9.677924752411978249e-01
-2.533510173599243243e-01,-2.570598845034890445e-01,-2.514468657016994957e-01,-2.477819004323630059e-01,-2.508636237064452157e-01,-2.474612036370056334e-01,-2.533137065598515814e-01,-2.549290119478453964e-01,-2.477660006274084170e-01,-2.517493294261485826e-01
-2.207638983716457837e-01,-2.224970561090288401e-01,-2.181713735788256003e-01,-2.156045261695270221e-01,2.180899293853009735e-01,-2.145275707612346872e-01,-2.199433383917690221e-01,2.223972951291329214e-01,-2.163909520324473756e-01,-2.187522998023490872e-01
9.753272790072847753e-01,9.749333618370107368e-01,9.759104732252483760e-01,9.764807669868432738e-01,-9.759286770562254354e-01,9.767179333785591666e-01,9.755126487632458376e-01,-9.749561236892895222e-01,9.763067939323637479e-01,9.757804216785574969e-01
-9.753272790072847753e-01,-9.749333618370107368e-01,-9.759104732252483760e-01,-9.764807669868432738e-01,-9.759286770562254354e-01,-9.767179333785591666e-01,-9.755126487632458376e-01,-9.749561236892895222e-01,-9.763067939323637479e-01,-9.757804216785574969e-01
-2.207638983716457837e-01,-2.224970561090288401e-01,-2.181713735788256003e-01,-2.156045261695270221e-01,-2.180899293853009735e-01,-2.145275707612346872e-01,-2.199433383917690221e-01,-2.223972951291329214e-01,-2.163909520324473756e-01,-2.187522998023490872e-01
1.870744956229890010e-01,-1.874100070176442923e-01,-1.841934655319146241e-01,1.825224145960640532e-01,1.844472118829472707e-01,1.809980038872205099e-01,1.857958508571471712e-01,1.886363906489673115e-01,-1.837850815258239567e-01,-1.849138653795438236e-01
-9.823457299176314717e-01,9.822817769202717431e-01,9.828900077095826804e-01,-9.832016925178794775e-01,-9.828424217689257780e-01,-9.834834633021756201e-01,-9.825883684454385092e-01,-9.820470009744596274e-01,9.829664510086527640e-01,9.827547315532988437e-01
-9.823457299176314717e-01,9.822817769202717431e-01,-9.828900077095826804e-01,-9.832016925178794775e-01,9.828424217689257780e-01,-9.834834633021756201e-01,9.825883684454385092e-01,9.820470009744596274e-01,9.829664510086527640e-01,-9.827547315532988437e-01
-1.870744956229890010e-01,1.874100070176442923e-01,-1.841934655319146241e-01,-1.825224145960640532e-01,1.844472118829472707e-01,-1.809980038872205099e-01,1.857958508571471712e-01,1.886363906489673115e-01,1.837850815258239567e-01,-1.849138653795438236e-01
1.561524184145607341e-01,-1.553748324594829422e-01,-1.530783729552005756e-01,1.521555979704456441e-01,1.535928159432592144e-01,1.502854419088021642e-01,1.545340794233469872e-01,1.576336843404697874e-01,-1.537846948761454058e-01,-1.539003739940749682e-01
-9.877329711127817991e-01,9.878555873396616116e-01,9.882140515765743816e-01,-9.883565520631996115e-01,-9.881342251387814635e-01,-9.886426482558174911e-01,-9.879874585726170499e-01,-9.874976564839277327e-01,9.881043809344490780e-01,9.880863701541905408e-01
-9.877329711127817991e-01,9.878555873396616116e-01,-9.882140515765743816e-01,-9.883565520631996115e-01,9.881342251387814635e-01,-9.886426482558174911e-01,9.879874585726170499e-01,9.874976564839277327e-01,9.881043809344490780e-01,-9.880863701541905408e-01
-1.561524184145607341e-01,1.553748324594829422e-01,-1.530783729552005756e-01,-1.521555979704456441e-01,1.535928159432592144e-01,-1.502854419088021642e-01,1.545340794233469872e-01,1.576336843404697874e-01,1.537846948761454058e-01,-1.539003739940749682e-01
-1.290312034375450667e-01,-1.271391886474581012e-01,-1.257040697374586513e-01,1.255119567829853788e-01,1.264814191786583497e-01,-1.232635048120317850e-01,1.270552589086488549e-01,-1.304610932243740473e-01,-1.275427723049755713e-01,-1.266483396598728495e-01
9.916405339332692304e-01,9.918848858159227122e-01,9.920677833955905411e-01,-9.920921069661353675e-01,-9.919689766331165615e-01,9.923739760702384727e-01,-9.918956402684994123e-01,9.914534296449335482e-01,9.918330712538081517e-01,9.919476790947180378e-01
-9.916405339332692304e-01,9.918848858159227122e-01,-9.920677833955905411e-01,-9.920921069661353675e-01,9.919689766331165615e-01,-9.923739760702384727e-01,-9.918956402684994123e-01,-9.914534296449335482e-01,9.918330712538081517e-01,9.919476790947180378e-01
-1.290312034375450667e-01,1.271391886474581012e-01,-1.257040697374586513e-01,-1.255119567829853788e-01,1.264814191786583497e-01,-1.232635048120317850e-01,-1.270552589086488549e-01,-1.304610932243740473e-01,1.275427723049755713e-01,1.266483396598728495e-01
-1.054485356421071551e-01,-1.021408341398412495e-01,-1.017252851618143383e-01,-1.024284915736247553e-01,1.028388993437159005e-01,-9.966903956920176999e-02,1.029948254632309518e-01,-1.068527456050265972e-01,-1.050140593118016608e-01,-1.028541551367703061e-01
9.944247615234323989e-01,9.947699482801124482e-01,9.948125282477837672e-01,9.947403702041811568e-01,-9.946980249210175540e-01,9.950206442840031640e-01,-9.946818918266275844e-01,9.942748567456924924e-01,9.944707373004281203e-01,9.946964475512622972e-01
-9.944247615234323989e-01,9.947699482801124482e-01,-9.948125282477837672e-01,-9.947403702041811568e-01,-9.946980249210175540e-01,-9.950206442840031640e-01,-9.946818918266275844e-01,-9.942748567456924924e-01,9.944707373004281203e-01,9.946964475512622972e-01
-1.054485356421071551e-01,1.021408341398412495e-01,-1.017252851618143383e-01,-1.024284915736247553e-01,-1.028388993437159005e-01,-9.966903956920176999e-02,-1.029948254632309518e-01,-1.068527456050265972e-01,1.050140593118016608e-01,1.028541551367703061e-01
-8.467266346187209136e-02,-7.920265171002908999e-02,-8.030867152145351739e-02,-8.236049400477510329e-02,8.193413134761709515e-02,-7.881951674764406390e-02,-8.148413828084155597e-02,-8.605851334633927985e-02,-8.582434179417737508e-02,-8.174490331186434755e-02
9.964088217505266964e-01,9.968585355817042304e-01,9.967700423259417963e-01,9.966026033616856017e-01,-9.966377466864837498e-01,9.968889024257757692e-01,9.966746385900607796e-01,9.962900844034419112e-01,9.963102841763685769e-01,9.966532851410936367e-01
-9.964088217505266964e-01,9.968585355817042304e-01,-9.967700423259417963e-01,-9.966026033616856017e-01,-9.966377466864837498e-01,-9.968889024257757692e-01,-9.966746385900607796e-01,-9.962900844034419112e-01,9.963102841763685769e-01,9.966532851410936367e-01
-8.467266346187209136e-02,7.920265171002908999e-02,-8.030867152145351739e-02,-8.236049400477510329e-02,-8.193413134761709515e-02,-7.881951674764406390e-02,-8.148413828084155597e-02,-8.605851334633927985e-02,8.582434179417737508e-02,8.174490331186434755e-02
-6.414940620358390577e-02,-5.461940659520284763e-02,-5.850407360399610679e-02,-6.305978154111685496e-02,-6.110016203065756629e-02,-5.802376632335205786e-02,-5.955572445387756486e-02,-6.554223402506942353e-02,-6.823511060520767724e-02,-6.056248635642913491e-02
9.979403056715003828e-01,9.985072460544228701e-01,9.982871697922089949e-01,9.980097514313109874e-01,9.981316397148359831e-01,9.983152019986737402e-01,9.982249824988220777e-01,9.978497960910763798e-01,9.976692686861187154e-01,9.981644079240292733e-01
-9.979403056715003828e-01,9.985072460544228701e-01,-9.982871697922089949e-01,9.980097514313109874e-01,-9.981316397148359831e-01,-9.983152019986737402e-01,-9.982249824988220777e-01,-9.978497960910763798e-01,9.976692686861187154e-01,9.981644079240292733e-01
-6.414940620358390577e-02,5.461940659520284763e-02,-5.850407360399610679e-02,6.305978154111685496e-02,-6.110016203065756629e-02,-5.802376632335205786e-02,-5.955572445387756486e-02,-6.554223402506942353e-02,6.823511060520767724e-02,6.056248635642913491e-02
-2.452633321148690176e-02,-2.884851744690071669e-03,-1.381196097327437242e-02,-2.549574620216571441e-02,-1.952705028649459260e-02,-1.511132505743501692e-02,-1.516962725703358168e-02,-2.652431689886023888e-02,-3.650150536883279423e-02,-1.808743102840850228e-02
9.996991842445401844e-01,9.999958388065478543e-01,9.999046103174404898e-01,9.996749306277488145e-01,9.998093289758345215e-01,9.998858174086721062e-01,9.998849345844164072e-01,9.996481684137920043e-01,9.993335980070965352e-01,9.998364090383948799e-01
-9.996991842445401844e-01,9.999958388065478543e-01,-9.999046103174404898e-01,9.996749306277488145e-01,-9.998093289758345215e-01,-9.998858174086721062e-01,-9.998849345844164072e-01,-9.996481684137920043e-01,9.993335980070965352e-01,9.998364090383948799e-01
-2.452633321148690176e-02,2.884851744690071669e-03,-1.381196097327437242e-02,2.549574620216571441e-02,-1.952705028649459260e-02,-1.511132505743501692e-02,-1.516962725703358168e-02,-2.652431689886023888e-02,3.650150536883279423e-02,1.808743102840850228e-02
-8.977168607436003533e-01,8.685268053328513149e-01,-9.112282272253108273e-01,9.350046480470228794e-01,-9.152954904098778988e-01,-9.347525889721260972e-01,-8.986869983191871913e-01,-8.827460566383301677e-01,9.394713189953406429e-01,9.110922308102742395e-01
-4.405728520195666964e-01,4.956421979798646960e-01,-4.119018304254268847e-01,3.546354580840203052e-01,-4.027830250089259323e-01,-3.552993067962667006e-01,-4.385905596932625494e-01,-4.698504011805014202e-01,3.426275540366751637e-01,4.122025557382656968e-01
-4.405728520195666964e-01,-4.956421979798646960e-01,-4.119018304254268847e-01,-3.546354580840203052e-01,-4.027830250089259323e-01,-3.552993067962667006e-01,-4.385905596932625494e-01,-4.698504011805014202e-01,-3.426275540366751637e-01,-4.122025557382656968e-01
8.977168607436003533e-01,8.685268053328513149e-01,9.112282272253108273e-01,9.350046480470228794e-01,9.152954904098778988e-01,9.347525889721260972e-01,8.986869983191871913e-01,8.827460566383301677e-01,9.394713189953406429e-01,9.110922308102742395e-01
-9.848390659680669179e-01,9.820575763815987402e-01,-9.847614275826167551e-01,9.865731672580904110e-01,-9.852814168859798105e-01,-9.861239724341728241e-01,-9.842715676023734428e-01,-9.844597691556453700e-01,9.873084909658440544e-01,9.850072147643207376e-01
-1.734704993454095345e-01,1.885813264125070499e-01,-1.739106976164684348e-01,1.633198874795722677e-01,-1.709401343721129729e-01,-1.660105749361976135e-01,-1.766620536775416195e-01,-1.756102585671271421e-01,1.588141796778481385e-01,1.725131498241084249e-01
-1.734704993454095345e-01,-1.885813264125070499e-01,-1.739106976164684348e-01,-1.633198874795722677e-01,-1.709401343721129729e-01,-1.660105749361976135e-01,-1.766620536775416195e-01,-1.756102585671271421e-01,-1.588141796778481385e-01,-1.725131498241084249e-01
9.848390659680669179e-01,9.820575763815987402e-01,9.847614275826167551e-01,9.865731672580904110e-01,9.852814168859798105e-01,9.861239724341728241e-01,9.842715676023734428e-01,9.844597691556453700e-01,9.873084909658440544e-01,9.850072147643207376e-01
-9.850408234949125097e-01,9.836876734576059933e-01,-9.850523010496936571e-01,9.859899513583149089e-01,-9.853075855253158322e-01,-9.857970674784027887e-01,-9.847853659897554124e-01,-9.848320052227385046e-01,9.863467476938971856e-01,9.851664298318143498e-01
-1.723211421981206692e-01,1.798848550811392166e-01,-1.722555200761464178e-01,1.668047236154532043e-01,-1.707892324072930734e-01,-1.679408876687908392e-01,-1.737750929576020731e-01,-1.735105803372229694e-01,1.646817941172347421e-01,1.716015895393654955e-01
-1.723211421981206692e-01,-1.798848550811392166e-01,-1.722555200761464178e-01,-1.668047236154532043e-01,-1.707892324072930734e-01,-1.679408876687908392e-01,-1.737750929576020731e-01,-1.735105803372229694e-01,-1.646817941172347421e-01,-1.716015895393654955e-01
9.850408234949125097e-01,9.836876734576059933e-01,9.850523010496936571e-01,9.859899513583149089e-01,9.853075855253158322e-01,9.857970674784027887e-01,9.847853659897554124e-01,9.848320052227385046e-01,9.863467476938971856e-01,9.851664298318143498e-01
-9.814221522420933930e-01,9.805048252945025578e-01,-9.814693050471522406e-01,9.821312098890420117e-01,-9.816408049332735475e-01,-9.820243958075786095e-01,-9.812668465887147695e-01,-9.812618267545477613e-01,9.823634253529320848e-01,9.815403930177655223e-01
-1.918607804854790544e-01,1.964950064866718416e-01,-1.916194229462663268e-01,1.881974669380186149e-01,-1.907389055488021290e-01,-1.887540358211187430e-01,-1.926535122592877292e-01,-1.926790786627547158e-01,1.869815513061494905e-01,1.912549525490262747e-01
-1.918607804854790544e-01,-1.964950064866718416e-01,-1.916194229462663268e-01,-1.881974669380186149e-01,-1.907389055488021290e-01,-1.887540358211187430e-01,-1.926535122592877292e-01,-1.926790786627547158e-01,-1.869815513061494905e-01,-1.912549525490262747e-01
9.814221522420933930e-01,9.805048252945025578e-01,9.814693050471522406e-01,9.821312098890420117e-01,9.816408049332735475e-01,9.820243958075786095e-01,9.812668465887147695e-01,9.812618267545477613e-01,9.823634253529320848e-01,9.815403930177655223e-01
-9.758283185142183624e-01,9.751328559061150925e-01,-9.758872172769401665e-01,9.764013927204220344e-01,-9.760158880388066782e-01,-9.763359215829456872e-01,-9.757214934662745698e-01,-9.756965004921717144e-01,9.765705220325185953e-01,9.759372120398207562e-01
-2.185385384450835300e-01,2.216211030844850438e-01,-2.182753745970224257e-01,2.159637013333957911e-01,-2.176993024697588819e-01,-2.162594928015419693e-01,-2.190149930665545031e-01,-2.191263081588556427e-01,2.151976196363107330e-01,2.180517327515230919e-01
-2.185385384450835300e-01,-2.216211030844850438e-01,-2.182753745970224257e-01,-2.159637013333957911e-01,-2.176993024697588819e-01,-2.162594928015419693e-01,-2.190149930665545031e-01,-2.191263081588556427e-01,-2.151976196363107330e-01,-2.180517327515230919e-01
9.758283185142183624e-01,9.751328559061150925e-01,9.758872172769401665e-01,9.764013927204220344e-01,9.760158880388066782e-01,9.763359215829456872e-01,9.757214934662745698e-01,9.756965004921717144e-01,9.765705220325185953e-01,9.759372120398207562e-01
-9.687683548206496020e-01,9.682178165911238255e-01,-9.688275962944026265e-01,9.692400142629373772e-01,-9.689283292086462440e-01,-9.691976667912409749e-01,-9.686902059057341807e-01,-9.686589150485939159e-01,9.693697453036930201e-01,9.688649237336439679e-01
-2.479674871794529112e-01,2.501084957283876697e-01,-2.477359252478536777e-01,2.461174409739805835e-01,-2.473416520866250357e-01,-2.462841502947651917e-01,-2.482726021580035081e-01,-2.483946583501363270e-01,2.456059789375115709e-01,2.475899019721930494e-01
-2.479674871794529112e-01,-2.501084957283876697e-01,-2.477359252478536777e-01,-2.461174409739805835e-01,-2.473416520866250357e-01,-2.462841502947651917e-01,-2.482726021580035081e-01,-2.483946583501363270e-01,-2.456059789375115709e-01,-2.475899019721930494e-01
9.687683548206496020e-01,9.682178165911238255e-01,9.688275962944026265e-01,9.692400142629373772e-01,9.689283292086462440e-01,9.691976667912409749e-01,9.686902059057341807e-01,9.686589150485939159e-01,9.693697453036930201e-01,9.688649237336439679e-01
-9.605716470870172552e-01,9.601280655071986470e-01,-9.606257798844762830e-01,9.609599441829735911e-01,-9.607057384621355833e-01,-9.609315522101088414e-01,-9.605125648858825471e-01,-9.604811773106838313e-01,9.610620448789218839e-01,9.606545065277326545e-01
-2.780325714957421757e-01,2.795605441141589820e-01,-2.778454804767244712e-01,2.766875235276362033e-01,-2.775688816959178684e-01,-2.767861123088922182e-01,-2.782366127890851804e-01,-2.783449443260697653e-01,2.763326725038959264e-01,2.777461414456706690e-01
-2.780325714957421757e-01,-2.795605441141589820e-01,-2.778454804767244712e-01,-2.766875235276362033e-01,2.775688816959178684e-01,-2.767861123088922182e-01,-2.782366127890851804e-01,-2.783449443260697653e-01,-2.763326725038959264e-01,-2.777461414456706690e-01
9.605716470870172552e-01,9.601280655071986470e-01,9.606257798844762830e-01,9.609599441829735911e-01,-9.607057384621355833e-01,9.609315522101088414e-01,9.605125648858825471e-01,9.604811773106838313e-01,9.610620448789218839e-01,9.606545065277326545e-01
-9.514825264172692698e-01,9.511220988447831592e-01,-9.515293605863656135e-01,9.518010194265925650e-01,-9.515928170734361258e-01,-9.517814425458956951e-01,-9.514371032528693428e-01,-9.514081127402099769e-01,9.518824311646582048e-01,9.515517541274469693e-01
-3.077027817921222375e-01,3.088150791154710140e-01,-3.075579229057548436e-01,3.067161870826176084e-01,-3.073615306023866345e-01,-3.067769313772693018e-01,-3.078432044950620838e-01,-3.079327897644419942e-01,3.064634354047148790e-01,3.074886326630282274e-01
-3.077027817921222375e-01,-3.088150791154710140e-01,-3.075579229057548436e-01,-3.067161870826176084e-01,3.073615306023866345e-01,-3.067769313772693018e-01,3.078432044950620838e-01,3.079327897644419942e-01,-3.064634354047148790e-01,-3.074886326630282274e-01
9.514825264172692698e-01,9.511220988447831592e-01,9.515293605863656135e-01,9.518010194265925650e-01,-9.515928170734361258e-01,9.517814425458956951e-01,-9.514371032528693428e-01,-9.514081127402099769e-01,9.518824311646582048e-01,9.515517541274469693e-01
-9.416572091577939396e-01,9.413626230377359905e-01,-9.416963019568035387e-01,9.419176486826263961e-01,-9.417462203487526606e-01,-9.419038132126256180e-01,-9.416220649931655862e-01,-9.415961076836235621e-01,9.419829866321296485e-01,9.417137688873840062e-01
-3.365734696038213958e-01,3.373965203547799607e-01,-3.364640766573462893e-01,3.358439266983883620e-01,-3.363243322432064031e-01,-3.358827275337561424e-01,-3.366717789153209628e-01,-3.367443689136462304e-01,3.356606216040439739e-01,3.364151861731554116e-01
3.365734696038213958e-01,-3.373965203547799607e-01,-3.364640766573462893e-01,-3.358439266983883620e-01,3.363243322432064031e-01,3.358827275337561424e-01,3.366717789153209628e-01,3.367443689136462304e-01,-3.356606216040439739e-01,-3.364151861731554116e-01
-9.416572091577939396e-01,9.413626230377359905e-01,9.416963019568035387e-01,9.419176486826263961e-01,-9.417462203487526606e-01,-9.419038132126256180e-01,-9.416220649931655862e-01,-9.415961076836235621e-01,9.419829866321296485e-01,9.417137688873840062e-01
-9.311672740309405727e-01,9.309250533086929069e-01,-9.311990214420048373e-01,9.313799563383061697e-01,-9.312376384222431636e-01,-9.313699361427167922e-01,-9.311401292403606034e-01,-9.311169864979979005e-01,9.314325353588680523e-01,9.312125087258370515e-01
-3.645922486474273416e-01,3.652102752144408271e-01,-3.645111554746338633e-01,3.640485914424818614e-01,-3.644124871430222679e-01,-3.640742260164972488e-01,-3.646615687431902786e-01,-3.647206567427832558e-01,3.639140448992740917e-01,3.644766982847227887e-01
3.645922486474273416e-01,3.652102752144408271e-01,-3.645111554746338633e-01,-3.640485914424818614e-01,3.644124871430222679e-01,3.640742260164972488e-01,3.646615687431902786e-01,3.647206567427832558e-01,-3.639140448992740917e-01,-3.644766982847227887e-01
-9.311672740309405727e-01,-9.309250533086929069e-01,9.311990214420048373e-01,9.313799563383061697e-01,-9.312376384222431636e-01,-9.313699361427167922e-01,-9.311401292403606034e-01,-9.311169864979979005e-01,9.314325353588680523e-01,9.312125087258370515e-01
-9.200162055501793779e-01,9.198156331004753161e-01,-9.200413293626423794e-01,9.201899186979969336e-01,-9.200703947757410406e-01,-9.201824603293289329e-01,-9.199954405075305708e-01,-9.199745671690178206e-01,9.202322274859408013e-01,9.200515137179444691e-01
-3.918803153069189138e-01,3.923508647931999160e-01,-3.918213269650105413e-01,3.914722385132484161e-01,-3.917530710246087677e-01,-3.914897696010241623e-01,-3.919290617514282205e-01,-3.919780552048522382e-01,3.913727730645860103e-01,3.917974120707272134e-01
3.918803153069189138e-01,3.923508647931999160e-01,-3.918213269650105413e-01,-3.914722385132484161e-01,3.917530710246087677e-01,3.914897696010241623e-01,3.919290617514282205e-01,3.919780552048522382e-01,-3.913727730645860103e-01,-3.917974120707272134e-01
-9.200162055501793779e-01,-9.198156331004753161e-01,9.200413293626423794e-01,9.201899186979969336e-01,-9.200703947757410406e-01,-9.201824603293289329e-01,-9.199954405075305708e-01,-9.199745671690178206e-01,9.202322274859408013e-01,9.200515137179444691e-01
-9.081611256581050284e-01,9.079936627147097150e-01,-9.081804110927136353e-01,9.083031626019656413e-01,-9.082013103721101599e-01,-9.082974254027522676e-01,-9.081455503933145712e-01,-9.081263329234341430e-01,9.083371130514321656e-01,9.081877959353429342e-01
-4.186207948052789729e-01,4.189839000127882906e-01,-4.185789542099193628e-01,4.183125205002442004e-01,-4.185336065818155427e-01,-4.183249777466455654e-01,-4.186545823239295472e-01,-4.186962663447524879e-01,4.182387942950650528e-01,4.185629311275710918e-01
4.186207948052789729e-01,4.189839000127882906e-01,-4.185789542099193628e-01,-4.183125205002442004e-01,4.185336065818155427e-01,4.183249777466455654e-01,4.186545823239295472e-01,4.186962663447524879e-01,-4.182387942950650528e-01,-4.185629311275710918e-01
-9.081611256581050284e-01,-9.079936627147097150e-01,9.081804110927136353e-01,9.083031626019656413e-01,-9.082013103721101599e-01,-9.082974254027522676e-01,-9.081455503933145712e-01,-9.081263329234341430e-01,9.083371130514321656e-01,9.081877959353429342e-01
-8.955339012888796635e-01,8.953927736447317987e-01,-8.955480802441536659e-01,8.956501870516881958e-01,-8.955619157242619144e-01,-8.956455942736880615e-01,-8.955226218152895212e-01,-8.955044922509310945e-01,8.956772655984645004e-01,8.955530507302787990e-01
-4.449932939296041834e-01,4.452771955813525917e-01,-4.449647581224956405e-01,4.447591960086670904e-01,-4.449369113754104710e-01,-4.447684447643874828e-01,-4.450159927655070180e-01,-4.450524737133836339e-01,4.447046614215524052e-01,4.449547542477670370e-01
4.449932939296041834e-01,4.452771955813525917e-01,4.449647581224956405e-01,4.447591960086670904e-01,4.449369113754104710e-01,4.447684447643874828e-01,4.450159927655070180e-01,4.450524737133836339e-01,-4.447046614215524052e-01,-4.449547542477670370e-01
-8.955339012888796635e-01,-8.953927736447317987e-01,-8.955480802441536659e-01,-8.956501870516881958e-01,-8.955619157242619144e-01,-8.956455942736880615e-01,-8.955226218152895212e-01,-8.955044922509310945e-01,8.956772655984645004e-01,8.955530507302787990e-01
-8.820596199464394438e-01,8.819394805897167178e-01,-8.820693323660123708e-01,8.821549038815054145e-01,-8.820769892212514396e-01,-8.821510538613237529e-01,-8.820519520470114783e-01,-8.820344312191255032e-01,8.821762758314581898e-01,8.820721908172769465e-01
-4.711378002877107396e-01,4.713626550514379288e-01,-4.711196163389687608e-01,4.709593672046581414e-01,-4.711052802573670872e-01,-4.709665786139774490e-01,-4.711521557735425247e-01,-4.711849553455137452e-01,4.709193331772854596e-01,4.711142644696818538e-01
4.711378002877107396e-01,4.713626550514379288e-01,4.711196163389687608e-01,4.709593672046581414e-01,4.711052802573670872e-01,4.709665786139774490e-01,4.711521557735425247e-01,4.711849553455137452e-01,-4.709193331772854596e-01,-4.711142644696818538e-01
-8.820596199464394438e-01,-8.819394805897167178e-01,-8.820693323660123708e-01,-8.821549038815054145e-01,-8.820769892212514396e-01,-8.821510538613237529e-01,-8.820519520470114783e-01,-8.820344312191255032e-01,8.821762758314581898e-01,8.820721908172769465e-01
-8.676727149763148184e-01,8.675693625745981574e-01,-8.676785092647191222e-01,8.677507800515354974e-01,-8.676807142819943364e-01,-8.677473914218316597e-01,-8.676681232093322871e-01,-8.676508329665272301e-01,8.677673680911773824e-01,8.676795010206449499e-01
-4.971358563668793473e-01,4.973161983305042222e-01,-4.971257432080484207e-01,4.969995812070184260e-01,-4.971218945722348237e-01,-4.970054976361995003e-01,-4.971438704906208650e-01,-4.971740460366889103e-01,4.969706177191072771e-01,4.971240122027547059e-01
4.971358563668793473e-01,4.973161983305042222e-01,4.971257432080484207e-01,4.969995812070184260e-01,4.971218945722348237e-01,4.970054976361995003e-01,4.971438704906208650e-01,4.971740460366889103e-01,-4.969706177191072771e-01,-4.971240122027547059e-01
-8.676727149763148184e-01,-8.675693625745981574e-01,-8.676785092647191222e-01,-8.677507800515354974e-01,-8.676807142819943364e-01,-8.677473914218316597e-01,-8.676681232093322871e-01,-8.676508329665272301e-01,8.677673680911773824e-01,8.676795010206449499e-01
-8.523318555322182410e-01,8.522420037132436565e-01,-8.523342071491650795e-01,8.523957160247797038e-01,-8.523315830274538207e-01,-8.523925931815240498e-01,-8.523299068407992340e-01,-8.523125712534946885e-01,8.524082623977350393e-01,8.523335414810212507e-01
-5.230013461216000970e-01,5.231477488308973189e-01,-5.229975136875929520e-01,5.228972588402077681e-01,-5.230017902205638114e-01,-5.229023494776791070e-01,-5.230045218779227900e-01,-5.230327722841625615e-01,5.228768059457925554e-01,5.229985985319847153e-01
5.230013461216000970e-01,5.231477488308973189e-01,5.229975136875929520e-01,5.228972588402077681e-01,5.230017902205638114e-01,5.229023494776791070e-01,5.230045218779227900e-01,5.230327722841625615e-01,-5.228768059457925554e-01,-5.229985985319847153e-01
-8.523318555322182410e-01,-8.522420037132436565e-01,-8.523342071491650795e-01,-8.523957160247797038e-01,-8.523315830274538207e-01,-8.523925931815240498e-01,-8.523299068407992340e-01,-8.523125712534946885e-01,8.524082623977350393e-01,8.523335414810212507e-01
-8.360347370653382626e-01,8.359558303289504888e-01,-8.360340748478196637e-01,-8.360868122136749792e-01,-8.360271911773073938e-01,-8.360838234111932499e-01,-8.360350635142932418e-01,-8.360175083677298113e-01,8.360959294266675501e-01,8.360319431561562542e-01
-5.486765152802611789e-01,5.487967289798973969e-01,-5.486775243194771390e-01,-5.485971586167532887e-01,-5.486880130020902469e-01,-5.486017136594822929e-01,-5.486760178599496829e-01,-5.487027662611269063e-01,5.485832633212182063e-01,5.486807724192107605e-01
5.486765152802611789e-01,5.487967289798973969e-01,5.486775243194771390e-01,5.485971586167532887e-01,5.486880130020902469e-01,5.486017136594822929e-01,5.486760178599496829e-01,5.487027662611269063e-01,-5.485832633212182063e-01,-5.486807724192107605e-01
-8.360347370653382626e-01,-8.359558303289504888e-01,-8.360340748478196637e-01,-8.360868122136749792e-01,-8.360271911773073938e-01,-8.360838234111932499e-01,-8.360350635142932418e-01,-8.360175083677298113e-01,8.360959294266675501e-01,8.360319431561562542e-01
-8.188336016929056438e-01,8.187636723280363737e-01,-8.188303369677908394e-01,-8.188758624685646970e-01,-8.188197586159914332e-01,-8.188729260965236234e-01,-8.188358692550017359e-01,-8.188180236988660265e-01,8.188820754616792374e-01,8.188269293780439106e-01
-5.740309510284477001e-01,5.741306897178618529e-01,-5.740356080080869505e-01,-5.739706628969502011e-01,-5.740506971514358625e-01,-5.739748521547937132e-01,-5.740277164226530449e-01,-5.740531718106636205e-01,5.739617988050883524e-01,5.740404687174276432e-01
5.740309510284477001e-01,5.741306897178618529e-01,5.740356080080869505e-01,5.739706628969502011e-01,5.740506971514358625e-01,5.739748521547937132e-01,5.740277164226530449e-01,5.740531718106636205e-01,-5.739617988050883524e-01,-5.740404687174276432e-01
-8.188336016929056438e-01,-8.187636723280363737e-01,-8.188303369677908394e-01,-8.188758624685646970e-01,-8.188197586159914332e-01,-8.188729260965236234e-01,-8.188358692550017359e-01,-8.188180236988660265e-01,8.188820754616792374e-01,8.188269293780439106e-01
-8.008519622418234229e-01,8.007895218685856520e-01,-8.008465185549008547e-01,-8.008860530736950922e-01,-8.008328520372098858e-01,-8.008831293919600469e-01,-8.008558437600498126e-01,-8.008377453719593975e-01,8.008898348697334191e-01,8.008420395006943249e-01
-5.988623669704257191e-01,5.989458587096851971e-01,-5.988696466832283960e-01,-5.988167749754830238e-01,-5.988879219836950041e-01,-5.988206852266719782e-01,-5.988571762243303231e-01,-5.988813785613615881e-01,5.988117169881792545e-01,5.988756363122216264e-01
5.988623669704257191e-01,5.989458587096851971e-01,-5.988696466832283960e-01,5.988167749754830238e-01,5.988879219836950041e-01,5.988206852266719782e-01,5.988571762243303231e-01,5.988813785613615881e-01,-5.988117169881792545e-01,-5.988756363122216264e-01
-8.008519622418234229e-01,-8.007895218685856520e-01,8.008465185549008547e-01,-8.008860530736950922e-01,-8.008328520372098858e-01,-8.008831293919600469e-01,-8.008558437600498126e-01,-8.008377453719593975e-01,8.008898348697334191e-01,8.008420395006943249e-01
-7.823027767684759270e-01,-7.822467364006063795e-01,-7.822956194665550145e-01,-7.823301158605600047e-01,-7.822795579430499302e-01,-7.823272024719988282e-01,-7.823079278141481518e-01,-7.822897312756001975e-01,7.823319182315455755e-01,7.822903026478901234e-01
-6.228983588518532954e-01,-6.229687338788362228e-01,-6.229073476556837852e-01,-6.228640219322373328e-01,-6.229275184356735107e-01,-6.228676811910665023e-01,-6.228918895596036176e-01,-6.229147424333040250e-01,6.228617581102168232e-01,6.229140248726723339e-01
6.228983588518532954e-01,6.229687338788362228e-01,-6.229073476556837852e-01,6.228640219322373328e-01,6.229275184356735107e-01,6.228676811910665023e-01,6.228918895596036176e-01,6.229147424333040250e-01,-6.228617581102168232e-01,-6.229140248726723339e-01
-7.823027767684759270e-01,-7.822467364006063795e-01,7.822956194665550145e-01,-7.823301158605600047e-01,-7.822795579430499302e-01,-7.823272024719988282e-01,-7.823079278141481518e-01,-7.822897312756001975e-01,7.823319182315455755e-01,7.822903026478901234e-01
-7.635083938206962406e-01,-7.634580074238130898e-01,-7.635000596758801938e-01,-7.635302562238441837e-01,-7.634824277603847742e-01,-7.635273862397243816e-01,-7.635144302994344434e-01,-7.634964198229570176e-01,7.635305367672232668e-01,7.634941828654827622e-01
-6.457979038099616043e-01,-6.458574694934331450e-01,-6.458077569021041242e-01,-6.457720556285716507e-01,-6.458286014889004223e-01,-6.457754489464080372e-01,-6.457907669861268074e-01,-6.458120600589050131e-01,6.457717239272373622e-01,6.458147046410205316e-01
6.457979038099616043e-01,6.458574694934331450e-01,-6.458077569021041242e-01,-6.457720556285716507e-01,6.458286014889004223e-01,-6.457754489464080372e-01,6.457907669861268074e-01,6.458120600589050131e-01,-6.457717239272373622e-01,-6.458147046410205316e-01
-7.635083938206962406e-01,-7.634580074238130898e-01,7.635000596758801938e-01,7.635302562238441837e-01,-7.634824277603847742e-01,7.635273862397243816e-01,-7.635144302994344434e-01,-7.634964198229570176e-01,7.635305367672232668e-01,7.634941828654827622e-01
-7.449231864492033006e-01,-7.448780147194624668e-01,-7.449143146380079461e-01,-7.449407743222560274e-01,-7.448961156743187928e-01,-7.449380167497434702e-01,-7.449296624176512394e-01,-7.449122688929433744e-01,7.449400216054170576e-01,7.449082152744994634e-01
-6.671502426667966779e-01,-6.672006768488715212e-01,-6.671601485755777050e-01,-6.671306039690861889e-01,-6.671804679794755000e-01,-6.671336831557518332e-01,-6.671430116926386766e-01,-6.671624327349129358e-01,6.671314444774139041e-01,6.671669587266442214e-01
6.671502426667966779e-01,-6.672006768488715212e-01,-6.671601485755777050e-01,-6.671306039690861889e-01,6.671804679794755000e-01,-6.671336831557518332e-01,6.671430116926386766e-01,6.671624327349129358e-01,-6.671314444774139041e-01,-6.671669587266442214e-01
-7.449231864492033006e-01,7.448780147194624668e-01,7.449143146380079461e-01,7.449407743222560274e-01,-7.448961156743187928e-01,7.449380167497434702e-01,-7.449296624176512394e-01,-7.449122688929433744e-01,7.449400216054170576e-01,7.449082152744994634e-01
-7.271612276877439385e-01,-7.271211212855454020e-01,-7.271525952646193947e-01,-7.271757329209226350e-01,-7.271350667289790959e-01,-7.271731954466760239e-01,-7.271676107412713419e-01,-7.271514364693970611e-01,7.271744922142800993e-01,7.271466887980843063e-01
-6.864667136487049293e-01,-6.865091951171894413e-01,-6.864758576963421177e-01,-6.864513482038759884e-01,-6.864944244005505292e-01,-6.864540362062635515e-01,-6.864599521376544278e-01,-6.864770851532426832e-01,6.864526625142508554e-01,6.864821140932819699e-01
-6.864667136487049293e-01,-6.865091951171894413e-01,-6.864758576963421177e-01,-6.864513482038759884e-01,-6.864944244005505292e-01,-6.864540362062635515e-01,6.864599521376544278e-01,-6.864770851532426832e-01,-6.864526625142508554e-01,-6.864821140932819699e-01
7.271612276877439385e-01,7.271211212855454020e-01,7.271525952646193947e-01,7.271757329209226350e-01,7.271350667289790959e-01,7.271731954466760239e-01,-7.271676107412713419e-01,7.271514364693970611e-01,7.271744922142800993e-01,7.271466887980843063e-01
-7.110340846680786031e-01,-7.109991897765811641e-01,-7.110266527756066157e-01,-7.110467507963745826e-01,-7.110113408785684319e-01,-7.110445860233001181e-01,-7.110397241102149879e-01,-7.110255814217295578e-01,7.110456546623320495e-01,7.110214576150473142e-01
-7.031575431155010492e-01,-7.031928271370841976e-01,-7.031650581781755394e-01,-7.031447348746332482e-01,-7.031805409296109088e-01,-7.031469239689195350e-01,-7.031518404564334190e-01,-7.031661415084571320e-01,7.031458433254196283e-01,7.031703113833612795e-01
-7.031575431155010492e-01,-7.031928271370841976e-01,-7.031650581781755394e-01,-7.031447348746332482e-01,7.031805409296109088e-01,-7.031469239689195350e-01,7.031518404564334190e-01,7.031661415084571320e-01,-7.031458433254196283e-01,-7.031703113833612795e-01
7.110340846680786031e-01,7.109991897765811641e-01,7.110266527756066157e-01,7.110467507963745826e-01,-7.110113408785684319e-01,7.110445860233001181e-01,-7.110397241102149879e-01,-7.110255814217295578e-01,7.110456546623320495e-01,7.110214576150473142e-01
-6.976085344534105337e-01,-6.975793290351018916e-01,-6.976035166716870739e-01,-6.976207281360906620e-01,-6.975923904646444962e-01,-6.976191456856282169e-01,-6.976126136830057556e-01,-6.976015895390547117e-01,6.976205392528536109e-01,6.975996928296716026e-01
-7.164791222762634249e-01,-7.165075573243711027e-01,-7.164840078656992128e-01,-7.164672495479964542e-01,-7.164948407112383677e-01,-7.164687903690251103e-01,-7.164751504625721523e-01,-7.164858842102783676e-01,7.164674334626506269e-01,7.164877309235295755e-01
7.164791222762634249e-01,7.165075573243711027e-01,-7.164840078656992128e-01,-7.164672495479964542e-01,7.164948407112383677e-01,7.164687903690251103e-01,7.164751504625721523e-01,7.164858842102783676e-01,-7.164674334626506269e-01,-7.164877309235295755e-01
-6.976085344534105337e-01,-6.975793290351018916e-01,6.976035166716870739e-01,6.976207281360906620e-01,-6.975923904646444962e-01,-6.976191456856282169e-01,-6.976126136830057556e-01,-6.976015895390547117e-01,6.976205392528536109e-01,6.975996928296716026e-01
-6.883019371820517929e-01,-6.882793150109824953e-01,-6.883009098294310402e-01,-6.883152451993105325e-01,-6.882965505678213525e-01,-6.883145343119220216e-01,-6.883033953101991287e-01,-6.882969636933123914e-01,6.883169241022806251e-01,6.882993238630119581e-01
-7.254243194651215365e-01,-7.254457833139654754e-01,-7.254252942432993789e-01,-7.254116922315306804e-01,-7.254294303903298102e-01,-7.254123667645611118e-01,-7.254229359514707820e-01,-7.254290384114542301e-01,7.254100991814046440e-01,7.254267990429639212e-01
7.254243194651215365e-01,7.254457833139654754e-01,7.254252942432993789e-01,7.254116922315306804e-01,7.254294303903298102e-01,7.254123667645611118e-01,7.254229359514707820e-01,7.254290384114542301e-01,7.254100991814046440e-01,7.254267990429639212e-01
-6.883019371820517929e-01,-6.882793150109824953e-01,-6.883009098294310402e-01,-6.883152451993105325e-01,-6.882965505678213525e-01,-6.883145343119220216e-01,-6.883033953101991287e-01,-6.882969636933123914e-01,-6.883169241022806251e-01,-6.882993238630119581e-01
-6.850460498721749891e-01,6.850314832437445212e-01,-6.850511371307003161e-01,-6.850624261903931478e-01,-6.850570637003048358e-01,-6.850629971704945698e-01,-6.850434469811228499e-01,-6.850436667697377136e-01,6.850672453024732045e-01,6.850529751055126626e-01
-7.284997663380060606e-01,7.285134638185317701e-01,-7.284949824919417782e-01,-7.284843664912322714e-01,-7.284894093082729949e-01,-7.284838295444716616e-01,-7.285022139624707238e-01,-7.285020072852733675e-01,7.284798345964567101e-01,7.284932541205072498e-01
7.284997663380060606e-01,7.285134638185317701e-01,7.284949824919417782e-01,7.284843664912322714e-01,7.284894093082729949e-01,7.284838295444716616e-01,7.285022139624707238e-01,7.285020072852733675e-01,7.284798345964567101e-01,7.284932541205072498e-01
-6.850460498721749891e-01,-6.850314832437445212e-01,-6.850511371307003161e-01,-6.850624261903931478e-01,-6.850570637003048358e-01,-6.850629971704945698e-01,-6.850434469811228499e-01,-6.850436667697377136e-01,-6.850672453024732045e-01,-6.850529751055126626e-01
-6.905696664259749484e-01,6.905654973401232910e-01,-6.905838490573934507e-01,6.905916627980944744e-01,-6.906050743034339856e-01,-6.905941212633333048e-01,-6.905609519849440492e-01,-6.905708102441102669e-01,6.906014000506254247e-01,6.905908123257931130e-01
-7.232658818251541666e-01,7.232698624188540482e-01,-7.232523400730033192e-01,7.232448791894505735e-01,-7.232320729519317037e-01,-7.232425317115445118e-01,-7.232742022176982255e-01,-7.232647897131402326e-01,7.232355814311932640e-01,7.232456912634884771e-01
-7.232658818251541666e-01,-7.232698624188540482e-01,-7.232523400730033192e-01,-7.232448791894505735e-01,-7.232320729519317037e-01,-7.232425317115445118e-01,-7.232742022176982255e-01,-7.232647897131402326e-01,-7.232355814311932640e-01,-7.232456912634884771e-01
6.905696664259749484e-01,6.905654973401232910e-01,6.905838490573934507e-01,6.905916627980944744e-01,6.906050743034339856e-01,6.905941212633333048e-01,6.905609519849440492e-01,6.905708102441102669e-01,6.906014000506254247e-01,6.905908123257931130e-01
-7.088666619975337868e-01,7.088765744751381881e-01,-7.088942494655552373e-01,7.088977604081014849e-01,-7.089381632508620079e-01,-7.089030315980974217e-01,-7.088488030077513269e-01,-7.088727680710088519e-01,7.089150065642193521e-01,7.089088718959198898e-01
-7.053425093587328831e-01,7.053325472147119468e-01,-7.053147829690422643e-01,7.053112541909265509e-01,-7.052706435734398260e-01,-7.053059561573451486e-01,-7.053604571242124699e-01,-7.053363727239263525e-01,7.052939199142813642e-01,7.053000860252707227e-01
-7.053425093587328831e-01,-7.053325472147119468e-01,-7.053147829690422643e-01,-7.053112541909265509e-01,-7.052706435734398260e-01,-7.053059561573451486e-01,-7.053604571242124699e-01,-7.053363727239263525e-01,-7.052939199142813642e-01,-7.053000860252707227e-01
7.088666619975337868e-01,7.088765744751381881e-01,7.088942494655552373e-01,7.088977604081014849e-01,7.089381632508620079e-01,7.089030315980974217e-01,7.088488030077513269e-01,7.088727680710088519e-01,7.089150065642193521e-01,7.089088718959198898e-01
-7.458379002820402226e-01,7.458674539155738525e-01,-7.458849871920774088e-01,7.458827771195575274e-01,-7.459623168538458415e-01,-7.458922600527125857e-01,-7.458064612762589363e-01,-7.458511091803406989e-01,7.459112722496487047e-01,7.459110015393709547e-01
-6.661274851729789281e-01,6.660943936031133994e-01,-6.660747599792943285e-01,6.660772348582529867e-01,-6.659881544247183704e-01,-6.660666155824479517e-01,-6.661626845738090053e-01,-6.661126953710276855e-01,6.660453242317000422e-01,6.660456274029075141e-01
-6.661274851729789281e-01,-6.660943936031133994e-01,-6.660747599792943285e-01,-6.660772348582529867e-01,-6.659881544247183704e-01,-6.660666155824479517e-01,-6.661626845738090053e-01,-6.661126953710276855e-01,-6.660453242317000422e-01,-6.660456274029075141e-01
7.458379002820402226e-01,7.458674539155738525e-01,7.458849871920774088e-01,7.458827771195575274e-01,7.459623168538458415e-01,7.458922600527125857e-01,7.458064612762589363e-01,7.458511091803406989e-01,7.459112722496487047e-01,7.459110015393709547e-01
-8.093418887814013418e-01,8.093976684316057657e-01,8.094151115697143517e-01,8.094052511027143293e-01,-8.095381039469132789e-01,-8.094206496993812117e-01,-8.092917187041943627e-01,-8.093647240539106891e-01,8.094492600752701827e-01,8.094569005977787501e-01
-5.873378134121399752e-01,5.872609422884178532e-01,5.872369003754676076e-01,5.872504912619078699e-01,-5.870673370730451479e-01,-5.872292668457794740e-01,-5.874069407462013670e-01,-5.873063454936757743e-01,5.871898290702911583e-01,5.871792963606923266e-01
-5.873378134121399752e-01,-5.872609422884178532e-01,-5.872369003754676076e-01,-5.872504912619078699e-01,-5.870673370730451479e-01,-5.872292668457794740e-01,-5.874069407462013670e-01,-5.873063454936757743e-01,-5.871898290702911583e-01,-5.871792963606923266e-01
8.093418887814013418e-01,8.093976684316057657e-01,8.094151115697143517e-01,8.094052511027143293e-01,8.095381039469132789e-01,8.094206496993812117e-01,8.092917187041943627e-01,8.093647240539106891e-01,8.094492600752701827e-01,8.094569005977787501e-01
9.032709215001706315e-01,9.033494272058703034e-01,9.033648042091951824e-01,9.033474978620218421e-01,9.035252835207581157e-01,-9.033680041367360136e-01,-9.032051111773262697e-01,-9.033020032158862733e-01,9.034041683365443554e-01,9.034198772819240775e-01
4.290706729342295689e-01,4.289053652809974859e-01,4.288729771343521846e-01,4.289094287917024073e-01,4.285347850977022088e-01,-4.288662368408244219e-01,-4.292091880926520719e-01,-4.290052342176804978e-01,4.287900519276964251e-01,4.287569536834509587e-01
-4.290706729342295689e-01,-4.289053652809974859e-01,-4.288729771343521846e-01,-4.289094287917024073e-01,-4.285347850977022088e-01,-4.288662368408244219e-01,-4.292091880926520719e-01,-4.290052342176804978e-01,-4.287900519276964251e-01,-4.287569536834509587e-01
9.032709215001706315e-01,9.033494272058703034e-01,9.033648042091951824e-01,9.033474978620218421e-01,9.035252835207581157e-01,9.033680041367360136e-01,9.032051111773262697e-01,9.033020032158862733e-01,9.034041683365443554e-01,9.034198772819240775e-01
-9.924601917249272764e-01,9.924984147906003029e-01,9.925037872357966862e-01,9.924945407859968594e-01,-9.925784391480201307e-01,-9.925041590818188819e-01,-9.924293117495148753e-01,-9.924751217996680142e-01,9.925207946292788908e-01,9.925295892990403379e-01
-1.225674012179437250e-01,1.222575013573618946e-01,1.222138794188306482e-01,1.222889468022081427e-01,-1.216060941667000822e-01,-1.222108596045853868e-01,-1.228171860139466165e-01,-1.224464479220791630e-01,1.220756823796812218e-01,1.220041571663781216e-01
-1.225674012179437250e-01,-1.222575013573618946e-01,-1.222138794188306482e-01,-1.222889468022081427e-01,-1.216060941667000822e-01,-1.222108596045853868e-01,-1.228171860139466165e-01,-1.224464479220791630e-01,-1.220756823796812218e-01,-1.220041571663781216e-01
9.924601917249272764e-01,9.924984147906003029e-01,9.925037872357966862e-01,9.924945407859968594e-01,9.925784391480201307e-01,9.925041590818188819e-01,9.924293117495148753e-01,9.924751217996680142e-01,9.925207946292788908e-01,9.925295892990403379e-01
-9.459406337605203996e-01,-9.458187577883523378e-01,-9.458040384040411475e-01,-9.458345715773944784e-01,-9.455725382944907276e-01,-9.458056096823260761e-01,-9.460354444629482940e-01,-9.458934082308403379e-01,9.457537718574200447e-01,9.457244385607379566e-01
3.243398177849046715e-01,3.246950529584618494e-01,3.247379265478660404e-01,3.246489846110821587e-01,3.254113931983850239e-01,3.247333501404551792e-01,3.240631694898262194e-01,3.244775188906697250e-01,-3.248842917370166616e-01,-3.249696698293193520e-01
3.243398177849046715e-01,3.246950529584618494e-01,3.247379265478660404e-01,3.246489846110821587e-01,3.254113931983850239e-01,3.247333501404551792e-01,3.240631694898262194e-01,3.244775188906697250e-01,3.248842917370166616e-01,3.249696698293193520e-01
9.459406337605203996e-01,9.458187577883523378e-01,9.458040384040411475e-01,9.458345715773944784e-01,9.455725382944907276e-01,9.458056096823260761e-01,9.460354444629482940e-01,9.458934082308403379e-01,9.457537718574200447e-01,9.457244385607379566e-01
-7.324272937310867260e-01,-7.322378667520977880e-01,-7.322166664019719162e-01,-7.322649486128507412e-01,-7.318616472047938526e-01,-7.322210944569031987e-01,-7.325733337936111145e-01,-7.323535048049034657e-01,-7.321410394875776939e-01,-7.320942861404191593e-01
6.808452536353296614e-01,6.810489751070308850e-01,6.810717682030165143e-01,6.810198565629486112e-01,6.814532481034086819e-01,6.810670075934780465e-01,6.806881155231920832e-01,6.809246243160649303e-01,6.811530652489564686e-01,6.812033148778343650e-01
6.808452536353296614e-01,6.810489751070308850e-01,6.810717682030165143e-01,6.810198565629486112e-01,6.814532481034086819e-01,6.810670075934780465e-01,6.806881155231920832e-01,6.809246243160649303e-01,6.811530652489564686e-01,6.812033148778343650e-01
7.324272937310867260e-01,7.322378667520977880e-01,7.322166664019719162e-01,7.322649486128507412e-01,7.318616472047938526e-01,7.322210944569031987e-01,7.325733337936111145e-01,7.323535048049034657e-01,7.321410394875776939e-01,7.320942861404191593e-01
-5.228775274632270209e-01,-5.227381683183653927e-01,-5.227236754902135907e-01,-5.227600921658623889e-01,-5.224583041199964972e-01,-5.227263745394535865e-01,-5.229878442192712473e-01,-5.228221812144434599e-01,-5.226668767949038674e-01,-5.226308414691969162e-01
8.524078198104134696e-01,8.524932887613603238e-01,8.525021754118883299e-01,8.524798449457552385e-01,8.526648347715867216e-01,8.525005204460809338e-01,8.523401403189218017e-01,8.524417674129837197e-01,8.525369997257954413e-01,8.525590909404456852e-01
8.524078198104134696e-01,8.524932887613603238e-01,8.525021754118883299e-01,8.524798449457552385e-01,8.526648347715867216e-01,8.525005204460809338e-01,8.523401403189218017e-01,8.524417674129837197e-01,8.525369997257954413e-01,8.525590909404456852e-01
5.228775274632270209e-01,5.227381683183653927e-01,5.227236754902135907e-01,5.227600921658623889e-01,5.224583041199964972e-01,5.227263745394535865e-01,5.229878442192712473e-01,5.228221812144434599e-01,5.226668767949038674e-01,5.226308414691969162e-01
-3.806705121955070159e-01,-3.805829088858625475e-01,-3.805738533429697257e-01,-3.805972354558350701e-01,-3.804012009294341357e-01,-3.805743028792893390e-01,-3.807432386011215808e-01,-3.806347093835398820e-01,3.805359258076516094e-01,3.805122937473321421e-01
9.247107445816827864e-01,9.247468028947033458e-01,9.247505296844569234e-01,9.247409066129688160e-01,9.248215645904047655e-01,9.247503446811700112e-01,9.246808023634586204e-01,9.247254825149504587e-01,-9.247661375557139074e-01,-9.247758616589989433e-01
9.247107445816827864e-01,9.247468028947033458e-01,9.247505296844569234e-01,9.247409066129688160e-01,9.248215645904047655e-01,9.247503446811700112e-01,9.246808023634586204e-01,9.247254825149504587e-01,9.247661375557139074e-01,9.247758616589989433e-01
3.806705121955070159e-01,3.805829088858625475e-01,3.805738533429697257e-01,3.805972354558350701e-01,3.804012009294341357e-01,3.805743028792893390e-01,3.807432386011215808e-01,3.806347093835398820e-01,3.805359258076516094e-01,3.805122937473321421e-01
-2.886296497940519790e-01,2.885736089729995513e-01,-2.885670151493355817e-01,2.885820105663847723e-01,-2.884511881667849442e-01,-2.885659767196220304e-01,-2.886790336442078275e-01,-2.886059580572777894e-01,2.885403528248974836e-01,2.885250208251461390e-01
9.574408207611386779e-01,-9.574577130110228929e-01,9.574597003361567937e-01,-9.574551807669448023e-01,9.574946015749489225e-01,9.574600133059606444e-01,9.574259321400514500e-01,9.574479625409626493e-01,-9.574677356400494999e-01,-9.574723559235790438e-01
9.574408207611386779e-01,9.574577130110228929e-01,9.574597003361567937e-01,9.574551807669448023e-01,9.574946015749489225e-01,9.574600133059606444e-01,9.574259321400514500e-01,9.574479625409626493e-01,9.574677356400494999e-01,9.574723559235790438e-01
2.886296497940519790e-01,2.885736089729995513e-01,2.885670151493355817e-01,2.885820105663847723e-01,2.884511881667849442e-01,2.885659767196220304e-01,2.886790336442078275e-01,2.886059580572777894e-01,2.885403528248974836e-01,2.885250208251461390e-01
2.247875356881315900e-01,2.247477848030218495e-01,2.247417470631271341e-01,2.247520660737905018e-01,2.246549013163784136e-01,2.247397097381169107e-01,-2.248248513300222240e-01,-2.247701626407977438e-01,2.247204622088983528e-01,2.247099531073174228e-01
-9.744078015898974821e-01,-9.744169709247342270e-01,-9.744183635005105870e-01,-9.744159834462704506e-01,-9.744383896966130054e-01,-9.744188333908714306e-01,9.743991924383113012e-01,9.744118092400303466e-01,-9.744232724358644626e-01,-9.744256959740476010e-01
9.744078015898974821e-01,9.744169709247342270e-01,9.744183635005105870e-01,9.744159834462704506e-01,9.744383896966130054e-01,9.744188333908714306e-01,9.743991924383113012e-01,9.744118092400303466e-01,9.744232724358644626e-01,9.744256959740476010e-01
2.247875356881315900e-01,2.247477848030218495e-01,2.247417470631271341e-01,2.247520660737905018e-01,2.246549013163784136e-01,2.247397097381169107e-01,2.248248513300222240e-01,2.247701626407977438e-01,2.247204622088983528e-01,2.247099531073174228e-01
1.732809862151178104e-01,1.732467862849518536e-01,1.732400595293973333e-01,1.732484287832267156e-01,1.731615310676885289e-01,1.732371350169820412e-01,1.733147942528500685e-01,1.732656796500206819e-01,1.732196310596018640e-01,1.732112681362424078e-01
-9.848724281937819569e-01,-9.848784448052136931e-01,-9.848796280633743683e-01,-9.848781558772351508e-01,-9.848934379709786135e-01,-9.848801424798390158e-01,-9.848664793224979341e-01,-9.848751211475578193e-01,-9.848832212072533565e-01,-9.848846920277696260e-01
9.848724281937819569e-01,9.848784448052136931e-01,9.848796280633743683e-01,9.848781558772351508e-01,9.848934379709786135e-01,9.848801424798390158e-01,9.848664793224979341e-01,9.848751211475578193e-01,9.848832212072533565e-01,9.848846920277696260e-01
1.732809862151178104e-01,1.732467862849518536e-01,1.732400595293973333e-01,1.732484287832267156e-01,1.731615310676885289e-01,1.732371350169820412e-01,1.733147942528500685e-01,1.732656796500206819e-01,1.732196310596018640e-01,1.732112681362424078e-01
1.215827319675251289e-01,1.215451798002058631e-01,1.215366848289496232e-01,1.215454496098629794e-01,1.214479664110051232e-01,1.215326529285282176e-01,1.216208904727861251e-01,1.215657582229804357e-01,1.215128203156462944e-01,1.215042192312792285e-01
-9.925813010969494199e-01,-9.925859001957140215e-01,-9.925869403940333902e-01,-9.925858671566588631e-01,-9.925977994407561011e-01,-9.925874340692381059e-01,-9.925766262614723612e-01,-9.925833800883793190e-01,-9.925898621781995557e-01,-9.925909150848586382e-01
9.925813010969494199e-01,9.925859001957140215e-01,9.925869403940333902e-01,9.925858671566588631e-01,9.925977994407561011e-01,9.925874340692381059e-01,9.925766262614723612e-01,9.925833800883793190e-01,9.925898621781995557e-01,9.925909150848586382e-01
1.215827319675251289e-01,1.215451798002058631e-01,1.215366848289496232e-01,1.215454496098629794e-01,1.214479664110051232e-01,1.215326529285282176e-01,1.216208904727861251e-01,1.215657582229804357e-01,1.215128203156462944e-01,1.215042192312792285e-01
5.764497095708533136e-02,5.759527013572234705e-02,5.758373309334723772e-02,5.759521537479001668e-02,5.746523457327114975e-02,5.757805906309011040e-02,5.769593012125447118e-02,5.762245830224166365e-02,5.755160762904366206e-02,5.754038231639795054e-02
-9.983371461201655528e-01,-9.983400146533208952e-01,-9.983406801703686995e-01,-9.983400178125344526e-01,-9.983475080428851900e-01,-9.983410074290884895e-01,-9.983342023828710721e-01,-9.983384457683708302e-01,-9.983425326306160086e-01,-9.983431796746461417e-01
9.983371461201655528e-01,9.983400146533208952e-01,9.983406801703686995e-01,9.983400178125344526e-01,9.983475080428851900e-01,9.983410074290884895e-01,9.983342023828710721e-01,9.983384457683708302e-01,9.983425326306160086e-01,9.983431796746461417e-01
5.764497095708533136e-02,5.759527013572234705e-02,5.758373309334723772e-02,5.759521537479001668e-02,5.746523457327114975e-02,5.757805906309011040e-02,5.769593012125447118e-02,5.762245830224166365e-02,5.755160762904366206e-02,5.754038231639795054e-02
-3.131979759680650344e-02,-3.139043723637257449e-02,-3.140665920871476419e-02,-3.139024435225586107e-02,-3.157537143874611374e-02,-3.141475224163379348e-02,-3.124717845002467423e-02,-3.135183125833242157e-02,-3.145235771294203897e-02,-3.146844769948099058e-02
-9.995094148023294656e-01,-9.995071987985424400e-01,-9.995066892009013548e-01,-9.995072048562259059e-01,-9.995013736451319186e-01,-9.995064348675283261e-01,-9.995116876950027596e-01,-9.995084105082604475e-01,-9.995052522094605152e-01,-9.995047457613120967e-01
9.995094148023294656e-01,9.995071987985424400e-01,9.995066892009013548e-01,9.995072048562259059e-01,9.995013736451319186e-01,9.995064348675283261e-01,9.995116876950027596e-01,9.995084105082604475e-01,9.995052522094605152e-01,9.995047457613120967e-01
-3.131979759680650344e-02,-3.139043723637257449e-02,-3.140665920871476419e-02,-3.139024435225586107e-02,-3.157537143874611374e-02,-3.141475224163379348e-02,-3.124717845002467423e-02,-3.135183125833242157e-02,-3.145235771294203897e-02,-3.146844769948099058e-02
-1.565939488403788604e-01,-1.566909011727960765e-01,-1.567133886722487379e-01,-1.566908973608548972e-01,-1.569451415228354241e-01,-1.567245256239725992e-01,-1.564941201981439600e-01,-1.566380055965945206e-01,-1.567763024213014722e-01,-1.567983138096114282e-01
-9.876630676433015843e-01,-9.876476909757126998e-01,-9.876441230579264818e-01,-9.876476915804796031e-01,-9.876073220427120658e-01,-9.876423558494951127e-01,-9.876788902995795594e-01,-9.876560814386358134e-01,-9.876341382309061778e-01,-9.876306439081680155e-01
9.876630676433015843e-01,9.876476909757126998e-01,9.876441230579264818e-01,9.876476915804796031e-01,9.876073220427120658e-01,9.876423558494951127e-01,9.876788902995795594e-01,9.876560814386358134e-01,9.876341382309061778e-01,9.876306439081680155e-01
-1.565939488403788604e-01,-1.566909011727960765e-01,-1.567133886722487379e-01,-1.566908973608548972e-01,-1.569451415228354241e-01,-1.567245256239725992e-01,-1.564941201981439600e-01,-1.566380055965945206e-01,-1.567763024213014722e-01,-1.567983138096114282e-01
-3.188348213957934441e-01,-3.189515072846891841e-01,-3.189799846433801211e-01,-3.189534060910758639e-01,-3.192593370915490225e-01,-3.189936530958594751e-01,-3.187144973413406079e-01,-3.188880065681123921e-01,-3.190565372536730004e-01,-3.190822739401085184e-01
-9.478102957161378406e-01,-9.477710356414279502e-01,-9.477614517360942736e-01,-9.477703966377623024e-01,-9.476673866288027881e-01,-9.477568513519479820e-01,-9.478507631396708710e-01,-9.477924030435227465e-01,-9.477356836353139080e-01,-9.477270189549359403e-01
9.478102957161378406e-01,9.477710356414279502e-01,9.477614517360942736e-01,9.477703966377623024e-01,9.476673866288027881e-01,9.477568513519479820e-01,9.478507631396708710e-01,9.477924030435227465e-01,9.477356836353139080e-01,9.477270189549359403e-01
-3.188348213957934441e-01,-3.189515072846891841e-01,-3.189799846433801211e-01,-3.189534060910758639e-01,-3.192593370915490225e-01,-3.189936530958594751e-01,-3.187144973413406079e-01,-3.188880065681123921e-01,-3.190565372536730004e-01,-3.190822739401085184e-01
-4.957637877119100422e-01,-4.958770122784919021e-01,-4.959072128019289538e-01,-4.958823440020686535e-01,-4.961793945417478646e-01,-4.959211095183846396e-01,-4.956466299843502732e-01,-4.958156407143393118e-01,-4.959831266151417117e-01,-4.960067091329162237e-01
-8.684574064359980028e-01,-8.683927617695558210e-01,-8.683755157136930913e-01,-8.683897171817580585e-01,-8.682200230541705643e-01,-8.683675795042410384e-01,-8.685242761058301619e-01,-8.684278038058368399e-01,-8.683321588614970610e-01,-8.683186883253951605e-01
8.684574064359980028e-01,8.683927617695558210e-01,8.683755157136930913e-01,8.683897171817580585e-01,8.682200230541705643e-01,8.683675795042410384e-01,8.685242761058301619e-01,8.684278038058368399e-01,8.683321588614970610e-01,8.683186883253951605e-01
-4.957637877119100422e-01,-4.958770122784919021e-01,-4.959072128019289538e-01,-4.958823440020686535e-01,-4.961793945417478646e-01,-4.959211095183846396e-01,-4.956466299843502732e-01,-4.958156407143393118e-01,-4.959831266151417117e-01,-4.960067091329162237e-01
-6.496162768725051162e-01,-6.497025322577920647e-01,-6.497283907877895448e-01,-6.497104674092766263e-01,-6.499381373270873841e-01,-6.497399839235410424e-01,6.495260345157851667e-01,6.496561193297447634e-01,-6.497884729296771189e-01,-6.498049464989297253e-01
-7.602622526617408560e-01,-7.601885421247892571e-01,-7.601664411195152571e-01,-7.601817601987167494e-01,-7.599871167643541536e-01,-7.601565320978546092e-01,7.603393521883495820e-01,7.602282069335604131e-01,-7.601150836864889460e-01,-7.601010008581248201e-01
7.602622526617408560e-01,7.601885421247892571e-01,7.601664411195152571e-01,7.601817601987167494e-01,7.599871167643541536e-01,7.601565320978546092e-01,7.603393521883495820e-01,7.602282069335604131e-01,7.601150836864889460e-01,7.601010008581248201e-01
-6.496162768725051162e-01,-6.497025322577920647e-01,-6.497283907877895448e-01,-6.497104674092766263e-01,-6.499381373270873841e-01,-6.497399839235410424e-01,-6.495260345157851667e-01,-6.496561193297447634e-01,-6.497884729296771189e-01,-6.498049464989297253e-01
7.580621390583449637e-01,-7.581164606657260219e-01,-7.581352572795115874e-01,-7.581248703195700989e-01,7.582706707019128967e-01,7.581437363504642812e-01,7.580038500249794975e-01,7.580876200186477121e-01,-7.581755353317591872e-01,-7.581846501810276528e-01
6.521823313508933184e-01,-6.521191854773733532e-01,-6.520973329724090162e-01,-6.521094087673747763e-01,6.519398668230614868e-01,6.520874749851877095e-01,6.522500773072459346e-01,6.521527124642375606e-01,-6.520505023572946701e-01,-6.520399038631552457e-01
6.521823313508933184e-01,6.521191854773733532e-01,6.520973329724090162e-01,6.521094087673747763e-01,6.519398668230614868e-01,6.520874749851877095e-01,6.522500773072459346e-01,6.521527124642375606e-01,6.520505023572946701e-01,6.520399038631552457e-01
-7.580621390583449637e-01,-7.581164606657260219e-01,-7.581352572795115874e-01,-7.581248703195700989e-01,-7.582706707019128967e-01,-7.581437363504642812e-01,-7.580038500249794975e-01,-7.580876200186477121e-01,-7.581755353317591872e-01,-7.581846501810276528e-01
8.245694646858416910e-01,-8.245999194460404969e-01,8.246125844462317556e-01,-8.246075251545427198e-01,8.246920213226339724e-01,8.246184993980670841e-01,8.245352060913936354e-01,8.245841379685199257e-01,-8.246374988752228630e-01,-8.246415743227690776e-01
5.657607249603884281e-01,-5.657163360285643039e-01,5.656978748173854266e-01,-5.657052496296107735e-01,5.655820629818347767e-01,5.656892525499136459e-01,5.658106519992558425e-01,5.657393387512601457e-01,-5.656615555690670538e-01,-5.656556142198758685e-01
5.657607249603884281e-01,5.657163360285643039e-01,5.656978748173854266e-01,5.657052496296107735e-01,5.655820629818347767e-01,5.656892525499136459e-01,5.658106519992558425e-01,5.657393387512601457e-01,5.656615555690670538e-01,5.656556142198758685e-01
-8.245694646858416910e-01,-8.245999194460404969e-01,-8.246125844462317556e-01,-8.246075251545427198e-01,-8.246920213226339724e-01,-8.246184993980670841e-01,-8.245352060913936354e-01,-8.245841379685199257e-01,-8.246374988752228630e-01,-8.246415743227690776e-01
8.624993035659912488e-01,-8.625149960759245227e-01,8.625234487681157081e-01,-8.625215326373661950e-01,8.625678836522181481e-01,8.625276180996600539e-01,8.624800607619581561e-01,8.625072465287505485e-01,-8.625385191267213036e-01,-8.625396997200995841e-01
5.060582489676261897e-01,-5.060315025214813245e-01,5.060170948941898894e-01,-5.060203609904336819e-01,5.059413464935769156e-01,5.060099880588593280e-01,5.060910439713875997e-01,5.060447111524764008e-01,-5.059914060759160837e-01,-5.059893935714074864e-01
5.060582489676261897e-01,5.060315025214813245e-01,5.060170948941898894e-01,5.060203609904336819e-01,5.059413464935769156e-01,5.060099880588593280e-01,5.060910439713875997e-01,5.060447111524764008e-01,5.059914060759160837e-01,5.059893935714074864e-01
-8.624993035659912488e-01,-8.625149960759245227e-01,-8.625234487681157081e-01,-8.625215326373661950e-01,-8.625678836522181481e-01,-8.625276180996600539e-01,-8.624800607619581561e-01,-8.625072465287505485e-01,-8.625385191267213036e-01,-8.625396997200995841e-01
8.830939416559420163e-01,-8.831009530354992920e-01,8.831067239835264093e-01,-8.831065800412691846e-01,8.831303444045863760e-01,8.831097766293016793e-01,8.830836221649184248e-01,8.830979040172912686e-01,-8.831158221475297054e-01,-8.831154097693232341e-01
4.691962171741921317e-01,-4.691830205237536577e-01,4.691721582266830670e-01,-4.691724291641754530e-01,4.691276956137173659e-01,4.691664122907192036e-01,4.692156394069656455e-01,4.691887593711801530e-01,-4.691550326626506839e-01,-4.691558089035670065e-01
4.691962171741921317e-01,4.691830205237536577e-01,4.691721582266830670e-01,4.691724291641754530e-01,4.691276956137173659e-01,4.691664122907192036e-01,4.692156394069656455e-01,4.691887593711801530e-01,4.691550326626506839e-01,4.691558089035670065e-01
-8.830939416559420163e-01,-8.831009530354992920e-01,-8.831067239835264093e-01,-8.831065800412691846e-01,-8.831303444045863760e-01,-8.831097766293016793e-01,-8.830836221649184248e-01,-8.830979040172912686e-01,-8.831158221475297054e-01,-8.831154097693232341e-01
8.933305150049336563e-01,-8.933323017879063466e-01,8.933363711255629669e-01,-8.933372595125838034e-01,8.933473741626951625e-01,8.933387137068673489e-01,8.933255982297833020e-01,8.933320753644493628e-01,-8.933418003754872716e-01,-8.933404792757990709e-01
4.494002569659033552e-01,-4.493967051306910765e-01,4.493886158150987020e-01,-4.493868497926329364e-01,4.493667422903230291e-01,4.493839589844745852e-01,4.494100305371474535e-01,4.493971552258042568e-01,-4.493778228861355917e-01,-4.493804491600468243e-01
4.494002569659033552e-01,4.493967051306910765e-01,4.493886158150987020e-01,4.493868497926329364e-01,4.493667422903230291e-01,4.493839589844745852e-01,4.494100305371474535e-01,4.493971552258042568e-01,4.493778228861355917e-01,4.493804491600468243e-01
-8.933305150049336563e-01,-8.933323017879063466e-01,-8.933363711255629669e-01,-8.933372595125838034e-01,-8.933473741626951625e-01,-8.933387137068673489e-01,-8.933255982297833020e-01,-8.933320753644493628e-01,-8.933418003754872716e-01,-8.933404792757990709e-01
8.971421736752502873e-01,-8.971406141918628618e-01,8.971435744057919548e-01,-8.971451146479930694e-01,8.971465072891134929e-01,8.971454593144508882e-01,8.971407050968460695e-01,8.971422000365156801e-01,-8.971466498832963987e-01,-8.971447624334818460e-01
4.417419158436826643e-01,-4.417450830144539764e-01,4.417390710616384553e-01,-4.417359429152663552e-01,4.417331145147992966e-01,4.417352429130630975e-01,4.417448983953676245e-01,4.417418623060761496e-01,-4.417328249102365767e-01,-4.417366582458055468e-01
-4.417419158436826643e-01,-4.417450830144539764e-01,-4.417390710616384553e-01,-4.417359429152663552e-01,-4.417331145147992966e-01,-4.417352429130630975e-01,-4.417448983953676245e-01,-4.417418623060761496e-01,-4.417328249102365767e-01,-4.417366582458055468e-01
8.971421736752502873e-01,8.971406141918628618e-01,8.971435744057919548e-01,8.971451146479930694e-01,8.971465072891134929e-01,8.971454593144508882e-01,8.971407050968460695e-01,8.971422000365156801e-01,8.971466498832963987e-01,8.971447624334818460e-01
8.967065804298687270e-01,-8.967026931992656547e-01,8.967049035850689354e-01,-8.967069030772274463e-01,8.967022988600901190e-01,8.967064893913312407e-01,8.967074699661875536e-01,8.967055506738407233e-01,-8.967063817436397022e-01,-8.967040953066476305e-01
4.426254721700628725e-01,-4.426333471499677152e-01,4.426288692420463078e-01,-4.426248185242752653e-01,4.426341460156794083e-01,4.426256566032679696e-01,4.426236700706805416e-01,4.426275583272284986e-01,-4.426258746845125880e-01,-4.426305066986306880e-01
-4.426254721700628725e-01,-4.426333471499677152e-01,-4.426288692420463078e-01,-4.426248185242752653e-01,-4.426341460156794083e-01,-4.426256566032679696e-01,-4.426236700706805416e-01,-4.426275583272284986e-01,-4.426258746845125880e-01,-4.426305066986306880e-01
8.967065804298687270e-01,8.967026931992656547e-01,8.967049035850689354e-01,8.967069030772274463e-01,8.967022988600901190e-01,8.967064893913312407e-01,8.967074699661875536e-01,8.967055506738407233e-01,8.967063817436397022e-01,8.967040953066476305e-01
