6.916519801824297931e-01,-8.582307706862413177e-01,-9.999948287823489101e-01,3.229108863303810084e-01,8.384314717058377608e-01,9.075754847747092846e-01,-9.875791074724288299e-01,7.473964667143689899e-01,-4.653786270662350621e-01,-8.225913112236261648e-01
7.222309452728563617e-01,-5.132640102786286684e-01,-3.215961529758057120e-03,-9.464293737460434119e-01,-5.450070341318385969e-01,-4.198889608407818663e-01,-1.571225842581550902e-01,6.643782970137399602e-01,8.851117067748828227e-01,-5.686330404570203445e-01
7.222309452728563617e-01,-5.132640102786286684e-01,3.215961529758057120e-03,9.464293737460434119e-01,5.450070341318385969e-01,4.198889608407818663e-01,1.571225842581550902e-01,6.643782970137399602e-01,-8.851117067748828227e-01,-5.686330404570203445e-01
-6.916519801824297931e-01,8.582307706862413177e-01,-9.999948287823489101e-01,3.229108863303810084e-01,8.384314717058377608e-01,9.075754847747092846e-01,-9.875791074724288299e-01,-7.473964667143689899e-01,-4.653786270662350621e-01,8.225913112236261648e-01
-7.879595373761533184e-02,5.843329560564505809e-02,3.247142832777251409e-03,2.518603051488784491e-03,-1.504887402468290010e-02,1.140308260226639281e-01,-1.886079041817650959e-02,1.270021222045868980e-01,2.636291420160513307e-02,4.404391551267521077e-02
-9.968907651666654157e-01,9.982913151804254648e-01,-9.999947280178147491e-01,-9.999968283143045866e-01,9.998867592835647411e-01,-9.934772119764947451e-01,-9.998221194716596649e-01,9.919024452815566884e-01,-9.996524379777195213e-01,9.990295959111081814e-01
-9.968907651666654157e-01,-9.982913151804254648e-01,-9.999947280178147491e-01,9.999968283143045866e-01,9.998867592835647411e-01,9.934772119764947451e-01,-9.998221194716596649e-01,9.919024452815566884e-01,-9.996524379777195213e-01,-9.990295959111081814e-01
7.879595373761533184e-02,5.843329560564505809e-02,-3.247142832777251409e-03,2.518603051488784491e-03,1.504887402468290010e-02,1.140308260226639281e-01,1.886079041817650959e-02,-1.270021222045868980e-01,-2.636291420160513307e-02,4.404391551267521077e-02
6.616210580258960472e-02,-8.191000571553642973e-02,1.191899440681541134e-01,9.748038507697942556e-02,-1.083927684028431343e-01,1.587411793450722308e-01,1.015729887409178300e-01,4.870776950864103005e-02,-1.061038391622878552e-01,-8.479705675007775945e-02
-9.978088873906498790e-01,9.966397297738440741e-01,-9.928714706511766463e-01,-9.952374463037670926e-01,9.941081469125818693e-01,-9.873202307155137802e-01,-9.948280896507886162e-01,-9.988130721959405101e-01,9.943550549552324647e-01,9.963982432574455261e-01
9.978088873906498790e-01,-9.966397297738440741e-01,-9.928714706511766463e-01,9.952374463037670926e-01,9.941081469125818693e-01,9.873202307155137802e-01,9.948280896507886162e-01,9.988130721959405101e-01,-9.943550549552324647e-01,-9.963982432574455261e-01
6.616210580258960472e-02,-8.191000571553642973e-02,-1.191899440681541134e-01,9.748038507697942556e-02,1.083927684028431343e-01,1.587411793450722308e-01,1.015729887409178300e-01,4.870776950864103005e-02,-1.061038391622878552e-01,-8.479705675007775945e-02
1.781910827538293052e-01,-1.887322726263150341e-01,2.110481127080234554e-01,-1.873762319489196138e-01,-1.959193338382622107e-01,2.245513857415626924e-01,1.984530886544363659e-01,1.742914516153065696e-01,-1.895293498635256535e-01,-1.877168748799253883e-01
-9.839959034604860433e-01,9.820285786418366802e-01,-9.774756744402294251e-01,9.822882202798852713e-01,9.806200154128873470e-01,-9.744622492234080724e-01,-9.801103874582262065e-01,-9.846941098096551048e-01,9.818750559721480808e-01,9.822231797739831016e-01
9.839959034604860433e-01,-9.820285786418366802e-01,-9.774756744402294251e-01,9.822882202798852713e-01,9.806200154128873470e-01,9.744622492234080724e-01,-9.801103874582262065e-01,9.846941098096551048e-01,-9.818750559721480808e-01,-9.822231797739831016e-01
1.781910827538293052e-01,-1.887322726263150341e-01,-2.110481127080234554e-01,1.873762319489196138e-01,1.959193338382622107e-01,2.245513857415626924e-01,-1.984530886544363659e-01,1.742914516153065696e-01,-1.895293498635256535e-01,-1.877168748799253883e-01
2.503176099630572415e-01,-2.562262053677120122e-01,2.677520718131490840e-01,-2.488538344950200765e-01,2.545447213791225960e-01,2.689167894812289905e-01,2.599697780033995431e-01,2.523225286931279898e-01,-2.479922556659081290e-01,-2.540871259805949078e-01
-9.681637744423112757e-01,9.666168484373025560e-01,-9.634878452994446452e-01,9.685410518182102635e-01,-9.670610036693778611e-01,-9.631634131003462551e-01,-9.656167534404438424e-01,-9.676431891528537443e-01,9.687620147021325234e-01,9.671813337792047882e-01
9.681637744423112757e-01,-9.666168484373025560e-01,-9.634878452994446452e-01,9.685410518182102635e-01,-9.670610036693778611e-01,9.631634131003462551e-01,-9.656167534404438424e-01,9.676431891528537443e-01,-9.687620147021325234e-01,-9.671813337792047882e-01
2.503176099630572415e-01,-2.562262053677120122e-01,-2.677520718131490840e-01,2.488538344950200765e-01,-2.545447213791225960e-01,2.689167894812289905e-01,-2.599697780033995431e-01,2.523225286931279898e-01,-2.479922556659081290e-01,-2.540871259805949078e-01
2.804182088131823014e-01,-2.831091298920762056e-01,-2.877891765368645882e-01,-2.749707960918681970e-01,2.782439968116312001e-01,2.837047887501903398e-01,2.836204497432088245e-01,2.842167714316349292e-01,-2.730366761992943925e-01,-2.810377710658686912e-01
-9.598779235746627281e-01,9.590877022315276168e-01,9.576937871095507759e-01,9.614525788080264812e-01,-9.605104258873449208e-01,-9.589116710313885239e-01,-9.589366196404534026e-01,-9.587600465377027481e-01,9.620036244474559073e-01,9.596967079417996205e-01
9.598779235746627281e-01,-9.590877022315276168e-01,-9.576937871095507759e-01,-9.614525788080264812e-01,-9.605104258873449208e-01,-9.589116710313885239e-01,-9.589366196404534026e-01,-9.587600465377027481e-01,-9.620036244474559073e-01,-9.596967079417996205e-01
2.804182088131823014e-01,-2.831091298920762056e-01,-2.877891765368645882e-01,-2.749707960918681970e-01,-2.782439968116312001e-01,-2.837047887501903398e-01,-2.836204497432088245e-01,-2.842167714316349292e-01,-2.730366761992943925e-01,-2.810377710658686912e-01
2.773422842448535763e-01,-2.780989011213064743e-01,-2.788764735225617852e-01,-2.712023167591565143e-01,2.727707223349061794e-01,2.731523581858179561e-01,2.770697500544916925e-01,2.811459946447606995e-01,-2.691392144627200445e-01,-2.764645632174323464e-01
-9.607711784654278109e-01,9.605524458326685222e-01,9.603269820824675840e-01,9.625223651346840326e-01,-9.620790679756490160e-01,-9.619707839729471077e-01,-9.608498080370007077e-01,-9.596650091022431717e-01,9.631012839978929652e-01,9.610241127489955737e-01
-9.607711784654278109e-01,-9.605524458326685222e-01,-9.603269820824675840e-01,-9.625223651346840326e-01,-9.620790679756490160e-01,-9.619707839729471077e-01,-9.608498080370007077e-01,-9.596650091022431717e-01,-9.631012839978929652e-01,-9.610241127489955737e-01
-2.773422842448535763e-01,-2.780989011213064743e-01,-2.788764735225617852e-01,-2.712023167591565143e-01,-2.727707223349061794e-01,-2.731523581858179561e-01,-2.770697500544916925e-01,-2.811459946447606995e-01,-2.691392144627200445e-01,-2.764645632174323464e-01
2.537026336119123648e-01,-2.533919784530907493e-01,-2.521229216753425040e-01,-2.482064152920902267e-01,2.486786260581079211e-01,2.464143956061109197e-01,2.517484141863390312e-01,2.568973976725276165e-01,-2.463858488892503029e-01,-2.522239798661549126e-01
-9.672822616477465552e-01,9.673636882039908791e-01,9.676952166699438473e-01,9.687071670055147354e-01,-9.685860524196346910e-01,-9.691645606593727313e-01,-9.677927133196774223e-01,-9.664386825190116603e-01,9.691718183413731147e-01,9.676688813744490636e-01
-9.672822616477465552e-01,-9.673636882039908791e-01,-9.676952166699438473e-01,-9.687071670055147354e-01,-9.685860524196346910e-01,-9.691645606593727313e-01,-9.677927133196774223e-01,-9.664386825190116603e-01,-9.691718183413731147e-01,-9.676688813744490636e-01
-2.537026336119123648e-01,-2.533919784530907493e-01,-2.521229216753425040e-01,-2.482064152920902267e-01,-2.486786260581079211e-01,-2.464143956061109197e-01,-2.517484141863390312e-01,-2.568973976725276165e-01,-2.463858488892503029e-01,-2.522239798661549126e-01
-2.210447778318015977e-01,-2.201735249354818680e-01,-2.178972947765709656e-01,-2.165558318563711171e-01,-2.163476986391531243e-01,-2.128100506536329817e-01,-2.183663116857837982e-01,2.235304923672672694e-01,-2.150697175279067397e-01,-2.193914330259197631e-01
9.752636598342467877e-01,9.754607213606729665e-01,9.759717049838342318e-01,9.762702349703155091e-01,9.763163797117931919e-01,9.770935893458714272e-01,9.758668730522349621e-01,-9.746969369922361404e-01,9.765986978295979615e-01,9.756369197169780794e-01
-9.752636598342467877e-01,-9.754607213606729665e-01,-9.759717049838342318e-01,-9.762702349703155091e-01,-9.763163797117931919e-01,-9.770935893458714272e-01,-9.758668730522349621e-01,-9.746969369922361404e-01,-9.765986978295979615e-01,-9.756369197169780794e-01
-2.210447778318015977e-01,-2.201735249354818680e-01,-2.178972947765709656e-01,-2.165558318563711171e-01,-2.163476986391531243e-01,-2.128100506536329817e-01,-2.183663116857837982e-01,-2.235304923672672694e-01,-2.150697175279067397e-01,-2.193914330259197631e-01
1.872928662535544575e-01,-1.861082010204157533e-01,-1.833079770786560370e-01,1.837629773060540650e-01,1.831082782596801239e-01,1.789348993630304474e-01,-1.843100859308884620e-01,1.891556727577435038e-01,-1.825899933623155447e-01,-1.856222123928955858e-01
-9.823041190234967912e-01,9.825292552962201498e-01,9.830555353281578146e-01,-9.829705835739005471e-01,-9.830927516937429944e-01,-9.838609158768033547e-01,9.828681458996157971e-01,-9.819471123556328118e-01,9.831891447345976198e-01,9.826211855371157489e-01
-9.823041190234967912e-01,9.825292552962201498e-01,9.830555353281578146e-01,-9.829705835739005471e-01,9.830927516937429944e-01,-9.838609158768033547e-01,9.828681458996157971e-01,-9.819471123556328118e-01,-9.831891447345976198e-01,9.826211855371157489e-01
-1.872928662535544575e-01,1.861082010204157533e-01,1.833079770786560370e-01,-1.837629773060540650e-01,1.831082782596801239e-01,-1.789348993630304474e-01,1.843100859308884620e-01,-1.891556727577435038e-01,-1.825899933623155447e-01,1.856222123928955858e-01
1.563210052054651578e-01,-1.549006830063673346e-01,-1.517133864515117503e-01,1.536102964802327497e-01,1.525977978170701133e-01,1.479695842085212987e-01,-1.531421530118967922e-01,1.576636106984939945e-01,-1.527096818687897206e-01,-1.546543533782484825e-01
-9.877063041874103444e-01,9.879300473232710544e-01,9.884245284144939081e-01,-9.881315078547261432e-01,-9.882883749702719989e-01,-9.889919120746927250e-01,9.882041696789587437e-01,-9.874928788915460220e-01,9.882710929008969858e-01,9.879686386627642980e-01
-9.877063041874103444e-01,9.879300473232710544e-01,9.884245284144939081e-01,-9.881315078547261432e-01,9.882883749702719989e-01,-9.889919120746927250e-01,-9.882041696789587437e-01,-9.874928788915460220e-01,9.882710929008969858e-01,9.879686386627642980e-01
-1.563210052054651578e-01,1.549006830063673346e-01,1.517133864515117503e-01,-1.536102964802327497e-01,1.525977978170701133e-01,-1.479695842085212987e-01,-1.531421530118967922e-01,-1.576636106984939945e-01,1.527096818687897206e-01,1.546543533782484825e-01
1.291570504593756996e-01,-1.274738381866550030e-01,-1.238350242056390632e-01,-1.272045972786248480e-01,-1.258125714699441233e-01,1.206541551158663711e-01,-1.257312310539061839e-01,-1.300138882501454540e-01,-1.265681826156146716e-01,-1.274609086817497239e-01
-9.916241507328440452e-01,9.918419332625347806e-01,9.923028201007938476e-01,9.918764995861040212e-01,9.920540292041157837e-01,-9.926946030140775257e-01,9.920643414303678131e-01,9.915121728259712608e-01,9.919579099686538504e-01,9.918435949069906998e-01
-9.916241507328440452e-01,9.918419332625347806e-01,-9.923028201007938476e-01,9.918764995861040212e-01,9.920540292041157837e-01,-9.926946030140775257e-01,-9.920643414303678131e-01,-9.915121728259712608e-01,9.919579099686538504e-01,9.918435949069906998e-01
-1.291570504593756996e-01,1.274738381866550030e-01,-1.238350242056390632e-01,1.272045972786248480e-01,1.258125714699441233e-01,-1.206541551158663711e-01,-1.257312310539061839e-01,-1.300138882501454540e-01,1.265681826156146716e-01,1.274609086817497239e-01
-1.055279956766550786e-01,-1.034784436745682795e-01,-9.918873231459247874e-02,-1.044514423063581388e-01,-1.025589804726234899e-01,-9.664046194220012043e-02,-1.017236558155299175e-01,-1.058141350407522246e-01,-1.041397462800035673e-01,-1.037566521758915422e-01
9.944163323922573516e-01,9.946316965061435811e-01,9.950686385279277069e-01,9.945299875821350666e-01,9.947269251027718306e-01,9.953193563452880088e-01,9.948126948564355310e-01,9.943859254965233818e-01,9.945626743673506853e-01,9.946027132122911008e-01
-9.944163323922573516e-01,9.946316965061435811e-01,-9.950686385279277069e-01,9.945299875821350666e-01,9.947269251027718306e-01,-9.953193563452880088e-01,-9.948126948564355310e-01,-9.943859254965233818e-01,9.945626743673506853e-01,9.946027132122911008e-01
-1.055279956766550786e-01,1.034784436745682795e-01,-9.918873231459247874e-02,1.044514423063581388e-01,1.025589804726234899e-01,-9.664046194220012043e-02,-1.017236558155299175e-01,-1.058141350407522246e-01,1.041397462800035673e-01,1.037566521758915422e-01
-8.468582306555791361e-02,-8.206232203054571184e-02,-7.673867636765716038e-02,-8.489767013936244666e-02,-8.223913948144592756e-02,-7.513206624106680276e-02,-8.027913050159082853e-02,-8.412624895592828167e-02,-8.509062478422736719e-02,-8.278960004164878650e-02
9.964077033883815826e-01,9.966271997607505373e-01,9.970512401824391802e-01,9.963896755812496897e-01,9.966126248133478915e-01,9.971735920201393322e-01,9.967724219729939827e-01,9.964551039743863026e-01,9.963732160058450527e-01,9.965670484844177945e-01
-9.964077033883815826e-01,9.966271997607505373e-01,-9.970512401824391802e-01,9.963896755812496897e-01,-9.966126248133478915e-01,-9.971735920201393322e-01,-9.967724219729939827e-01,-9.964551039743863026e-01,9.963732160058450527e-01,9.965670484844177945e-01
-8.468582306555791361e-02,8.206232203054571184e-02,-7.673867636765716038e-02,8.489767013936244666e-02,-8.223913948144592756e-02,-7.513206624106680276e-02,-8.027913050159082853e-02,-8.412624895592828167e-02,8.509062478422736719e-02,8.278960004164878650e-02
-6.404390640920458455e-02,-6.031247540359511994e-02,-5.295027744758860899e-02,-6.659230391190294751e-02,-6.248502932491773604e-02,-5.302633130710135423e-02,-5.843743191496955647e-02,-6.194954317939012356e-02,-6.774455177364409331e-02,-6.188890011627942722e-02
9.979470817893346668e-01,9.981795456282855916e-01,9.985971500651417143e-01,9.977802689268335801e-01,9.980459013042757288e-01,9.985931144305519869e-01,9.982910730599482418e-01,9.980792824720213785e-01,9.977026990566819631e-01,9.980830446623153440e-01
-9.979470817893346668e-01,9.981795456282855916e-01,-9.985971500651417143e-01,9.977802689268335801e-01,-9.980459013042757288e-01,-9.985931144305519869e-01,-9.982910730599482418e-01,-9.980792824720213785e-01,9.977026990566819631e-01,9.980830446623153440e-01
-6.404390640920458455e-02,6.031247540359511994e-02,-5.295027744758860899e-02,6.659230391190294751e-02,-6.248502932491773604e-02,-5.302633130710135423e-02,-5.843743191496955647e-02,-6.194954317939012356e-02,6.774455177364409331e-02,6.188890011627942722e-02
-2.414112079123687665e-02,-1.658656529567101301e-02,-1.688733435030186775e-03,-3.260095688549733556e-02,-2.375152785882257353e-02,-4.913465958883376887e-03,-1.368171628885366670e-02,-1.816583482819079595e-02,-3.638453594136135949e-02,-2.057018056718627405e-02
9.997085606750313325e-01,9.998624334635701771e-01,9.999985740886759844e-01,9.994684475310614546e-01,9.997178926699128443e-01,9.999879288532792510e-01,9.999064009393034969e-01,9.998349876079527521e-01,9.993378635598331172e-01,9.997884114508597264e-01
-9.997085606750313325e-01,9.998624334635701771e-01,-9.999985740886759844e-01,9.994684475310614546e-01,-9.997178926699128443e-01,-9.999879288532792510e-01,-9.999064009393034969e-01,-9.998349876079527521e-01,9.993378635598331172e-01,9.997884114508597264e-01
-2.414112079123687665e-02,1.658656529567101301e-02,-1.688733435030186775e-03,3.260095688549733556e-02,-2.375152785882257353e-02,-4.913465958883376887e-03,-1.368171628885366670e-02,-1.816583482819079595e-02,3.638453594136135949e-02,2.057018056718627405e-02
-8.948776907404494274e-01,-8.976190360055359418e-01,-9.061152133152375887e-01,9.345430464630239964e-01,-9.296324282260507443e-01,-9.374694303626125436e-01,-9.101671977713917672e-01,-8.651898719473790633e-01,9.461597224533165873e-01,9.075029089757099543e-01
-4.463114592020249183e-01,-4.407721250266313784e-01,-4.230309920073013763e-01,3.558501008958828704e-01,-3.684881930137469119e-01,-3.480676186254602067e-01,-4.142410796878700507e-01,-5.014443991906557541e-01,3.237001384106328317e-01,4.200457953612014572e-01
-4.463114592020249183e-01,-4.407721250266313784e-01,-4.230309920073013763e-01,-3.558501008958828704e-01,-3.684881930137469119e-01,-3.480676186254602067e-01,-4.142410796878700507e-01,-5.014443991906557541e-01,-3.237001384106328317e-01,-4.200457953612014572e-01
8.948776907404494274e-01,8.976190360055359418e-01,9.061152133152375887e-01,9.345430464630239964e-01,9.296324282260507443e-01,9.374694303626125436e-01,9.101671977713917672e-01,8.651898719473790633e-01,9.461597224533165873e-01,9.075029089757099543e-01
-9.847057746632803532e-01,9.843068753266476234e-01,-9.838014199651571312e-01,9.868726133636122055e-01,-9.862175185772945607e-01,-9.858966327307985278e-01,-9.847097821942478735e-01,-9.831907476767340892e-01,9.876578814027835440e-01,9.849939819358275450e-01
-1.742255358573729651e-01,1.764652237260683487e-01,-1.792617250685170360e-01,1.615006036919807153e-01,-1.654539393645370893e-01,-1.673553989869251968e-01,-1.742028841637160430e-01,-1.825813618167653196e-01,1.566266557868263298e-01,1.725886889405051916e-01
-1.742255358573729651e-01,-1.764652237260683487e-01,-1.792617250685170360e-01,-1.615006036919807153e-01,-1.654539393645370893e-01,-1.673553989869251968e-01,-1.742028841637160430e-01,-1.825813618167653196e-01,-1.566266557868263298e-01,-1.725886889405051916e-01
9.847057746632803532e-01,9.843068753266476234e-01,9.838014199651571312e-01,9.868726133636122055e-01,9.862175185772945607e-01,9.858966327307985278e-01,9.847097821942478735e-01,9.831907476767340892e-01,9.876578814027835440e-01,9.849939819358275450e-01
-9.849711453997345156e-01,9.847961633302624307e-01,-9.845913189866145609e-01,9.861177473053165388e-01,-9.858038697191399136e-01,-9.857174337169219980e-01,-9.850248924551116003e-01,-9.842100330932428420e-01,9.865521277568967129e-01,9.851471767256224643e-01
-1.727189703823385769e-01,1.737138931979687329e-01,-1.748711942436455835e-01,1.660475487608535083e-01,-1.679009542759327123e-01,-1.684076627310213681e-01,-1.724121841512245845e-01,-1.770045501070469374e-01,1.634469308929965281e-01,1.717120851586604324e-01
-1.727189703823385769e-01,-1.737138931979687329e-01,-1.748711942436455835e-01,-1.660475487608535083e-01,-1.679009542759327123e-01,-1.684076627310213681e-01,-1.724121841512245845e-01,-1.770045501070469374e-01,-1.634469308929965281e-01,-1.717120851586604324e-01
9.849711453997345156e-01,9.847961633302624307e-01,9.845913189866145609e-01,9.861177473053165388e-01,9.858038697191399136e-01,9.857174337169219980e-01,9.850248924551116003e-01,9.842100330932428420e-01,9.865521277568967129e-01,9.851471767256224643e-01
-9.813714286084236349e-01,9.812694164129781571e-01,-9.811673942041437835e-01,9.822017675431617967e-01,-9.819996481283576051e-01,-9.819964679502181104e-01,-9.814485447832198561e-01,-9.808349228122796859e-01,9.825225178188601305e-01,9.815174315308619057e-01
-1.921200643115185402e-01,1.926404225819001170e-01,-1.931593760360861833e-01,1.878288791296178206e-01,-1.888827442509820598e-01,-1.888992772175068502e-01,-1.917257258244186580e-01,-1.948405866133364195e-01,1.861437669622267865e-01,1.913727556395100893e-01
-1.921200643115185402e-01,-1.926404225819001170e-01,-1.931593760360861833e-01,-1.878288791296178206e-01,-1.888827442509820598e-01,-1.888992772175068502e-01,-1.917257258244186580e-01,-1.948405866133364195e-01,-1.861437669622267865e-01,-1.913727556395100893e-01
9.813714286084236349e-01,9.812694164129781571e-01,9.811673942041437835e-01,9.822017675431617967e-01,9.819996481283576051e-01,9.819964679502181104e-01,9.814485447832198561e-01,9.808349228122796859e-01,9.825225178188601305e-01,9.815174315308619057e-01
-9.757878268327929705e-01,9.757204209635020886e-01,-9.756651423153113178e-01,9.764450271574212081e-01,-9.762998818510464361e-01,-9.763303270331812334e-01,-9.758700976688926554e-01,-9.753697793320446063e-01,9.767018151952491234e-01,9.759141509411664028e-01
-2.187192652807143922e-01,2.190197710591586244e-01,-2.192658889814912693e-01,2.157663294852624480e-01,-2.164221354151017185e-01,-2.162847486885786652e-01,-2.183519005543712865e-01,-2.205760493928533850e-01,2.146009417367623906e-01,2.181549219998990541e-01
-2.187192652807143922e-01,-2.190197710591586244e-01,-2.192658889814912693e-01,-2.157663294852624480e-01,-2.164221354151017185e-01,-2.162847486885786652e-01,-2.183519005543712865e-01,-2.205760493928533850e-01,-2.146009417367623906e-01,-2.181549219998990541e-01
9.757878268327929705e-01,9.757204209635020886e-01,9.756651423153113178e-01,9.764450271574212081e-01,9.762998818510464361e-01,9.763303270331812334e-01,9.758700976688926554e-01,9.753697793320446063e-01,9.767018151952491234e-01,9.759141509411664028e-01
-9.687352050461988107e-01,9.686872137063786692e-01,-9.686557758647266203e-01,9.692690293359452758e-01,-9.691594126268889831e-01,-9.692019523786037372e-01,-9.688135000816371356e-01,-9.683987215503999657e-01,9.694792582775143552e-01,9.688437392223713251e-01
-2.480969619001790194e-01,2.482842765899060111e-01,-2.484068998315154819e-01,2.460031478866774313e-01,-2.464346422820934135e-01,-2.462672846837413165e-01,-2.477910451561305960e-01,-2.494071292075489832e-01,2.451733422900641557e-01,2.476727860900616862e-01
-2.480969619001790194e-01,-2.482842765899060111e-01,-2.484068998315154819e-01,-2.460031478866774313e-01,-2.464346422820934135e-01,-2.462672846837413165e-01,-2.477910451561305960e-01,-2.494071292075489832e-01,-2.451733422900641557e-01,-2.476727860900616862e-01
9.687352050461988107e-01,9.686872137063786692e-01,9.686557758647266203e-01,9.692690293359452758e-01,9.691594126268889831e-01,9.692019523786037372e-01,9.688135000816371356e-01,9.683987215503999657e-01,9.694792582775143552e-01,9.688437392223713251e-01
-9.605444383959101939e-01,9.605083066437585249e-01,-9.604896833276048707e-01,9.609803998180362905e-01,-9.608951633076945331e-01,-9.609398397327275632e-01,-9.606146654332901047e-01,-9.602709469455069646e-01,9.611530908104218840e-01,9.606360930653263797e-01
-2.781265572840636580e-01,2.782513124287823159e-01,-2.783155910495088148e-01,2.766164694402112323e-01,-2.769124141888169577e-01,-2.767573385015102971e-01,-2.778839048136613199e-01,-2.790693613644809612e-01,2.760158256795667842e-01,2.778098211010290863e-01
-2.781265572840636580e-01,-2.782513124287823159e-01,-2.783155910495088148e-01,-2.766164694402112323e-01,-2.769124141888169577e-01,-2.767573385015102971e-01,-2.778839048136613199e-01,-2.790693613644809612e-01,-2.760158256795667842e-01,-2.778098211010290863e-01
9.605444383959101939e-01,9.605083066437585249e-01,9.604896833276048707e-01,9.609803998180362905e-01,9.608951633076945331e-01,9.609398397327275632e-01,9.606146654332901047e-01,9.602709469455069646e-01,9.611530908104218840e-01,9.606360930653263797e-01
-9.514603094230055236e-01,9.514317480376658365e-01,-9.514203021679000782e-01,9.518161920480913141e-01,-9.517483805664337382e-01,-9.517910177201364119e-01,-9.515212944975715015e-01,-9.512373474989720412e-01,9.519577525572374688e-01,9.515363372914152906e-01
-3.077714730001441246e-01,3.078597551255952691e-01,-3.078951260132934409e-01,3.066690994460819497e-01,-3.068794878925126812e-01,-3.067472226235589128e-01,-3.075828768278009440e-01,-3.084598980793449297e-01,3.062293868102363703e-01,3.075363373880196649e-01
-3.077714730001441246e-01,-3.078597551255952691e-01,-3.078951260132934409e-01,-3.066690994460819497e-01,-3.068794878925126812e-01,-3.067472226235589128e-01,-3.075828768278009440e-01,-3.084598980793449297e-01,-3.062293868102363703e-01,-3.075363373880196649e-01
9.514603094230055236e-01,9.514317480376658365e-01,9.514203021679000782e-01,9.518161920480913141e-01,9.517483805664337382e-01,9.517910177201364119e-01,9.515212944975715015e-01,9.512373474989720412e-01,9.519577525572374688e-01,9.515363372914152906e-01
-9.416392123016245064e-01,9.416155596601265554e-01,-9.416083486121465951e-01,9.419294165263064622e-01,-9.418742004456228667e-01,-9.419135587991707137e-01,-9.416913320658455433e-01,-9.414570453695055852e-01,9.420451313839681706e-01,9.417012127038747460e-01
-3.366238165311185027e-01,3.366899728324956875e-01,-3.367101391759778073e-01,3.358109204335260056e-01,-3.359657579797655780e-01,-3.358553970837464542e-01,-3.364779860734625760e-01,-3.371329585254467798e-01,3.354861702600605011e-01,3.364503321324734952e-01
3.366238165311185027e-01,3.366899728324956875e-01,-3.367101391759778073e-01,-3.358109204335260056e-01,-3.359657579797655780e-01,-3.358553970837464542e-01,-3.364779860734625760e-01,-3.371329585254467798e-01,-3.354861702600605011e-01,-3.364503321324734952e-01
-9.416392123016245064e-01,-9.416155596601265554e-01,9.416083486121465951e-01,9.419294165263064622e-01,9.418742004456228667e-01,9.419135587991707137e-01,9.416913320658455433e-01,9.414570453695055852e-01,9.420451313839681706e-01,9.417012127038747460e-01
-9.311528390802433774e-01,9.311323303049620081e-01,-9.311277955103857140e-01,9.313894538334590578e-01,-9.313432901838638589e-01,-9.313795139284117841e-01,-9.311971571242881884e-01,-9.310034967425488972e-01,9.314838242947445224e-01,9.312025204031305625e-01
-3.646291133094042292e-01,3.646814822017306890e-01,-3.646930605700765549e-01,3.640242921671725251e-01,-3.641423840058929939e-01,-3.640497232995452692e-01,-3.645159181210660959e-01,-3.650102588327441833e-01,3.637827443368331082e-01,3.645022167214587161e-01
3.646291133094042292e-01,3.646814822017306890e-01,-3.646930605700765549e-01,-3.640242921671725251e-01,-3.641423840058929939e-01,-3.640497232995452692e-01,-3.645159181210660959e-01,3.650102588327441833e-01,-3.637827443368331082e-01,-3.645022167214587161e-01
-9.311528390802433774e-01,-9.311323303049620081e-01,9.311277955103857140e-01,9.313894538334590578e-01,9.313432901838638589e-01,9.313795139284117841e-01,9.311971571242881884e-01,-9.310034967425488972e-01,9.314838242947445224e-01,9.312025204031305625e-01
-9.200047746010566740e-01,9.199861798527912971e-01,-9.199834777900776084e-01,9.201978677560778141e-01,-9.201580922688068487e-01,-9.201918831645753416e-01,-9.200425516895235356e-01,-9.198817232063500882e-01,9.202746846312394036e-01,9.200437614378956797e-01
-3.919071506253219428e-01,3.919507990550185617e-01,-3.919571412709227931e-01,3.914535530266242125e-01,-3.915470408932114621e-01,-3.914676208296576365e-01,-3.918184567891494496e-01,-3.921958889520844593e-01,3.912729288193509403e-01,3.918156161247383640e-01
3.919071506253219428e-01,3.919507990550185617e-01,-3.919571412709227931e-01,3.914535530266242125e-01,-3.915470408932114621e-01,-3.914676208296576365e-01,-3.918184567891494496e-01,3.921958889520844593e-01,-3.912729288193509403e-01,-3.918156161247383640e-01
-9.200047746010566740e-01,-9.199861798527912971e-01,9.199834777900776084e-01,-9.201978677560778141e-01,9.201580922688068487e-01,9.201918831645753416e-01,9.200425516895235356e-01,-9.198817232063500882e-01,9.202746846312394036e-01,9.200437614378956797e-01
-9.081522346406363244e-01,9.081346669450589548e-01,-9.081333258765036387e-01,9.083100455679374852e-01,-9.082746358769786532e-01,-9.083068424392890527e-01,-9.081846851348869265e-01,-9.080501809274683644e-01,9.083724394569892002e-01,9.081819665773855910e-01
-4.186400825496987554e-01,4.186781898936062229e-01,-4.186810987284717567e-01,4.182975748439996533e-01,-4.183744564651885600e-01,-4.183045301905878866e-01,-4.185696808017109194e-01,-4.188613958311175334e-01,4.181620633617523786e-01,4.185755792967771338e-01
4.186400825496987554e-01,4.186781898936062229e-01,-4.186810987284717567e-01,4.182975748439996533e-01,4.183744564651885600e-01,4.183045301905878866e-01,4.185696808017109194e-01,4.188613958311175334e-01,-4.181620633617523786e-01,-4.185755792967771338e-01
-9.081522346406363244e-01,-9.081346669450589548e-01,9.081333258765036387e-01,-9.083100455679374852e-01,-9.082746358769786532e-01,-9.083068424392890527e-01,-9.081846851348869265e-01,-9.080501809274683644e-01,9.083724394569892002e-01,9.081819665773855910e-01
-8.955271701298249676e-01,8.955099775246119220e-01,-8.955097214604715861e-01,8.956563393267035211e-01,-8.956237588838587005e-01,-8.956551884939546460e-01,-8.955553608963706669e-01,-8.954418782082522732e-01,8.957068537083676674e-01,8.955488719765997141e-01
-4.450068399016663401e-01,4.450414364459438499e-01,-4.450419516964536637e-01,4.447468064234852414e-01,-4.448124127345682299e-01,-4.447491240282085423e-01,-4.449501045845153935e-01,-4.451784392250794364e-01,4.446450631906945228e-01,4.449631646568512067e-01
4.450068399016663401e-01,4.450414364459438499e-01,-4.450419516964536637e-01,4.447468064234852414e-01,4.448124127345682299e-01,4.447491240282085423e-01,4.449501045845153935e-01,4.451784392250794364e-01,-4.446450631906945228e-01,-4.449631646568512067e-01
-8.955271701298249676e-01,-8.955099775246119220e-01,8.955097214604715861e-01,-8.956563393267035211e-01,-8.956237588838587005e-01,-8.956551884939546460e-01,-8.955553608963706669e-01,-8.954418782082522732e-01,8.957068537083676674e-01,8.955488719765997141e-01
-8.820547394342638237e-01,-8.820374424239357802e-01,-8.820380998105536996e-01,8.821605650414938715e-01,-8.821296542345705705e-01,-8.821609952642381902e-01,-8.820795621435030265e-01,-8.819828513452923069e-01,8.822012458456124362e-01,8.820694344849115964e-01
-4.711469374213877459e-01,-4.711793184789016542e-01,-4.711780878633766156e-01,4.709487631215014680e-01,-4.710066593159771831e-01,-4.709479572462427766e-01,-4.711004627982506854e-01,-4.712814975498485492e-01,4.708725537005200579e-01,4.711194251434220326e-01
4.711469374213877459e-01,4.711793184789016542e-01,-4.711780878633766156e-01,4.709487631215014680e-01,4.710066593159771831e-01,4.709479572462427766e-01,4.711004627982506854e-01,4.712814975498485492e-01,-4.708725537005200579e-01,-4.711194251434220326e-01
-8.820547394342638237e-01,-8.820374424239357802e-01,8.820380998105536996e-01,-8.821605650414938715e-01,-8.821296542345705705e-01,-8.821609952642381902e-01,-8.820795621435030265e-01,-8.819828513452923069e-01,8.822012458456124362e-01,8.820694344849115964e-01
-8.676694321319916581e-01,-8.676516877860176447e-01,-8.676531425406570630e-01,8.677561229223790251e-01,-8.677260232318260158e-01,-8.677578157442417117e-01,-8.676916087133211830e-01,-8.676083027011152193e-01,8.677886114209176771e-01,8.676779775279553908e-01
-4.971415860132273323e-01,-4.971725542325067249e-01,-4.971700154266368021e-01,4.969902525510142555e-01,-4.970428035957070168e-01,-4.969872968344186681e-01,-4.971028788575745927e-01,-4.972482610166574224e-01,4.969335226045383802e-01,4.971266712951509237e-01
4.971415860132273323e-01,4.971725542325067249e-01,4.971700154266368021e-01,4.969902525510142555e-01,4.970428035957070168e-01,4.969872968344186681e-01,4.971028788575745927e-01,4.972482610166574224e-01,-4.969335226045383802e-01,-4.971266712951509237e-01
-8.676694321319916581e-01,-8.676516877860176447e-01,-8.676531425406570630e-01,-8.677561229223790251e-01,-8.677260232318260158e-01,-8.677578157442417117e-01,-8.676916087133211830e-01,-8.676083027011152193e-01,8.677886114209176771e-01,8.676779775279553908e-01
-8.523299588801426241e-01,-8.523115421613673970e-01,-8.523137057017666773e-01,8.524008635152586777e-01,-8.523709671352729389e-01,-8.524035909695479862e-01,-8.523500589252468451e-01,-8.522775130676508715e-01,8.524264836463945061e-01,8.523330906749135849e-01
-5.230044370704463041e-01,-5.230344492464257256e-01,-5.230309236296859510e-01,5.228888676176239869e-01,-5.229376008520320029e-01,-5.228844213611834046e-01,-5.229716790134323334e-01,-5.230898973591634471e-01,5.228470999998403590e-01,5.229993332123373806e-01
5.230044370704463041e-01,5.230344492464257256e-01,5.230309236296859510e-01,5.228888676176239869e-01,5.229376008520320029e-01,5.228844213611834046e-01,5.229716790134323334e-01,5.230898973591634471e-01,-5.228470999998403590e-01,-5.229993332123373806e-01
-8.523299588801426241e-01,-8.523115421613673970e-01,-8.523137057017666773e-01,-8.524008635152586777e-01,-8.523709671352729389e-01,-8.524035909695479862e-01,-8.523500589252468451e-01,-8.522775130676508715e-01,8.524264836463945061e-01,8.523330906749135849e-01
-8.360340425267516196e-01,-8.360148397056398339e-01,-8.360176333533284598e-01,8.360918469389848617e-01,-8.360617666791423375e-01,-8.360954321855817994e-01,-8.360525024507461378e-01,-8.359886579036273080e-01,8.361116830400555644e-01,8.360324240158105713e-01
-5.486775735679176869e-01,-5.487068322810945142e-01,-5.487025758298385014e-01,5.485894853915422864e-01,-5.486353272414666860e-01,-5.485840211657692089e-01,-5.486494446783348744e-01,-5.487467210439549437e-01,5.485592524822870963e-01,5.486800397264766094e-01
5.486775735679176869e-01,5.487068322810945142e-01,5.487025758298385014e-01,5.485894853915422864e-01,5.486353272414666860e-01,5.485840211657692089e-01,5.486494446783348744e-01,5.487467210439549437e-01,-5.485592524822870963e-01,-5.486800397264766094e-01
-8.360340425267516196e-01,-8.360148397056398339e-01,-8.360176333533284598e-01,-8.360918469389848617e-01,-8.360617666791423375e-01,-8.360954321855817994e-01,-8.360525024507461378e-01,-8.359886579036273080e-01,8.361116830400555644e-01,8.360324240158105713e-01
-8.188339393567369839e-01,-8.188139503795757168e-01,-8.188172928861632283e-01,8.188808318535081288e-01,-8.188503872106434045e-01,-8.188851223892468223e-01,-8.188510789902548881e-01,-8.187943524959137021e-01,8.188957959363818428e-01,8.188282096927488318e-01
-5.740304693633669908e-01,-5.740589818684084245e-01,-5.740542142259521530e-01,5.739635730801273539e-01,-5.740070063727267247e-01,-5.739574516717665942e-01,-5.740060195124223608e-01,-5.740869344627147486e-01,5.739422230483828269e-01,5.740386424373951080e-01
5.740304693633669908e-01,5.740589818684084245e-01,5.740542142259521530e-01,5.739635730801273539e-01,5.740070063727267247e-01,5.739574516717665942e-01,5.740060195124223608e-01,5.740869344627147486e-01,-5.739422230483828269e-01,-5.740386424373951080e-01
-8.188339393567369839e-01,-8.188139503795757168e-01,-8.188172928861632283e-01,-8.188808318535081288e-01,-8.188503872106434045e-01,-8.188851223892468223e-01,-8.188510789902548881e-01,-8.187943524959137021e-01,8.188957959363818428e-01,8.188282096927488318e-01
-8.008531640166893784e-01,-8.008325117270838067e-01,-8.008363093277763856e-01,8.008909714531260438e-01,-8.008601874702453438e-01,-8.008958193936658310e-01,-8.008691991999392634e-01,-8.008183977755448657e-01,8.009018607557406577e-01,8.008439859302384223e-01
-5.988607598469426474e-01,-5.988883770460818878e-01,-5.988832988673721269e-01,5.988101968444325962e-01,-5.988513673067160648e-01,-5.988037128122609687e-01,-5.988393154869240398e-01,-5.989072497342214918e-01,5.987956324473252545e-01,5.988730334548117984e-01
5.988607598469426474e-01,5.988883770460818878e-01,-5.988832988673721269e-01,5.988101968444325962e-01,5.988513673067160648e-01,5.988037128122609687e-01,5.988393154869240398e-01,5.989072497342214918e-01,-5.987956324473252545e-01,-5.988730334548117984e-01
-8.008531640166893784e-01,-8.008325117270838067e-01,8.008363093277763856e-01,-8.008909714531260438e-01,-8.008601874702453438e-01,-8.008958193936658310e-01,-8.008691991999392634e-01,-8.008183977755448657e-01,8.009018607557406577e-01,8.008439859302384223e-01
-7.823046647787308405e-01,-7.822836096128170658e-01,-7.822877472851335057e-01,7.823349644634858269e-01,-7.823040807940021546e-01,-7.823402108577961478e-01,-7.823197157951778946e-01,-7.822739730056257335e-01,7.823425106921044758e-01,7.822927712342071516e-01
-6.228959876780695293e-01,-6.229224302681206638e-01,-6.229172340267613572e-01,6.228579319378669821e-01,-6.228967211127791614e-01,-6.228513421956951568e-01,-6.228770844060264045e-01,-6.229345319999474162e-01,6.228484534491308677e-01,6.229109246711798109e-01
6.228959876780695293e-01,6.229224302681206638e-01,-6.229172340267613572e-01,6.228579319378669821e-01,6.228967211127791614e-01,6.228513421956951568e-01,6.228770844060264045e-01,6.229345319999474162e-01,-6.228484534491308677e-01,-6.229109246711798109e-01
-7.823046647787308405e-01,-7.822836096128170658e-01,7.822877472851335057e-01,-7.823349644634858269e-01,-7.823040807940021546e-01,-7.823402108577961478e-01,-7.823197157951778946e-01,-7.822739730056257335e-01,7.823425106921044758e-01,7.822927712342071516e-01
-7.635107692519963463e-01,-7.634897288991572273e-01,-7.634940620198904515e-01,7.635349815049601307e-01,-7.635044703312219294e-01,-7.635404428208936167e-01,-7.635248652737245401e-01,-7.634835957896372038e-01,7.635398935422774702e-01,7.634970098249383996e-01
-6.457950953949903594e-01,-6.458199701662152847e-01,-6.458148475069055428e-01,6.457664686387953878e-01,-6.458025424107900481e-01,-6.457600112866029862e-01,-6.457784295783971507e-01,-6.458272206713850938e-01,6.457606607478094674e-01,6.458113625420180970e-01
6.457950953949903594e-01,6.458199701662152847e-01,-6.458148475069055428e-01,-6.457664686387953878e-01,6.458025424107900481e-01,-6.457600112866029862e-01,6.457784295783971507e-01,6.458272206713850938e-01,-6.457606607478094674e-01,-6.458113625420180970e-01
-7.635107692519963463e-01,-7.634897288991572273e-01,7.634940620198904515e-01,7.635349815049601307e-01,-7.635044703312219294e-01,7.635404428208936167e-01,-7.635248652737245401e-01,-7.634835957896372038e-01,7.635398935422774702e-01,7.634970098249383996e-01
-7.449258182437208387e-01,-7.449053932175477843e-01,-7.449097388147425391e-01,7.449452846920302518e-01,-7.449158782589652139e-01,-7.449507399898391835e-01,-7.449388976584560007e-01,-7.449017678895029082e-01,7.449482870724513095e-01,7.449112075816182177e-01
-6.671473040595479187e-01,-6.671701096087943039e-01,-6.671652576528188661e-01,6.671255675021831033e-01,-6.671584027183308230e-01,-6.671194757976947054e-01,-6.671326995099283730e-01,-6.671741573195812958e-01,6.671222148810669328e-01,6.671636177275371837e-01
6.671473040595479187e-01,6.671701096087943039e-01,-6.671652576528188661e-01,-6.671255675021831033e-01,6.671584027183308230e-01,-6.671194757976947054e-01,-6.671326995099283730e-01,6.671741573195812958e-01,-6.671222148810669328e-01,-6.671636177275371837e-01
-7.449258182437208387e-01,-7.449053932175477843e-01,7.449097388147425391e-01,7.449452846920302518e-01,-7.449158782589652139e-01,7.449507399898391835e-01,7.449388976584560007e-01,-7.449017678895029082e-01,7.449482870724513095e-01,7.449112075816182177e-01
-7.271638398911466350e-01,-7.271448484908135113e-01,-7.271489748218084026e-01,7.271798933723216951e-01,-7.271526255161834262e-01,-7.271850704238094210e-01,-7.271757454836931256e-01,-7.271426600992639822e-01,7.271817639393711730e-01,7.271496135158096452e-01
-6.864639465804178720e-01,-6.864840634080823234e-01,-6.864796926461793625e-01,6.864469409029505531e-01,-6.864758256522373037e-01,-6.864414566098986370e-01,-6.864513348958067862e-01,-6.864863814117263541e-01,6.864449593332481170e-01,6.864790161132447999e-01
-6.864639465804178720e-01,-6.864840634080823234e-01,-6.864796926461793625e-01,-6.864469409029505531e-01,-6.864758256522373037e-01,-6.864414566098986370e-01,-6.864513348958067862e-01,-6.864863814117263541e-01,-6.864449593332481170e-01,-6.864790161132447999e-01
7.271638398911466350e-01,7.271448484908135113e-01,7.271489748218084026e-01,7.271798933723216951e-01,7.271526255161834262e-01,7.271850704238094210e-01,7.271757454836931256e-01,7.271426600992639822e-01,7.271817639393711730e-01,7.271496135158096452e-01
-7.110363401553605467e-01,-7.110198705932319063e-01,-7.110234827454869899e-01,7.110503740778758575e-01,-7.110266461797503101e-01,-7.110549317576553285e-01,-7.110468064665179666e-01,-7.110179138036880619e-01,7.110519863893592918e-01,7.110240279545040343e-01
-7.031552623556694970e-01,-7.031719161212167668e-01,-7.031682636357232674e-01,7.031410708554242106e-01,-7.031650648477754117e-01,-7.031364618785715948e-01,-7.031446785788585396e-01,-7.031738947445725918e-01,7.031394404040682833e-01,7.031677123356510073e-01
7.031552623556694970e-01,-7.031719161212167668e-01,-7.031682636357232674e-01,-7.031410708554242106e-01,7.031650648477754117e-01,-7.031364618785715948e-01,-7.031446785788585396e-01,-7.031738947445725918e-01,-7.031394404040682833e-01,-7.031677123356510073e-01
-7.110363401553605467e-01,7.110198705932319063e-01,7.110234827454869899e-01,7.110503740778758575e-01,-7.110266461797503101e-01,7.110549317576553285e-01,7.110468064665179666e-01,7.110179138036880619e-01,7.110519863893592918e-01,7.110240279545040343e-01
-6.976100109308985830e-01,-6.975975055109665535e-01,-6.976002228636087876e-01,6.976235597633999586e-01,-6.976052515434217893e-01,-6.976270622296866231e-01,-6.976186383134939106e-01,-6.975943627051265361e-01,6.976259396210459096e-01,6.976015472723391397e-01
-7.164776846831949486e-01,-7.164898605736700343e-01,-7.164872148619565451e-01,7.164644923951513089e-01,-7.164823187064973675e-01,-7.164610820168649807e-01,-7.164692843923081700e-01,-7.164929204967963594e-01,7.164621751131408089e-01,7.164859253629749514e-01
7.164776846831949486e-01,7.164898605736700343e-01,-7.164872148619565451e-01,-7.164644923951513089e-01,7.164823187064973675e-01,-7.164610820168649807e-01,7.164692843923081700e-01,7.164929204967963594e-01,-7.164621751131408089e-01,-7.164859253629749514e-01
-6.976100109308985830e-01,-6.975975055109665535e-01,6.976002228636087876e-01,6.976235597633999586e-01,-6.976052515434217893e-01,6.976270622296866231e-01,-6.976186383134939106e-01,-6.975943627051265361e-01,6.976259396210459096e-01,6.976015472723391397e-01
-6.883020883266243173e-01,-6.882954862051808842e-01,-6.882968044112799388e-01,6.883169373942557012e-01,-6.883065994589642189e-01,-6.883188124772636751e-01,-6.883082934620058380e-01,-6.882894107604233813e-01,6.883213493507882585e-01,6.882999919202352768e-01
-7.254241760550911300e-01,-7.254304402694814469e-01,-7.254291895403853774e-01,7.254100865691021083e-01,-7.254198957440007867e-01,-7.254083073620603006e-01,-7.254182884042981172e-01,-7.254362046624563964e-01,7.254059001882394719e-01,7.254261651764458696e-01
7.254241760550911300e-01,7.254304402694814469e-01,7.254291895403853774e-01,7.254100865691021083e-01,7.254198957440007867e-01,7.254083073620603006e-01,7.254182884042981172e-01,7.254362046624563964e-01,7.254059001882394719e-01,7.254261651764458696e-01
-6.883020883266243173e-01,-6.882954862051808842e-01,-6.882968044112799388e-01,-6.883169373942557012e-01,-6.883065994589642189e-01,-6.883188124772636751e-01,-6.883082934620058380e-01,-6.882894107604233813e-01,-6.883213493507882585e-01,-6.882999919202352768e-01
-6.850441396330835264e-01,-6.850461231407899421e-01,-6.850453480390891192e-01,6.850624923324679649e-01,-6.850636840770775171e-01,-6.850619616257442868e-01,-6.850470642355960260e-01,-6.850348505105599006e-01,6.850705825471975485e-01,6.850518188247591844e-01
-7.285015626300113123e-01,-7.284996974397268676e-01,-7.285004263073585618e-01,7.284843042916074873e-01,-7.284831835799245869e-01,-7.284848033648246846e-01,-7.284988124782298957e-01,-7.285102975153988636e-01,7.284766962150835967e-01,7.284943414501510173e-01
7.285015626300113123e-01,7.284996974397268676e-01,7.285004263073585618e-01,7.284843042916074873e-01,7.284831835799245869e-01,7.284848033648246846e-01,7.284988124782298957e-01,7.285102975153988636e-01,7.284766962150835967e-01,7.284943414501510173e-01
-6.850441396330835264e-01,-6.850461231407899421e-01,-6.850453480390891192e-01,-6.850624923324679649e-01,-6.850636840770775171e-01,-6.850619616257442868e-01,-6.850470642355960260e-01,-6.850348505105599006e-01,-6.850705825471975485e-01,-6.850518188247591844e-01
-6.905646582548008450e-01,-6.905790716134904139e-01,-6.905752050834254030e-01,6.905893993491377669e-01,-6.906072723480198849e-01,-6.905853613647596756e-01,-6.905630055551715829e-01,-6.905595095078653767e-01,6.906034352390184594e-01,6.905869266151740682e-01
-7.232706635620099744e-01,-7.232569016949991214e-01,-7.232605935096871885e-01,7.232470404409527820e-01,-7.232299740608293392e-01,-7.232508960718293523e-01,-7.232722415236243485e-01,-7.232755794496702473e-01,7.232336380700684630e-01,7.232494015125131570e-01
-7.232706635620099744e-01,-7.232569016949991214e-01,-7.232605935096871885e-01,-7.232470404409527820e-01,-7.232299740608293392e-01,-7.232508960718293523e-01,-7.232722415236243485e-01,-7.232755794496702473e-01,-7.232336380700684630e-01,-7.232494015125131570e-01
6.905646582548008450e-01,6.905790716134904139e-01,6.905752050834254030e-01,6.905893993491377669e-01,6.906072723480198849e-01,6.905853613647596756e-01,6.905630055551715829e-01,6.905595095078653767e-01,6.906034352390184594e-01,6.905869266151740682e-01
-7.088570462018088936e-01,7.088895503816632360e-01,-7.088811066234358416e-01,7.088921236676924975e-01,-7.089343539033921004e-01,-7.088829742117753741e-01,-7.088488078178249996e-01,-7.088573095047594474e-01,7.089153697292492895e-01,7.089009266920313079e-01
-7.053521730667925427e-01,7.053195058692784958e-01,-7.053279922648276745e-01,7.053169195488714349e-01,-7.052744727094408805e-01,-7.053261152634767717e-01,-7.053604522903507146e-01,-7.053519084553991902e-01,7.052935548845187252e-01,7.053080717921630383e-01
-7.053521730667925427e-01,-7.053195058692784958e-01,-7.053279922648276745e-01,-7.053169195488714349e-01,-7.052744727094408805e-01,-7.053261152634767717e-01,-7.053604522903507146e-01,-7.053519084553991902e-01,-7.052935548845187252e-01,-7.053080717921630383e-01
7.088570462018088936e-01,7.088895503816632360e-01,7.088811066234358416e-01,7.088921236676924975e-01,7.089343539033921004e-01,7.088829742117753741e-01,7.088488078178249996e-01,7.088573095047594474e-01,7.089153697292492895e-01,7.089009266920313079e-01
-7.458215161973626994e-01,7.458802672695850067e-01,-7.458650648351128343e-01,7.458722519412438468e-01,-7.459500687410866027e-01,-7.458557062128184922e-01,-7.458036330522150870e-01,-7.458292176478263924e-01,7.459093681180737345e-01,7.458970707791626742e-01
-6.661458293625105442e-01,6.660800454133515291e-01,-6.660970687959171244e-01,6.660890209154463060e-01,-6.660018730793241248e-01,-6.661075480054087228e-01,-6.661658509156085373e-01,-6.661372066645363521e-01,6.660474566828522569e-01,6.660612282688916919e-01
-6.661458293625105442e-01,-6.660800454133515291e-01,-6.660970687959171244e-01,-6.660890209154463060e-01,-6.660018730793241248e-01,-6.661075480054087228e-01,-6.661658509156085373e-01,-6.661372066645363521e-01,-6.660474566828522569e-01,-6.660612282688916919e-01
7.458215161973626994e-01,7.458802672695850067e-01,7.458650648351128343e-01,7.458722519412438468e-01,7.459500687410866027e-01,7.458557062128184922e-01,7.458036330522150870e-01,7.458292176478263924e-01,7.459093681180737345e-01,7.458970707791626742e-01
-8.093163285533988560e-01,8.094104735432291475e-01,8.093859737361671636e-01,8.093881151677413399e-01,-8.095144603754809154e-01,-8.093616545686285191e-01,-8.092850420635689934e-01,-8.093340386674012787e-01,8.094443278436030953e-01,8.094347884437936846e-01
-5.873730333755942112e-01,5.872432931234935483e-01,5.872770602698156317e-01,5.872741089348405552e-01,-5.870999390589255462e-01,-5.873105755168488429e-01,-5.874161392847213614e-01,-5.873486305886083114e-01,5.871966281594417358e-01,5.872097778962394043e-01
-5.873730333755942112e-01,-5.872432931234935483e-01,-5.872770602698156317e-01,-5.872741089348405552e-01,-5.870999390589255462e-01,-5.873105755168488429e-01,-5.874161392847213614e-01,-5.873486305886083114e-01,-5.871966281594417358e-01,-5.872097778962394043e-01
8.093163285533988560e-01,8.094104735432291475e-01,8.093859737361671636e-01,8.093881151677413399e-01,8.095144603754809154e-01,8.093616545686285191e-01,8.092850420635689934e-01,8.093340386674012787e-01,8.094443278436030953e-01,8.094347884437936846e-01
-9.032379909470784618e-01,9.033609077306717916e-01,9.033286392759002359e-01,9.033249043772096920e-01,9.034915799555378602e-01,-9.032904614317684988e-01,9.031948469225742349e-01,-9.032649157009771113e-01,9.033964188320972033e-01,9.033910382992217381e-01
-4.291399908070624436e-01,4.288811844602380963e-01,4.289491455451926449e-01,4.289570108203206722e-01,4.286058386786696373e-01,-4.290295354475993639e-01,4.292307869812087562e-01,-4.290833159931843332e-01,4.288063787321059750e-01,4.288177140938257415e-01
-4.291399908070624436e-01,-4.288811844602380963e-01,-4.289491455451926449e-01,-4.289570108203206722e-01,-4.286058386786696373e-01,-4.290295354475993639e-01,-4.292307869812087562e-01,-4.290833159931843332e-01,-4.288063787321059750e-01,-4.288177140938257415e-01
9.032379909470784618e-01,9.033609077306717916e-01,9.033286392759002359e-01,9.033249043772096920e-01,9.034915799555378602e-01,9.032904614317684988e-01,9.031948469225742349e-01,9.032649157009771113e-01,9.033964188320972033e-01,9.033910382992217381e-01
-9.924448939580159390e-01,9.925024316754419429e-01,9.924873247076422267e-01,9.924838935824144004e-01,-9.925620501551549735e-01,-9.924677496349068040e-01,-9.924241173394481308e-01,-9.924585167421690057e-01,9.925168166411336701e-01,9.925161264922034432e-01
-1.226912077398481099e-01,1.222248874752381725e-01,1.223474981136397632e-01,1.223753283120858903e-01,-1.217397905033339583e-01,-1.225061873320024697e-01,-1.228591523779053729e-01,-1.225809632281207040e-01,1.221080205578244232e-01,1.221136300865406088e-01
-1.226912077398481099e-01,-1.222248874752381725e-01,-1.223474981136397632e-01,-1.223753283120858903e-01,-1.217397905033339583e-01,-1.225061873320024697e-01,-1.228591523779053729e-01,-1.225809632281207040e-01,-1.221080205578244232e-01,-1.221136300865406088e-01
9.924448939580159390e-01,9.925024316754419429e-01,9.924873247076422267e-01,9.924838935824144004e-01,9.925620501551549735e-01,9.924677496349068040e-01,9.924241173394481308e-01,9.924585167421690057e-01,9.925168166411336701e-01,9.925161264922034432e-01
-9.459877924229865842e-01,-9.458084704184677172e-01,-9.458549311739214982e-01,-9.458680206819913838e-01,-9.456247744449374215e-01,-9.459189827394701711e-01,-9.460518705127460848e-01,-9.459438988517279157e-01,-9.457669073396216541e-01,9.457664056845740408e-01
3.242022464244878610e-01,3.247250179531574465e-01,3.245896627651233546e-01,3.245515174069161790e-01,3.252595670475526557e-01,3.244029563569448271e-01,3.240152130677418918e-01,3.243302949543746538e-01,3.248460512015614587e-01,-3.248475117320154815e-01
3.242022464244878610e-01,3.247250179531574465e-01,3.245896627651233546e-01,3.245515174069161790e-01,3.252595670475526557e-01,3.244029563569448271e-01,3.240152130677418918e-01,3.243302949543746538e-01,3.248460512015614587e-01,3.248475117320154815e-01
9.459877924229865842e-01,9.458084704184677172e-01,9.458549311739214982e-01,9.458680206819913838e-01,9.456247744449374215e-01,9.459189827394701711e-01,9.460518705127460848e-01,9.459438988517279157e-01,9.457669073396216541e-01,9.457664056845740408e-01
-7.324995957763125176e-01,-7.322235498710846224e-01,-7.322947984453846981e-01,-7.323167490610431596e-01,-7.319425969917021657e-01,-7.323959878601521423e-01,-7.325990581947094960e-01,-7.324304605409650559e-01,-7.321618825884932402e-01,-7.321589935429085871e-01
6.807674655765646454e-01,6.810643677466815538e-01,6.809877591923613194e-01,6.809641540086122102e-01,6.813662999510927687e-01,6.808789297418095243e-01,6.806604292392975930e-01,6.808418468864482209e-01,6.811306612423737583e-01,6.811337667259163009e-01
6.807674655765646454e-01,6.810643677466815538e-01,6.809877591923613194e-01,6.809641540086122102e-01,6.813662999510927687e-01,6.808789297418095243e-01,6.806604292392975930e-01,6.808418468864482209e-01,6.811306612423737583e-01,6.811337667259163009e-01
7.324995957763125176e-01,7.322235498710846224e-01,7.322947984453846981e-01,7.323167490610431596e-01,7.319425969917021657e-01,7.323959878601521423e-01,7.325990581947094960e-01,7.324304605409650559e-01,7.321618825884932402e-01,7.321589935429085871e-01
-5.229309171228871955e-01,-5.227276255694804918e-01,-5.227813120977374828e-01,-5.227984955279033619e-01,-5.225188020626260199e-01,-5.228567036168799698e-01,-5.230074878402116711e-01,-5.228788809568938323e-01,-5.226824857539291713e-01,-5.226792244931111053e-01
8.523750676298645912e-01,8.524997533527460813e-01,8.524668320359262141e-01,8.524562939375607273e-01,8.526277625617396660e-01,8.524205930659406460e-01,8.523280868674167898e-01,8.524069895591345203e-01,8.525274301077317984e-01,8.525294295701937308e-01
8.523750676298645912e-01,8.524997533527460813e-01,8.524668320359262141e-01,8.524562939375607273e-01,8.526277625617396660e-01,8.524205930659406460e-01,8.523280868674167898e-01,8.524069895591345203e-01,8.525274301077317984e-01,8.525294295701937308e-01
5.229309171228871955e-01,5.227276255694804918e-01,5.227813120977374828e-01,5.227984955279033619e-01,5.225188020626260199e-01,5.228567036168799698e-01,5.230074878402116711e-01,5.228788809568938323e-01,5.226824857539291713e-01,5.226792244931111053e-01
-3.807046830422716188e-01,-3.805754703104298198e-01,-3.806107823222628639e-01,3.806218097918299126e-01,-3.804401371172545510e-01,-3.806584784432140434e-01,-3.807561735796340385e-01,-3.806711767648575662e-01,3.805458588007269993e-01,3.805437168497424194e-01
9.246966769215099191e-01,9.247498642324827323e-01,9.247353309893782125e-01,-9.247307921286020971e-01,9.248055482479571321e-01,9.247156983577694556e-01,9.246754761974579351e-01,9.247104710018474449e-01,-9.247620501240398916e-01,-9.247629315485039747e-01
9.246966769215099191e-01,9.247498642324827323e-01,9.247353309893782125e-01,9.247307921286020971e-01,9.248055482479571321e-01,9.247156983577694556e-01,9.246754761974579351e-01,9.247104710018474449e-01,9.247620501240398916e-01,9.247629315485039747e-01
3.807046830422716188e-01,3.805754703104298198e-01,3.806107823222628639e-01,3.806218097918299126e-01,3.804401371172545510e-01,3.806584784432140434e-01,3.807561735796340385e-01,3.806711767648575662e-01,3.805458588007269993e-01,3.805437168497424194e-01
-2.886522329394636821e-01,2.885676636927983485e-01,-2.885915827702902892e-01,2.885981762144012031e-01,-2.884767080309952325e-01,-2.886219292160533967e-01,-2.886876464908698647e-01,-2.886304438272795370e-01,2.885467094354549067e-01,2.885460472227713291e-01
9.574340125664334566e-01,-9.574595048725977886e-01,9.574522956023129305e-01,-9.574503082070219273e-01,9.574869131865980654e-01,9.574431481689152923e-01,9.574233351885478305e-01,9.574405813919042441e-01,-9.574658200029759758e-01,-9.574660195704672860e-01
9.574340125664334566e-01,9.574595048725977886e-01,9.574522956023129305e-01,9.574503082070219273e-01,9.574869131865980654e-01,9.574431481689152923e-01,9.574233351885478305e-01,9.574405813919042441e-01,9.574658200029759758e-01,9.574660195704672860e-01
2.886522329394636821e-01,2.885676636927983485e-01,2.885915827702902892e-01,2.885981762144012031e-01,2.884767080309952325e-01,2.886219292160533967e-01,2.886876464908698647e-01,2.886304438272795370e-01,2.885467094354549067e-01,2.885460472227713291e-01
2.248043138912253491e-01,2.247421877364814968e-01,2.247602267382385055e-01,2.247639512117659277e-01,2.246733601792770540e-01,2.247812524162901560e-01,2.248310968967279222e-01,-2.247888515522432629e-01,2.247248844081509711e-01,2.247256660463309574e-01
-9.744039308499814478e-01,-9.744182618626460179e-01,-9.744141011277370756e-01,-9.744132420260280814e-01,-9.744341338570570166e-01,-9.744092510655695261e-01,-9.743977513665628143e-01,9.744074980303792932e-01,-9.744222525823921233e-01,-9.744220723177574595e-01
9.744039308499814478e-01,9.744182618626460179e-01,9.744141011277370756e-01,9.744132420260280814e-01,9.744341338570570166e-01,9.744092510655695261e-01,9.743977513665628143e-01,9.744074980303792932e-01,9.744222525823921233e-01,9.744220723177574595e-01
2.248043138912253491e-01,2.247421877364814968e-01,2.247602267382385055e-01,2.247639512117659277e-01,2.246733601792770540e-01,2.247812524162901560e-01,2.248310968967279222e-01,2.247888515522432629e-01,2.247248844081509711e-01,2.247256660463309574e-01
1.732961296446422772e-01,1.732406195484421096e-01,1.732569571402371444e-01,1.732590036629117480e-01,1.731775846506243832e-01,1.732743823146256634e-01,1.733201712563645913e-01,1.732830388424445034e-01,1.732232983564374884e-01,1.732254209338355833e-01
-9.848697636998444693e-01,-9.848795295560123231e-01,-9.848766556287675833e-01,-9.848762956075931552e-01,-9.848906153348074843e-01,-9.848735900781810937e-01,-9.848655330732538626e-01,-9.848720670470494376e-01,-9.848825762021160557e-01,-9.848822028762096448e-01
9.848697636998444693e-01,9.848795295560123231e-01,9.848766556287675833e-01,9.848762956075931552e-01,9.848906153348074843e-01,9.848735900781810937e-01,9.848655330732538626e-01,9.848720670470494376e-01,9.848825762021160557e-01,9.848822028762096448e-01
1.732961296446422772e-01,1.732406195484421096e-01,1.732569571402371444e-01,1.732590036629117480e-01,1.731775846506243832e-01,1.732743823146256634e-01,1.733201712563645913e-01,1.732830388424445034e-01,1.732232983564374884e-01,1.732254209338355833e-01
1.215998565298198886e-01,1.215374584605380809e-01,1.215559178550212199e-01,1.215572762948455982e-01,1.214656697102709793e-01,1.215745088848698141e-01,1.216267622265617132e-01,1.215857153595712170e-01,1.215167252184365110e-01,1.215201523420187113e-01
-9.925792033343874277e-01,-9.925868456668931472e-01,-9.925845852290993143e-01,-9.925844188681275382e-01,-9.925956332171904650e-01,-9.925823083197700125e-01,-9.925759067750352660e-01,-9.925809356523535021e-01,-9.925893841323244482e-01,-9.925889645642715919e-01
9.925792033343874277e-01,9.925868456668931472e-01,9.925845852290993143e-01,9.925844188681275382e-01,9.925956332171904650e-01,9.925823083197700125e-01,9.925759067750352660e-01,9.925809356523535021e-01,9.925893841323244482e-01,9.925889645642715919e-01
1.215998565298198886e-01,1.215374584605380809e-01,1.215559178550212199e-01,1.215572762948455982e-01,1.214656697102709793e-01,1.215745088848698141e-01,1.216267622265617132e-01,1.215857153595712170e-01,1.215167252184365110e-01,1.215201523420187113e-01
5.766782529688447428e-02,5.758472851419083050e-02,5.760940513934409424e-02,5.761093382023125403e-02,5.748873839238589911e-02,5.763382602853567294e-02,5.770372218496088584e-02,5.764917948652367730e-02,5.755672863448306475e-02,5.756161793016670303e-02
-9.983358262255882520e-01,-9.983406227545521539e-01,-9.983391990899139756e-01,-9.983391108758393750e-01,-9.983461548771807026e-01,-9.983377895769107724e-01,-9.983337520318548153e-01,-9.983369031066269272e-01,-9.983422374060392235e-01,-9.983419555148734803e-01
9.983358262255882520e-01,9.983406227545521539e-01,9.983391990899139756e-01,9.983391108758393750e-01,9.983461548771807026e-01,9.983377895769107724e-01,9.983337520318548153e-01,9.983369031066269272e-01,9.983422374060392235e-01,9.983419555148734803e-01
5.766782529688447428e-02,5.758472851419083050e-02,5.760940513934409424e-02,5.761093382023125403e-02,5.748873839238589911e-02,5.763382602853567294e-02,5.770372218496088584e-02,5.764917948652367730e-02,5.755672863448306475e-02,5.756161793016670303e-02
-3.128731476243789417e-02,-3.140537242789975814e-02,-3.137020400955237154e-02,-3.136790158725084182e-02,-3.154188146118019204e-02,-3.133541433915850577e-02,-3.123604080455347209e-02,-3.131388975386116547e-02,-3.144506300583300301e-02,-3.143822984156627309e-02
-9.995104321291278238e-01,-9.995067296335050644e-01,-9.995078340365317615e-01,-9.995079062968998951e-01,-9.995024310695242997e-01,-9.995089253269296981e-01,-9.995120358229090396e-01,-9.995095999081162752e-01,-9.995054817321209484e-01,-9.995056966843304247e-01
9.995104321291278238e-01,9.995067296335050644e-01,9.995078340365317615e-01,9.995079062968998951e-01,9.995024310695242997e-01,9.995089253269296981e-01,9.995120358229090396e-01,9.995095999081162752e-01,9.995054817321209484e-01,9.995056966843304247e-01
-3.128731476243789417e-02,-3.140537242789975814e-02,-3.137020400955237154e-02,-3.136790158725084182e-02,-3.154188146118019204e-02,-3.133541433915850577e-02,-3.123604080455347209e-02,-3.131388975386116547e-02,-3.144506300583300301e-02,-3.143822984156627309e-02
-1.565493291916722485e-01,-1.567115246650045701e-01,-1.566632217876995914e-01,-1.566601692829614201e-01,-1.568991928910403177e-01,-1.566154789902916289e-01,-1.564788545841100942e-01,-1.565858116586663351e-01,-1.567662786543432274e-01,-1.567567593245007274e-01
-9.876701410540046355e-01,-9.876444188255050216e-01,-9.876520819292075037e-01,-9.876525661183864768e-01,-9.876146228515150227e-01,-9.876596537981298107e-01,-9.876813089595473105e-01,-9.876643577588474221e-01,-9.876357293440070073e-01,-9.876372402892068525e-01
9.876701410540046355e-01,9.876444188255050216e-01,9.876520819292075037e-01,9.876525661183864768e-01,9.876146228515150227e-01,9.876596537981298107e-01,9.876813089595473105e-01,9.876643577588474221e-01,9.876357293440070073e-01,9.876372402892068525e-01
-1.565493291916722485e-01,-1.567115246650045701e-01,-1.566632217876995914e-01,-1.566601692829614201e-01,-1.568991928910403177e-01,-1.566154789902916289e-01,-1.564788545841100942e-01,-1.565858116586663351e-01,-1.567662786543432274e-01,-1.567567593245007274e-01
-3.187808628504929520e-01,-3.189770825720635306e-01,-3.189189644469777041e-01,-3.189162108074416468e-01,-3.192043002852821276e-01,-3.188619369238479551e-01,-3.186963741676359652e-01,-3.188244951406195016e-01,-3.190445314961491974e-01,-3.190320421912875570e-01
-9.478284451736480598e-01,-9.477624284565276946e-01,-9.477819865961092383e-01,-9.477829131632535820e-01,-9.476859261798622480e-01,-9.478011738656858531e-01,-9.478568568578286113e-01,-9.478137693124788488e-01,-9.477397253056362159e-01,-9.477439295797449592e-01
9.478284451736480598e-01,9.477624284565276946e-01,9.477819865961092383e-01,9.477829131632535820e-01,9.476859261798622480e-01,9.478011738656858531e-01,9.478568568578286113e-01,9.478137693124788488e-01,9.477397253056362159e-01,9.477439295797449592e-01
-3.187808628504929520e-01,-3.189770825720635306e-01,-3.189189644469777041e-01,-3.189162108074416468e-01,-3.192043002852821276e-01,-3.188619369238479551e-01,-3.186963741676359652e-01,-3.188244951406195016e-01,-3.190445314961491974e-01,-3.190320421912875570e-01
-4.957108917653586522e-01,-4.959032729374696635e-01,-4.958468213592249207e-01,-4.958458815134606512e-01,-4.961264331370220382e-01,-4.957923752561682051e-01,-4.956294838337950148e-01,-4.957526839704802790e-01,-4.959716162752372814e-01,-4.959575597651288970e-01
-8.684876002483817858e-01,-8.683777656584173998e-01,-8.684100009488335825e-01,-8.684105375835434737e-01,-8.682502878448910000e-01,-8.684410864519519491e-01,-8.685340607913116795e-01,-8.684637449750362004e-01,-8.683387333577425871e-01,-8.683467619055297293e-01
8.684876002483817858e-01,8.683777656584173998e-01,8.684100009488335825e-01,8.684105375835434737e-01,8.682502878448910000e-01,8.684410864519519491e-01,8.685340607913116795e-01,8.684637449750362004e-01,8.683387333577425871e-01,8.683467619055297293e-01
-4.957108917653586522e-01,-4.959032729374696635e-01,-4.958468213592249207e-01,-4.958458815134606512e-01,-4.961264331370220382e-01,-4.957923752561682051e-01,-4.956294838337950148e-01,-4.957526839704802790e-01,-4.959716162752372814e-01,-4.959575597651288970e-01
-6.495752373269495505e-01,-6.497243240965793198e-01,-6.496809629459928681e-01,-6.496822334481646699e-01,-6.498981216281356499e-01,6.496405310665392951e-01,-6.495133702913552520e-01,6.496065012837433095e-01,-6.497798808734669418e-01,-6.497669038881724868e-01
-7.602973175354736934e-01,-7.601699169772788700e-01,-7.602069760174312574e-01,-7.602058902309323241e-01,-7.600213362164387476e-01,7.602415276710320358e-01,-7.603501705219541940e-01,7.602706054359158472e-01,-7.601224285679663017e-01,-7.601335215681377377e-01
7.602973175354736934e-01,7.601699169772788700e-01,7.602069760174312574e-01,7.602058902309323241e-01,7.600213362164387476e-01,7.602415276710320358e-01,7.603501705219541940e-01,7.602706054359158472e-01,7.601224285679663017e-01,7.601335215681377377e-01
-6.495752373269495505e-01,-6.497243240965793198e-01,-6.496809629459928681e-01,-6.496822334481646699e-01,-6.498981216281356499e-01,-6.496405310665392951e-01,-6.495133702913552520e-01,-6.496065012837433095e-01,-6.497798808734669418e-01,-6.497669038881724868e-01
7.580354981681789450e-01,-7.581319412430334026e-01,-7.581040199035344873e-01,-7.581066313208052465e-01,7.582455902932933034e-01,7.580795101220407783e-01,7.579961255808148612e-01,7.580547292078986255e-01,-7.581702955317782822e-01,-7.581600005660700248e-01
6.522132960289298564e-01,-6.521011882116681813e-01,-6.521336481167807619e-01,-6.521306123372992980e-01,6.519690366886876642e-01,6.521621396041991092e-01,6.522590540609409793e-01,6.521909440689432902e-01,-6.520565949158524388e-01,-6.520685650617246143e-01
6.522132960289298564e-01,6.521011882116681813e-01,6.521336481167807619e-01,6.521306123372992980e-01,6.519690366886876642e-01,6.521621396041991092e-01,6.522590540609409793e-01,6.521909440689432902e-01,6.520565949158524388e-01,6.520685650617246143e-01
-7.580354981681789450e-01,-7.581319412430334026e-01,-7.581040199035344873e-01,-7.581066313208052465e-01,-7.582455902932933034e-01,-7.580795101220407783e-01,-7.579961255808148612e-01,-7.580547292078986255e-01,-7.581702955317782822e-01,-7.581600005660700248e-01
8.245537760426303597e-01,-8.246101912616556895e-01,8.245938439967686051e-01,-8.245968768367218926e-01,8.246779618593382821e-01,8.245809210720803639e-01,8.245310282239640687e-01,8.245642016463905488e-01,-8.246347134391118772e-01,-8.246270720856655467e-01
5.657835897353683530e-01,-5.657013633246923412e-01,5.657251916280843229e-01,-5.657207709737411827e-01,5.656025629570006208e-01,5.657440274575769035e-01,5.658167402047526995e-01,5.657683955146758370e-01,-5.656656162355934159e-01,-5.656767557390198764e-01
5.657835897353683530e-01,5.657013633246923412e-01,5.657251916280843229e-01,5.657207709737411827e-01,5.656025629570006208e-01,5.657440274575769035e-01,5.658167402047526995e-01,5.657683955146758370e-01,5.656656162355934159e-01,5.656767557390198764e-01
-8.245537760426303597e-01,-8.246101912616556895e-01,-8.245938439967686051e-01,-8.245968768367218926e-01,-8.246779618593382821e-01,-8.245809210720803639e-01,-8.245310282239640687e-01,-8.245642016463905488e-01,-8.246347134391118772e-01,-8.246270720856655467e-01
8.624905037010477393e-01,-8.625217777147894394e-01,8.625126486350276345e-01,-8.625156453484521535e-01,8.625605952329689075e-01,8.625067303949807140e-01,8.624780184742358857e-01,8.624955719031346391e-01,-8.625372231919882227e-01,-8.625315631601534472e-01
5.060732467000335078e-01,-5.060199432509745465e-01,5.060355036403959561e-01,-5.060303958549754455e-01,5.059537721485494188e-01,5.060455908545790082e-01,5.060945244208392424e-01,5.060646089655790325e-01,-5.059936151852653108e-01,-5.060032633812773240e-01
5.060732467000335078e-01,5.060199432509745465e-01,5.060355036403959561e-01,5.060303958549754455e-01,5.059537721485494188e-01,5.060455908545790082e-01,5.060945244208392424e-01,5.060646089655790325e-01,5.059936151852653108e-01,5.060032633812773240e-01
-8.624905037010477393e-01,-8.625217777147894394e-01,-8.625126486350276345e-01,-8.625156453484521535e-01,-8.625605952329689075e-01,-8.625067303949807140e-01,-8.624780184742358857e-01,-8.624955719031346391e-01,-8.625372231919882227e-01,-8.625315631601534472e-01
8.830892544880657447e-01,-8.831055439793077388e-01,8.831006995637789014e-01,-8.831035258308361779e-01,8.831270216619687696e-01,8.830988175581305777e-01,8.830828108322630321e-01,8.830912164388368124e-01,-8.831153865701205641e-01,-8.831110649629358988e-01
4.692050389837179036e-01,-4.691743793015673569e-01,4.691834976104387045e-01,-4.691781779507073757e-01,4.691339506052194519e-01,4.691870399184439044e-01,4.692171663660543723e-01,4.692013463840184473e-01,-4.691558525725822437e-01,-4.691639872582178405e-01
4.692050389837179036e-01,4.691743793015673569e-01,4.691834976104387045e-01,4.691781779507073757e-01,4.691339506052194519e-01,4.691870399184439044e-01,4.692171663660543723e-01,4.692013463840184473e-01,4.691558525725822437e-01,4.691639872582178405e-01
-8.830892544880657447e-01,-8.831055439793077388e-01,-8.831006995637789014e-01,-8.831035258308361779e-01,-8.831270216619687696e-01,-8.830988175581305777e-01,-8.830828108322630321e-01,-8.830912164388368124e-01,-8.831153865701205641e-01,-8.831110649629358988e-01
8.933283290213469563e-01,-8.933355158952064334e-01,8.933332648127484399e-01,-8.933359231537532086e-01,8.933464296066714327e-01,8.933337737994202499e-01,8.933255159927367961e-01,8.933284433225771037e-01,-8.933418750095368788e-01,-8.933384346074770832e-01
4.494046022994513945e-01,-4.493903159172939477e-01,4.493947907786605134e-01,-4.493895063339055085e-01,4.493686200760045879e-01,4.493937789837396113e-01,4.494101940057773636e-01,4.494043750909211266e-01,-4.493776745171536025e-01,-4.493845138109039405e-01
4.494046022994513945e-01,4.493903159172939477e-01,4.493947907786605134e-01,4.493895063339055085e-01,4.493686200760045879e-01,4.493937789837396113e-01,4.494101940057773636e-01,4.494043750909211266e-01,4.493776745171536025e-01,4.493845138109039405e-01
-8.933283290213469563e-01,-8.933355158952064334e-01,-8.933332648127484399e-01,-8.933359231537532086e-01,-8.933464296066714327e-01,-8.933337737994202499e-01,-8.933255159927367961e-01,-8.933284433225771037e-01,-8.933418750095368788e-01,-8.933384346074770832e-01
8.971415926320898127e-01,-8.971429376556963042e-01,8.971423427938510775e-01,-8.971448785481235255e-01,8.971470791763515029e-01,8.971443718692527769e-01,8.971410842026550370e-01,8.971405327250545625e-01,-8.971470487241411940e-01,-8.971441889507641987e-01
4.417430958934810414e-01,-4.417403642576795963e-01,4.417415723772897818e-01,-4.417364224227751102e-01,4.417319530273322581e-01,4.417374514610732383e-01,4.417441284676962843e-01,4.417452484654534883e-01,-4.417320148750407682e-01,-4.417378229582287763e-01
-4.417430958934810414e-01,-4.417403642576795963e-01,-4.417415723772897818e-01,-4.417364224227751102e-01,-4.417319530273322581e-01,-4.417374514610732383e-01,-4.417441284676962843e-01,-4.417452484654534883e-01,4.417320148750407682e-01,-4.417378229582287763e-01
8.971415926320898127e-01,8.971429376556963042e-01,8.971423427938510775e-01,8.971448785481235255e-01,8.971470791763515029e-01,8.971443718692527769e-01,8.971410842026550370e-01,8.971405327250545625e-01,-8.971470487241411940e-01,8.971441889507641987e-01
8.967071044572705318e-01,-8.967044187033288427e-01,8.967049585451605243e-01,-8.967074245701540658e-01,8.967039193689788634e-01,8.967080501693809325e-01,8.967081676917513233e-01,8.967052292891941612e-01,-8.967070066874397449e-01,-8.967045306981858976e-01
4.426244105512682214e-01,-4.426298515440695303e-01,4.426287579004803407e-01,-4.426237620381007765e-01,4.426308631222093948e-01,4.426224946401020044e-01,4.426222565516808594e-01,4.426282094098991649e-01,-4.426246086218567077e-01,-4.426296246585245120e-01
-4.426244105512682214e-01,-4.426298515440695303e-01,-4.426287579004803407e-01,-4.426237620381007765e-01,-4.426308631222093948e-01,-4.426224946401020044e-01,-4.426222565516808594e-01,-4.426282094098991649e-01,-4.426246086218567077e-01,-4.426296246585245120e-01
8.967071044572705318e-01,8.967044187033288427e-01,8.967049585451605243e-01,8.967074245701540658e-01,8.967039193689788634e-01,8.967080501693809325e-01,8.967081676917513233e-01,8.967052292891941612e-01,8.967070066874397449e-01,8.967045306981858976e-01
